ms,mV,uA,p_mW
# meta, firmware=TXSD_UCCS_D4B_SCAN90, cond_id=4, tag=s4_ablation_ccs_off, subject=uccs_d4b_scan90
# meta, ablation=ccs_off policy=U_only actions{100,500} u_mid=0.20 u_high=0.35 hyst=0.02 ema_alpha=0.20
11,4936,56100,276.9
21,4940,57700,285.0
31,4936,56200,277.4
41,4940,57700,285.0
51,4936,56200,277.4
61,4940,57700,285.0
71,4936,56200,277.4
81,4940,57700,285.0
91,4936,56200,277.4
101,4940,57100,282.1
111,4936,56800,280.4
121,4940,57100,282.1
131,4936,56800,280.4
141,4940,56100,277.1
151,4940,57800,285.5
161,4936,56100,276.9
171,4940,57800,285.5
181,4936,56200,277.4
191,4940,57800,285.5
201,4936,56200,277.4
211,4940,57700,285.0
221,4940,56200,277.6
231,4940,57800,285.5
241,4936,56100,276.9
251,4940,57700,285.0
261,4936,56200,277.4
271,4936,57100,281.8
281,4936,56700,279.9
291,4936,57100,281.8
301,4936,56800,280.4
311,4940,57100,282.1
321,4940,56900,281.1
331,4936,56100,276.9
341,4940,57700,285.0
351,4940,114000,563.2
361,4940,57700,285.0
371,4812,194100,934.0
381,4940,57800,285.5
391,4940,56200,277.6
401,4936,57800,285.3
411,4936,56200,277.4
421,4940,57700,285.0
431,4936,56200,277.4
441,4940,57700,285.0
451,4936,56200,277.4
461,4940,57100,282.1
471,4940,56800,280.6
481,4940,57100,282.1
491,4936,56800,280.4
501,4936,56200,277.4
511,4940,57700,285.0
521,4936,56200,277.4
531,4940,57800,285.5
541,4936,56100,276.9
551,4940,57800,285.5
561,4936,56100,276.9
571,4940,57700,285.0
581,4936,56200,277.4
591,4940,57700,285.0
601,4936,56100,276.9
611,4940,57800,285.5
621,4936,56100,276.9
631,4940,57100,282.1
641,4936,56800,280.4
651,4940,57100,282.1
661,4936,56700,279.9
671,4940,57100,282.1
681,4936,56900,280.9
691,4936,56100,276.9
701,4940,57700,285.0
711,4936,56200,277.4
721,4940,57700,285.0
731,4936,56100,276.9
741,4940,57700,285.0
751,4936,56100,276.9
761,4940,57700,285.0
771,4936,56100,276.9
781,4940,57800,285.5
791,4936,56100,276.9
801,4940,57800,285.5
811,4936,56300,277.9
821,4936,57100,281.8
831,4936,56800,280.4
841,4940,57000,281.6
851,4900,60800,297.9
861,4936,56100,276.9
871,4816,145800,702.2
881,4936,56200,277.4
891,4940,57800,285.5
901,4936,56200,277.4
911,4940,57700,285.0
921,4936,56100,276.9
931,4940,57700,285.0
941,4936,56200,277.4
951,4940,57700,285.0
961,4940,56100,277.1
971,4940,57700,285.0
981,4936,56200,277.4
991,4940,57100,282.1
1001,4936,56800,280.4
1011,4940,57100,282.1
1021,4936,56900,280.9
1031,4940,57100,282.1
1041,4940,56900,281.1
1051,4936,56100,276.9
1061,4940,57700,285.0
1071,4936,56100,276.9
1081,4940,57700,285.0
1091,4940,56200,277.6
1101,4940,57700,285.0
1111,4936,56100,276.9
1121,4940,57700,285.0
1131,4936,56100,276.9
1141,4940,57700,285.0
1151,4936,56200,277.4
1161,4940,57900,286.0
1171,4936,56400,278.4
1181,4940,57100,282.1
1191,4940,56800,280.6
1201,4940,57100,282.1
1211,4940,56700,280.1
1221,4940,56200,277.6
1231,4940,57800,285.5
1241,4936,56200,277.4
1251,4940,57800,285.5
1261,4936,56100,276.9
1271,4940,57800,285.5
1281,4936,56200,277.4
1291,4940,57700,285.0
1301,4940,56200,277.6
1311,4936,57700,284.8
1321,4940,56200,277.6
1331,4940,57700,285.0
1341,4936,56200,277.4
1351,4924,71700,353.1
1361,4940,56800,280.6
1371,4940,57100,282.1
1381,4828,137300,662.9
1391,4936,57100,281.8
1401,4940,57000,281.6
1411,4936,56200,277.4
1421,4940,57800,285.5
1431,4940,56200,277.6
1441,4940,57700,285.0
1451,4940,56200,277.6
1461,4940,57700,285.0
1471,4936,56100,276.9
1481,4940,57700,285.0
1491,4936,56200,277.4
1501,4940,57700,285.0
1511,4936,56100,276.9
1521,4936,57800,285.3
1531,4936,56400,278.4
1541,4940,57100,282.1
1551,4940,56800,280.6
1561,4940,57100,282.1
1571,4940,56800,280.6
1581,4936,56200,277.4
1591,4936,57700,284.8
1601,4936,56200,277.4
1611,4940,57700,285.0
1621,4936,56100,276.9
1631,4940,57700,285.0
1641,4936,56200,277.4
1651,4940,57800,285.5
1661,4936,56100,276.9
1671,4940,57700,285.0
1681,4936,56100,276.9
1691,4940,57700,285.0
1701,4936,56200,277.4
1711,4940,57100,282.1
1721,4936,56800,280.4
1731,4940,57100,282.1
1741,4940,56800,280.6
1751,4936,57100,281.8
1761,4936,57100,281.8
1771,4936,56200,277.4
1781,4940,57700,285.0
1791,4940,56100,277.1
1801,4940,57700,285.0
1811,4936,56100,276.9
1821,4940,57700,285.0
1831,4936,56100,276.9
1841,4940,57700,285.0
1851,4932,75200,370.9
1861,4792,142500,682.9
1871,4940,56200,277.6
1881,4940,57500,284.1
1891,4936,56900,280.9
1901,4940,57100,282.1
1911,4936,56800,280.4
1921,4940,57100,282.1
1931,4940,56900,281.1
1941,4936,56200,277.4
1951,4892,57900,283.2
1961,4936,59100,291.7
1971,4940,57800,285.5
1981,4940,56200,277.6
1991,4940,57700,285.0
2001,4936,56100,276.9
2011,4940,57700,285.0
2021,4936,56200,277.4
2031,4940,57800,285.5
2041,4936,56100,276.9
2051,4924,68400,336.8
2061,4936,56700,279.9
2071,4856,57200,277.8
2081,4936,56800,280.4
2091,4940,57100,282.1
2101,4936,56800,280.4
2111,4936,56100,276.9
2121,4940,57700,285.0
2131,4936,56200,277.4
2141,4940,57700,285.0
2151,4936,122300,603.7
2161,4940,57800,285.5
2171,4936,59100,291.7
2181,4940,57700,285.0
2191,4936,56200,277.4
2201,4940,57800,285.5
2211,4936,56200,277.4
2221,4940,57700,285.0
2231,4936,56400,278.4
2241,4940,57100,282.1
2251,4900,63500,311.1
2261,4940,57100,282.1
2271,4940,56800,280.6
2281,4888,56100,274.2
2291,4940,57700,285.0
2301,4936,56200,277.4
2311,4940,57700,285.0
2321,4940,56100,277.1
2331,4940,57800,285.5
2341,4936,56200,277.4
2351,4908,57900,284.2
2361,4936,56100,276.9
2371,4940,57700,285.0
2381,4796,72300,346.8
2391,4940,57700,285.0
2401,4936,56300,277.9
2411,4940,57100,282.1
2421,4940,56800,280.6
2431,4940,57100,282.1
2441,4940,56800,280.6
2451,4932,91500,451.3
2461,4940,57700,285.0
2471,4936,56100,276.9
2481,4940,57700,285.0
2491,4724,133800,632.1
2501,4940,57700,285.0
2511,4936,56100,276.9
2521,4940,57800,285.5
2531,4936,56200,277.4
2541,4940,57700,285.0
2551,4932,75600,372.9
2561,4940,57800,285.5
2571,4940,56200,277.6
2581,4940,57100,282.1
2591,4940,56800,280.6
2601,4824,213700,1030.9
2611,4940,56800,280.6
2621,4940,56200,277.6
2631,4940,57800,285.5
2641,4936,56200,277.4
2651,4896,58100,284.5
2661,4940,56200,277.6
2671,4940,57700,285.0
2681,4936,56200,277.4
2691,4940,57700,285.0
2701,4720,133700,631.1
2711,4940,57700,285.0
2721,4940,56100,277.1
2731,4940,57700,285.0
2741,4936,56200,277.4
2751,4920,70900,348.8
2761,4940,56800,280.6
2771,4940,57000,281.6
2781,4940,56800,280.6
2791,4936,56400,278.4
2801,4936,57900,285.8
2811,4936,56100,276.9
2821,4940,57700,285.0
2831,4936,56200,277.4
2841,4940,57700,285.0
2851,4936,126700,625.4
2861,4940,57800,285.5
2871,4940,56100,277.1
2881,4940,57800,285.5
2891,4936,56100,276.9
2901,4936,57700,284.8
2911,4820,133200,642.0
2921,4940,57200,282.6
2931,4936,56900,280.9
2941,4940,57100,282.1
2951,4900,63200,309.7
2961,4936,56700,279.9
2971,4936,57700,284.8
2981,4936,56100,276.9
2991,4940,57800,285.5
3001,4936,56200,277.4
3011,4940,57800,285.5
3021,4808,201500,968.8
3031,4940,57800,285.5
3041,4936,56200,277.4
3051,4908,58500,287.1
3061,4936,56200,277.4
3071,4940,57800,285.5
3081,4940,56200,277.6
3091,4940,57100,282.1
3101,4940,56800,280.6
3111,4940,57100,282.1
3121,4820,206600,995.8
3131,4940,57000,281.6
3141,4936,57500,283.8
3151,4932,97300,479.9
3161,4940,57800,285.5
3171,4936,56100,276.9
3181,4936,57700,284.8
3191,4936,56100,276.9
3201,4940,57800,285.5
3211,4936,56100,276.9
3221,4812,144300,694.4
3231,4936,56200,277.4
3241,4940,57800,285.5
3251,4928,72500,357.3
3261,4940,57000,281.6
3271,4940,56800,280.6
3281,4936,57100,281.8
3291,4936,56800,280.4
3301,4936,57100,281.8
3311,4936,57300,282.8
3321,4936,56200,277.4
3331,4828,187700,906.2
3341,4936,56200,277.4
3351,4892,57900,283.2
3361,4936,56100,276.9
3371,4940,57700,285.0
3381,4936,56200,277.4
3391,4940,57800,285.5
3401,4936,56100,276.9
3411,4940,57800,285.5
3421,4936,56200,277.4
3431,4740,139500,661.2
3441,4940,56800,280.6
3451,4924,73200,360.4
3461,4936,56800,280.4
3471,4940,57100,282.1
3481,4936,56900,280.9
3491,4940,56200,277.6
3501,4940,57800,285.5
3511,4936,56100,276.9
3521,4940,57700,285.0
3531,4940,56200,277.6
3541,4820,212400,1023.8
3551,4936,132900,656.0
3561,4940,57800,285.5
3571,4940,56200,277.6
3581,4940,57700,285.0
3591,4936,56100,276.9
3601,4940,57100,282.1
3612,4936,56700,279.9
3621,4940,57100,282.1
3631,4936,56800,280.4
3641,4720,136200,642.9
3651,4896,61400,300.6
3661,4936,56200,277.4
3671,4940,57700,285.0
3681,4936,56200,277.4
3691,4940,57700,285.0
3701,4936,56200,277.4
3711,4940,57700,285.0
3721,4936,56200,277.4
3731,4940,57700,285.0
3741,4936,56100,276.9
3751,4804,65700,315.6
3761,4936,56100,276.9
3771,4940,57500,284.1
3781,4936,56900,280.9
3791,4940,57100,282.1
3801,4940,56800,280.6
3811,4940,57100,282.1
3821,4940,56800,280.6
3831,4936,56200,277.4
3841,4940,57700,285.0
3851,4884,56300,275.0
3861,4940,57800,285.5
3871,4936,56200,277.4
3881,4940,57800,285.5
3891,4936,56100,276.9
3901,4940,57700,285.0
3911,4936,56200,277.4
3921,4940,57800,285.5
3931,4936,56200,277.4
3941,4940,57600,284.5
3951,4908,69200,339.6
3961,4940,57100,282.1
3971,4940,56800,280.6
3981,4936,57100,281.8
3991,4936,56800,280.4
4001,4936,56100,276.9
4011,4936,57800,285.3
4021,4936,56200,277.4
4031,4940,57800,285.5
4041,4936,56100,276.9
4051,4900,57800,283.2
4061,4812,143000,688.1
4071,4940,57700,285.0
4081,4936,56200,277.4
4091,4940,57700,285.0
4101,4936,56200,277.4
4111,4940,57700,285.0
4121,4936,56500,278.9
4131,4940,57200,282.6
4141,4936,56800,280.4
4151,4932,76800,378.8
4161,4936,56700,279.9
4171,4876,56200,274.0
4181,4936,57800,285.3
4191,4936,56200,277.4
4201,4940,57800,285.5
4211,4936,56100,276.9
4221,4940,57700,285.0
4231,4936,56200,277.4
4241,4940,57700,285.0
4251,4936,79600,392.9
4261,4940,57800,285.5
4271,4816,144200,694.5
4281,4940,57800,285.5
4291,4936,56200,277.4
4301,4940,57100,282.1
4311,4940,56800,280.6
4321,4936,57000,281.4
4331,4940,56700,280.1
4341,4936,56100,276.9
4351,4892,60400,295.5
4361,4936,56200,277.4
4371,4936,120000,592.3
4381,4936,56200,277.4
4391,4940,57700,285.0
4401,4936,56200,277.4
4411,4940,57700,285.0
4421,4936,56100,276.9
4431,4936,57900,285.8
4441,4936,56100,276.9
4451,4916,61700,303.3
4461,4936,56200,277.4
4471,4940,57000,281.6
4481,4824,204300,985.5
4491,4936,57100,281.8
4501,4936,56900,280.9
4511,4940,56200,277.6
4521,4940,57800,285.5
4531,4936,56200,277.4
4541,4940,57800,285.5
4551,4936,108300,534.6
4561,4940,57800,285.5
4571,4936,56200,277.4
4581,4816,195600,942.0
4591,4936,56200,277.4
4601,4940,57800,285.5
4611,4940,56200,277.6
4621,4940,57800,285.5
4631,4936,56200,277.4
4641,4936,57100,281.8
4651,4908,67300,330.3
4661,4940,57100,282.1
4671,4940,56800,280.6
4681,4812,141500,680.9
4691,4940,57700,285.0
4701,4940,56200,277.6
4711,4940,57700,285.0
4721,4940,56200,277.6
4731,4940,57800,285.5
4741,4936,56200,277.4
4751,4900,57800,283.2
4761,4936,56200,277.4
4771,4940,57700,285.0
4781,4812,142200,684.3
4791,4940,57800,285.5
4801,4936,56200,277.4
4811,4936,57100,281.8
4821,4936,56800,280.4
4831,4940,57100,282.1
4841,4940,56800,280.6
4851,4932,79700,393.1
4861,4940,57800,285.5
4871,4936,56100,276.9
4881,4940,57800,285.5
4891,4900,56100,274.9
4901,4940,57700,285.0
4911,4940,56200,277.6
4921,4940,57800,285.5
4931,4940,56200,277.6
4941,4940,57700,285.0
4951,4936,77400,382.0
4961,4940,57800,285.5
4971,4936,56100,276.9
4981,4936,57200,282.3
4991,4820,133000,641.1
5001,4940,57100,282.1
5011,4940,56800,280.6
5021,4940,57000,281.6
5031,4936,57500,283.8
5041,4940,56000,276.6
5051,4896,58900,288.4
5061,4936,56200,277.4
5071,4940,57800,285.5
5081,4936,56100,276.9
5091,4828,211700,1022.1
5101,4936,56200,277.4
5111,4940,57700,285.0
5121,4936,56100,276.9
5131,4940,57800,285.5
5141,4936,56100,276.9
5151,4920,63400,311.9
5161,4936,56800,280.4
5171,4940,57100,282.1
5181,4940,56800,280.6
5191,4940,60000,296.4
5201,4940,57100,282.1
5211,4936,56200,277.4
5221,4940,57800,285.5
5231,4936,56200,277.4
5241,4940,57800,285.5
5251,4936,113500,560.2
5261,4940,57700,285.0
5271,4936,56200,277.4
5281,4940,57700,285.0
5291,4936,56100,276.9
5301,4816,144100,694.0
5311,4936,56200,277.4
5321,4940,57100,282.1
5331,4936,56800,280.4
5341,4940,57100,282.1
5351,4900,64500,316.1
5361,4940,57000,281.6
5371,4940,56900,281.1
5381,4936,56100,276.9
5392,4940,57800,285.5
5401,4940,56100,277.1
5411,4768,83300,397.2
5421,4936,56200,277.4
5431,4940,57900,286.0
5441,4936,56100,276.9
5451,4904,57900,283.9
5461,4936,56200,277.4
5471,4940,57800,285.5
5481,4936,56200,277.4
5491,4940,57200,282.6
5501,4936,56800,280.4
5511,4828,213200,1029.3
5521,4940,56800,280.6
5531,4940,57100,282.1
5541,4940,56900,281.1
5551,4932,83000,409.4
5561,4940,57700,285.0
5571,4936,56200,277.4
5581,4940,57800,285.5
5591,4936,56100,276.9
5601,4940,57800,285.5
5611,4820,146800,707.6
5621,4940,57700,285.0
5631,4936,56200,277.4
5641,4936,57700,284.8
5651,4936,73900,364.8
5661,4940,57500,284.1
5671,4936,56900,280.9
5681,4936,57100,281.8
5691,4940,56800,280.6
5701,4940,57100,282.1
5711,4940,56800,280.6
5721,4816,141900,683.4
5731,4940,57800,285.5
5741,4936,56200,277.4
5751,4896,57900,283.5
5761,4936,56200,277.4
5771,4940,57800,285.5
5781,4936,56200,277.4
5791,4940,57700,285.0
5801,4936,56100,276.9
5811,4940,57700,285.0
5821,4936,56200,277.4
5831,4828,187400,904.8
5841,4940,56500,279.1
5851,4924,66100,325.5
5861,4940,56800,280.6
5871,4940,57100,282.1
5881,4936,56800,280.4
5891,4936,56200,277.4
5901,4940,57700,285.0
5911,4940,56100,277.1
5921,4940,57700,285.0
5931,4844,150200,727.6
5941,4940,57800,285.5
5951,4940,117700,581.4
5961,4940,57700,285.0
5971,4936,56100,276.9
5981,4940,57800,285.5
5991,4936,56100,276.9
6001,4940,57800,285.5
6011,4936,56300,277.9
6021,4940,57200,282.6
6031,4940,56800,280.6
6041,4812,143100,688.6
6051,4896,62200,304.5
6061,4936,56200,277.4
6071,4936,57700,284.8
6081,4936,56200,277.4
6091,4940,57800,285.5
6101,4936,56100,276.9
6111,4940,57800,285.5
6121,4940,56200,277.6
6131,4940,57800,285.5
6141,4820,141900,684.0
6151,4908,57900,284.2
6161,4936,56200,277.4
6171,4940,57700,285.0
6181,4936,56200,277.4
6191,4940,57100,282.1
6201,4936,56800,280.4
6211,4936,57100,281.8
6221,4940,56900,281.1
6231,4940,56100,277.1
6241,4940,57700,285.0
6251,4740,168700,799.6
6261,4940,57800,285.5
6271,4936,56100,276.9
6281,4940,57800,285.5
6291,4936,56200,277.4
6301,4940,57800,285.5
6311,4940,56200,277.6
6321,4940,57800,285.5
6331,4936,56200,277.4
6341,4940,57800,285.5
6351,4912,70600,346.8
6361,4820,57100,275.2
6371,4940,56800,280.6
6381,4940,57100,282.1
6391,4940,56800,280.6
6401,4936,56300,277.9
6411,4940,57800,285.5
6421,4940,56100,277.1
6431,4940,57800,285.5
6441,4936,56100,276.9
6451,4896,57800,283.0
6461,4832,218900,1057.7
6471,4940,57800,285.5
6481,4936,56200,277.4
6491,4940,57700,285.0
6501,4936,56200,277.4
6511,4940,57800,285.5
6521,4936,56100,276.9
6531,4940,57100,282.1
6541,4936,56800,280.4
6551,4928,68900,339.5
6561,4936,82800,408.7
6571,4940,56700,280.1
6581,4936,57700,284.8
6591,4936,56100,276.9
6601,4940,57800,285.5
6611,4936,56100,276.9
6621,4940,57700,285.0
6631,4936,56200,277.4
6641,4940,57700,285.0
6651,4936,81500,402.3
6661,4936,57800,285.3
6671,4780,174700,835.1
6681,4940,57800,285.5
6691,4936,56100,276.9
6701,4940,57100,282.1
6711,4936,56800,280.4
6721,4940,57100,282.1
6731,4940,56900,281.1
6741,4936,57000,281.4
6751,4896,61800,302.6
6761,4936,56200,277.4
6771,4940,57700,285.0
6781,4892,56200,274.9
6791,4940,57800,285.5
6801,4936,56200,277.4
6811,4940,57800,285.5
6821,4936,56100,276.9
6831,4940,57700,285.0
6841,4940,56200,277.6
6851,4912,57900,284.4
6861,4936,56200,277.4
6871,4940,57100,282.1
6881,4936,56800,280.4
6891,4940,57200,282.6
6901,4936,56800,280.4
6911,4940,57100,282.1
6921,4936,57200,282.3
6931,4936,56200,277.4
6941,4940,57700,285.0
6951,4936,93800,463.0
6961,4940,57800,285.5
6971,4936,56100,276.9
6981,4940,57800,285.5
6991,4936,56200,277.4
7001,4940,57800,285.5
7011,4940,56200,277.6
7021,4940,57800,285.5
7031,4936,56200,277.4
7041,4940,57000,281.6
7051,4908,69000,338.7
7061,4940,57100,282.1
7071,4936,56900,280.9
7081,4936,60000,296.2
7091,4940,56900,281.1
7101,4936,56100,276.9
7111,4940,57800,285.5
7121,4940,56100,277.1
7131,4940,57800,285.5
7141,4936,56200,277.4
7151,4900,57900,283.7
7162,4936,56100,276.9
7171,4940,57700,285.0
7181,4936,56100,276.9
7191,4812,57800,278.1
7201,4936,56200,277.4
7211,4940,57300,283.1
7221,4936,56900,280.9
7231,4936,57100,281.8
7241,4936,56800,280.4
7251,4928,71700,353.3
7261,4940,56800,280.6
7271,4936,56200,277.4
7281,4940,57700,285.0
7291,4812,140300,675.1
7301,4940,57800,285.5
7311,4936,56200,277.4
7321,4940,57800,285.5
7331,4936,56200,277.4
7341,4940,57700,285.0
7351,4936,79000,389.9
7361,4940,57800,285.5
7371,4936,56200,277.4
7381,4940,57600,284.5
7391,4936,56900,280.9
7401,4812,143200,689.1
7411,4940,56800,280.6
7421,4940,57200,282.6
7431,4940,56800,280.6
7441,4936,56100,276.9
7451,4892,59900,293.0
7461,4936,56100,276.9
7471,4940,57700,285.0
7481,4936,56100,276.9
7491,4940,57700,285.0
7501,4936,59100,291.7
7511,4940,57700,285.0
7521,4940,56100,277.1
7531,4940,57700,285.0
7541,4940,56200,277.6
7551,4916,58800,289.1
7561,4936,56600,279.4
7571,4940,57100,282.1
7581,4940,56800,280.6
7591,4940,57100,282.1
7601,4940,56800,280.6
7611,4820,214500,1033.9
7621,4940,57800,285.5
7631,4936,56200,277.4
7641,4940,57700,285.0
7651,4940,98400,486.1
7661,4940,57900,286.0
7671,4936,56100,276.9
7681,4940,57800,285.5
7691,4940,56200,277.6
7701,4940,57700,285.0
7711,4816,140100,674.7
7721,4940,57800,285.5
7731,4936,56300,277.9
7741,4940,57200,282.6
7751,4904,66600,326.6
7761,4940,57100,282.1
7771,4936,56800,280.4
7781,4936,56200,277.4
7791,4940,57700,285.0
7801,4936,56100,276.9
7811,4936,107500,530.6
7821,4936,56200,277.4
7831,4940,57800,285.5
7841,4936,56100,276.9
7851,4904,57800,283.5
7861,4936,56200,277.4
7871,4940,57800,285.5
7881,4936,56200,277.4
7891,4940,57700,285.0
7901,4936,56200,277.4
7911,4940,57100,282.1
7921,4796,140800,675.3
7931,4940,57100,282.1
7941,4940,56800,280.6
7951,4932,73400,362.0
7961,4940,57800,285.5
7971,4940,56100,277.1
7981,4940,57700,285.0
7991,4936,56300,277.9
8001,4940,57800,285.5
8011,4936,56200,277.4
8021,4936,57700,284.8
8031,4924,155200,764.2
8041,4940,57700,285.0
8051,4936,75800,374.1
8061,4940,57800,285.5
8071,4936,56200,277.4
8081,4940,57100,282.1
8091,4940,56900,281.1
8101,4940,57100,282.1
8111,4936,56900,280.9
8121,4936,56300,277.9
8131,4812,147900,711.7
8141,4936,56200,277.4
8151,4896,58900,288.4
8161,4936,56200,277.4
8171,4940,57700,285.0
8181,4936,56200,277.4
8191,4940,57800,285.5
8201,4936,56200,277.4
8211,4940,57800,285.5
8221,4936,56200,277.4
8231,4940,57800,285.5
8241,4832,133800,646.5
8251,4920,59200,291.3
8261,4936,56900,280.9
8271,4940,57100,282.1
8281,4940,56900,281.1
8291,4936,56700,279.9
8301,4940,57700,285.0
8311,4936,56200,277.4
8321,4940,57700,285.0
8331,4936,56200,277.4
8341,4820,202200,974.6
8351,4936,103600,511.4
8361,4940,57800,285.5
8371,4936,56200,277.4
8381,4940,57800,285.5
8391,4940,56200,277.6
8401,4940,57800,285.5
8411,4940,56200,277.6
8421,4936,57100,281.8
8431,4936,56800,280.4
8441,4820,139900,674.3
8451,4900,63400,310.7
8461,4940,57000,281.6
8471,4936,57400,283.3
8481,4936,56200,277.4
8491,4940,57700,285.0
8501,4936,56200,277.4
8511,4940,57800,285.5
8521,4936,56100,276.9
8531,4940,57800,285.5
8541,4936,56200,277.4
8551,4904,57900,283.9
8561,4936,56200,277.4
8571,4940,57700,285.0
8581,4936,56200,277.4
8591,4940,57100,282.1
8601,4936,56800,280.4
8611,4940,57100,282.1
8621,4940,56800,280.6
8631,4936,57100,281.8
8641,4940,57200,282.6
8651,4892,165500,809.6
8661,4940,57800,285.5
8671,4936,56100,276.9
8681,4940,57800,285.5
8691,4940,56200,277.6
8701,4940,57800,285.5
8711,4936,56200,277.4
8721,4940,57800,285.5
8731,4936,56200,277.4
8741,4940,57700,285.0
8751,4916,72600,356.9
8761,4820,142000,684.4
8771,4936,56800,280.4
8781,4940,57100,282.1
8791,4936,56800,280.4
8801,4940,57100,282.1
8811,4936,56900,280.9
8821,4940,56200,277.6
8831,4940,57800,285.5
8841,4940,56200,277.6
8851,4896,57800,283.0
8861,4936,56200,277.4
8871,4820,146000,703.7
8881,4936,56200,277.4
8891,4940,57700,285.0
8901,4936,56200,277.4
8911,4940,57800,285.5
8921,4936,56200,277.4
8931,4936,57200,282.3
8942,4940,56800,280.6
8951,4924,61400,302.3
8961,4940,56800,280.6
8971,4908,157500,773.0
8981,4940,56800,280.6
8991,4936,56200,277.4
9001,4940,57700,285.0
9011,4936,56200,277.4
9021,4940,57700,285.0
9031,4936,56200,277.4
9041,4940,57800,285.5
9051,4936,82900,409.2
9061,4940,57800,285.5
9071,4936,56100,276.9
9081,4812,194400,935.5
9091,4936,56200,277.4
9101,4940,57600,284.5
9111,4936,56900,280.9
9121,4940,57100,282.1
9131,4940,56900,281.1
9141,4940,57100,282.1
9151,4884,59200,289.1
9161,4796,142500,683.4
9171,4940,57800,285.5
9181,4936,56200,277.4
9191,4940,57800,285.5
9201,4936,56200,277.4
9211,4940,57800,285.5
9221,4936,56200,277.4
9231,4940,57700,285.0
9241,4936,56100,276.9
9251,4940,57800,285.5
9261,4936,56200,277.4
9271,4940,57700,285.0
9281,4936,56700,279.9
9291,4936,57200,282.3
9301,4940,56900,281.1
9311,4940,57100,282.1
9321,4936,56800,280.4
9331,4936,56200,277.4
9341,4940,57700,285.0
9351,4936,56200,277.4
9361,4940,57800,285.5
9371,4936,56200,277.4
9381,4940,57800,285.5
9391,4936,56200,277.4
9401,4940,57800,285.5
9411,4936,56200,277.4
9421,4940,57600,284.5
9431,4936,56200,277.4
9441,4940,57700,285.0
9451,4936,56500,278.9
9461,4936,57100,281.8
9471,4936,56900,280.9
9481,4940,57100,282.1
9491,4936,56800,280.4
9501,4936,56200,277.4
9511,4940,57800,285.5
9521,4940,56200,277.6
9531,4940,57700,285.0
9541,4936,56100,276.9
9551,4940,57700,285.0
9561,4936,56100,276.9
9571,4940,57700,285.0
9581,4936,56100,276.9
9591,4940,57800,285.5
9601,4936,56200,277.4
9611,4940,57800,285.5
9621,4936,56400,278.4
9631,4940,57100,282.1
9641,4940,56800,280.6
9651,4928,65200,321.3
9661,4800,141900,681.1
9671,4940,56200,277.6
9681,4940,57800,285.5
9691,4936,56100,276.9
9701,4940,57700,285.0
9711,4936,56200,277.4
9721,4940,57700,285.0
9731,4936,56100,276.9
9741,4940,57700,285.0
9751,4936,56100,276.9
9761,4940,57900,286.0
9771,4936,56100,276.9
9781,4940,57700,285.0
9791,4936,56200,277.4
9801,4940,57000,281.6
9811,4940,56800,280.6
9821,4940,57100,282.1
9831,4936,56800,280.4
9841,4936,56100,276.9
9851,4940,57700,285.0
9861,4936,56100,276.9
9871,4940,57800,285.5
9881,4936,56100,276.9
9891,4940,57800,285.5
9901,4936,56200,277.4
9911,4940,57700,285.0
9921,4936,56100,276.9
9931,4940,57800,285.5
9941,4936,56200,277.4
9951,4940,57700,285.0
9961,4936,56300,277.9
9971,4940,57100,282.1
9981,4940,56800,280.6
9991,4940,57100,282.1
10001,4940,56700,280.1
10011,4936,56100,276.9
10021,4936,57600,284.3
10031,4936,56200,277.4
10041,4940,57700,285.0
10051,4940,56100,277.1
10061,4940,57700,285.0
10071,4936,56200,277.4
10081,4940,57700,285.0
10091,4936,56200,277.4
10101,4940,57700,285.0
10111,4940,56200,277.6
10121,4940,57800,285.5
10131,4936,56200,277.4
10141,4940,57100,282.1
10151,4904,66900,328.1
10161,4940,57100,282.1
10171,4828,129500,625.2
10181,4936,56100,276.9
10191,4940,57700,285.0
10201,4936,56200,277.4
10211,4940,57800,285.5
10221,4936,56100,276.9
10231,4940,57800,285.5
10241,4940,56100,277.1
10251,4940,57700,285.0
10261,4936,56000,276.4
10271,4940,57700,285.0
10281,4936,56100,276.9
10291,4940,57700,285.0
10301,4936,56100,276.9
10311,4940,57100,282.1
10321,4936,56800,280.4
10331,4940,57100,282.1
10341,4940,56700,280.1
10351,4940,56100,277.1
10361,4936,57800,285.3
10371,4936,56100,276.9
10381,4940,57700,285.0
10391,4936,56100,276.9
10401,4940,57700,285.0
10411,4936,56100,276.9
10421,4940,57700,285.0
10431,4940,56200,277.6
10441,4940,57700,285.0
10451,4936,56100,276.9
10461,4940,57700,285.0
10471,4936,56100,276.9
10481,4940,57000,281.6
10491,4940,56700,280.1
10501,4940,57000,281.6
10511,4936,56800,280.4
10521,4940,56300,278.1
10531,4936,57700,284.8
10541,4936,56100,276.9
10551,4940,57700,285.0
10561,4936,56100,276.9
10571,4940,57700,285.0
10581,4936,56200,277.4
10591,4940,57700,285.0
10601,4936,56100,276.9
10611,4940,57800,285.5
10621,4940,56100,277.1
10631,4940,57700,285.0
10641,4936,56200,277.4
10651,4920,58300,286.8
10661,4940,56800,280.6
10671,4812,142700,686.7
10681,4940,56800,280.6
10692,4936,56200,277.4
10701,4936,57800,285.3
10711,4936,56100,276.9
10721,4940,57700,285.0
10731,4936,56200,277.4
10741,4940,57800,285.5
10751,4936,56100,276.9
10761,4940,57700,285.0
10771,4936,56200,277.4
10781,4940,57800,285.5
10791,4936,56200,277.4
10801,4940,57700,285.0
10811,4936,56200,277.4
10821,4940,57100,282.1
10831,4940,56800,280.6
10841,4940,57000,281.6
10851,4936,56800,280.4
10861,4936,56500,278.9
10871,4940,57800,285.5
10881,4936,56200,277.4
10891,4940,57700,285.0
10901,4936,56200,277.4
10911,4940,57700,285.0
10921,4936,56100,276.9
10931,4940,57700,285.0
10941,4940,56100,277.1
10951,4940,57700,285.0
10961,4936,56200,277.4
10971,4940,57800,285.5
10981,4936,56100,276.9
10991,4940,57100,282.1
11001,4940,56800,280.6
11011,4940,57100,282.1
11021,4940,56800,280.6
11031,4940,56600,279.6
11041,4936,57700,284.8
11051,4940,56100,277.1
11061,4940,57700,285.0
11071,4936,56100,276.9
11081,4940,57700,285.0
11091,4936,56100,276.9
11101,4940,57700,285.0
11111,4936,56100,276.9
11121,4940,57700,285.0
11131,4936,56100,276.9
11141,4940,57700,285.0
11151,4912,72100,354.2
11161,4940,57200,282.6
11171,4936,56800,280.4
11181,4824,210100,1013.5
11191,4940,56800,280.6
11201,4940,56800,280.6
11211,4936,57700,284.8
11221,4936,56200,277.4
11231,4940,57700,285.0
11241,4936,56100,276.9
11251,4940,57700,285.0
11261,4936,56100,276.9
11271,4940,57800,285.5
11281,4936,56100,276.9
11291,4940,57700,285.0
11301,4936,56100,276.9
11311,4940,57800,285.5
11321,4936,56100,276.9
11331,4940,57100,282.1
11341,4936,56800,280.4
11351,4940,57000,281.6
11361,4936,56700,279.9
11371,4936,56900,280.9
11381,4936,57600,284.3
11391,4936,56200,277.4
11401,4940,57800,285.5
11411,4940,56200,277.6
11421,4940,57700,285.0
11431,4936,56200,277.4
11441,4940,57700,285.0
11451,4936,56100,276.9
11461,4940,57700,285.0
11471,4936,56100,276.9
11481,4940,57800,285.5
11491,4936,56000,276.4
11501,4940,57100,282.1
11511,4940,56800,280.6
11521,4940,57100,282.1
11531,4936,56700,279.9
11541,4940,56900,281.1
11551,4940,57400,283.6
11561,4936,56200,277.4
11571,4940,57700,285.0
11581,4936,56100,276.9
11591,4940,57700,285.0
11601,4936,56200,277.4
11611,4940,57700,285.0
11621,4936,56100,276.9
11631,4940,57700,285.0
11641,4940,56200,277.6
11651,4912,57800,283.9
11661,4936,56200,277.4
11671,4940,57100,282.1
11681,4792,143100,685.7
11691,4940,57100,282.1
11701,4936,56800,280.4
11711,4940,57000,281.6
11721,4940,57200,282.6
11731,4940,56100,277.1
11741,4940,57700,285.0
11751,4936,56100,276.9
11761,4940,57700,285.0
11771,4936,56100,276.9
11781,4940,57700,285.0
11791,4936,56100,276.9
11801,4940,57700,285.0
11811,4936,56200,277.4
11821,4940,57800,285.5
11831,4936,56200,277.4
11841,4940,57000,281.6
11851,4936,56700,279.9
11861,4936,57100,281.8
11871,4936,56800,280.4
11881,4940,57000,281.6
11891,4936,57100,281.8
11901,4936,56100,276.9
11911,4940,57700,285.0
11921,4936,56100,276.9
11931,4940,57700,285.0
11941,4940,56200,277.6
11951,4940,57700,285.0
11961,4936,56200,277.4
11971,4940,57700,285.0
11981,4936,56100,276.9
11991,4940,57700,285.0
12001,4936,56100,276.9
12011,4940,57000,281.6
12021,4940,56800,280.6
12031,4940,57100,282.1
12041,4936,56900,280.9
12051,4940,57000,281.6
12061,4936,57100,281.8
12071,4936,56100,276.9
12081,4940,57700,285.0
12091,4936,56100,276.9
12101,4940,57700,285.0
12111,4936,56200,277.4
12121,4940,57700,285.0
12131,4936,56100,276.9
12141,4940,57700,285.0
12151,4936,78100,385.5
12161,4940,57700,285.0
12171,4936,56100,276.9
12181,4940,57000,281.6
12191,4816,167300,805.7
12201,4940,57100,282.1
12211,4936,56800,280.4
12221,4936,57000,281.4
12231,4940,56900,281.1
12241,4936,56100,276.9
12251,4940,57800,285.5
12261,4936,56100,276.9
12271,4940,57700,285.0
12281,4936,56100,276.9
12291,4940,57700,285.0
12301,4936,56100,276.9
12311,4940,57800,285.5
12321,4940,56100,277.1
12331,4940,57700,285.0
12341,4940,56100,277.1
12351,4940,57100,282.1
12361,4936,56800,280.4
12371,4940,57100,282.1
12381,4936,56900,280.9
12392,4936,56100,276.9
12401,4936,56800,280.4
12411,4936,56100,276.9
12421,4940,57700,285.0
12431,4940,56200,277.6
12441,4940,57700,285.0
12451,4936,56100,276.9
12461,4940,57700,285.0
12471,4940,56100,277.1
12481,4940,57700,285.0
12491,4940,56100,277.1
12501,4940,57700,285.0
12511,4936,56100,276.9
12521,4940,57100,282.1
12531,4936,56800,280.4
12541,4940,57100,282.1
12551,4940,56800,280.6
12561,4940,57100,282.1
12571,4940,56800,280.6
12581,4936,56100,276.9
12591,4940,57800,285.5
12601,4936,56100,276.9
12611,4940,57600,284.5
12621,4940,56000,276.6
12631,4940,57700,285.0
12641,4940,56100,277.1
12651,4904,57800,283.5
12661,4936,56200,277.4
12671,4940,57700,285.0
12681,4936,56100,276.9
12691,4932,148300,731.4
12701,4936,56900,280.9
12711,4940,57100,282.1
12721,4936,56800,280.4
12731,4940,57000,281.6
12741,4940,56800,280.6
12751,4936,56100,276.9
12761,4940,57800,285.5
12771,4940,56100,277.1
12781,4940,57700,285.0
12791,4936,56100,276.9
12801,4940,57700,285.0
12811,4936,56100,276.9
12821,4940,57700,285.0
12831,4936,56100,276.9
12841,4940,57700,285.0
12851,4940,56100,277.1
12861,4940,57500,284.1
12871,4936,56800,280.4
12881,4940,57100,282.1
12891,4936,56800,280.4
12901,4940,57100,282.1
12911,4940,56800,280.6
12921,4936,56200,277.4
12931,4936,57700,284.8
12941,4936,56200,277.4
12951,4940,57700,285.0
12961,4936,56100,276.9
12971,4940,57700,285.0
12981,4936,56100,276.9
12991,4940,57700,285.0
13001,4940,56100,277.1
13011,4940,57700,285.0
13021,4936,56100,276.9
13031,4940,57500,284.1
13041,4936,56800,280.4
13051,4940,57000,281.6
13061,4936,56800,280.4
13071,4940,57000,281.6
13081,4936,56700,279.9
13091,4936,56100,276.9
13101,4940,57700,285.0
13111,4940,56100,277.1
13121,4940,57700,285.0
13131,4936,56100,276.9
13141,4940,57700,285.0
13151,4936,83600,412.6
13161,4940,57700,285.0
13171,4936,56100,276.9
13181,4940,57700,285.0
13191,4936,56100,276.9
13201,4936,147200,726.6
13211,4936,56700,279.9
13221,4940,57200,282.6
13231,4940,56800,280.6
13241,4940,57200,282.6
13251,4940,56800,280.6
13261,4936,56100,276.9
13271,4940,57700,285.0
13281,4936,56100,276.9
13291,4940,57700,285.0
13301,4936,56100,276.9
13311,4940,57700,285.0
13321,4936,56200,277.4
13331,4940,57800,285.5
13341,4936,56100,276.9
13351,4940,57700,285.0
13361,4936,56200,277.4
13371,4940,57700,285.0
13381,4936,56600,279.4
13391,4940,57100,282.1
13401,4940,56800,280.6
13411,4940,57100,282.1
13421,4940,56800,280.6
13431,4936,56200,277.4
13441,4940,57800,285.5
13451,4936,56100,276.9
13461,4940,57700,285.0
13471,4936,56100,276.9
13481,4940,57700,285.0
13491,4936,56100,276.9
13501,4940,57700,285.0
13511,4936,56100,276.9
13521,4940,57700,285.0
13531,4936,56100,276.9
13541,4940,57800,285.5
13551,4936,56400,278.4
13561,4940,57000,281.6
13571,4940,56800,280.6
13581,4936,57100,281.8
13591,4936,56800,280.4
13601,4936,56200,277.4
13611,4940,57800,285.5
13621,4936,56200,277.4
13631,4940,57700,285.0
13641,4936,56100,276.9
13651,4896,57700,282.5
13661,4936,56200,277.4
13671,4940,57800,285.5
13681,4936,56200,277.4
13691,4940,57700,285.0
13701,4936,56100,276.9
13711,4816,143000,688.7
13721,4936,56300,277.9
13731,4940,57000,281.6
13741,4936,56800,280.4
13751,4936,57100,281.8
13761,4940,56800,280.6
13771,4940,56100,277.1
13781,4940,57800,285.5
13791,4936,56200,277.4
13801,4940,57700,285.0
13811,4940,56200,277.6
13821,4940,57700,285.0
13831,4936,56200,277.4
13841,4940,57700,285.0
13851,4936,56100,276.9
13861,4940,57700,285.0
13871,4936,56100,276.9
13881,4944,57700,285.3
13891,4940,56200,277.6
13901,4936,57100,281.8
13911,4936,56800,280.4
13921,4940,57100,282.1
13931,4936,56700,279.9
13941,4936,56000,276.4
13951,4936,57700,284.8
13961,4936,56100,276.9
13971,4936,57700,284.8
13981,4940,56100,277.1
13991,4940,57800,285.5
14001,4936,56100,276.9
14011,4940,57800,285.5
14021,4936,56100,276.9
14031,4940,57800,285.5
14041,4936,56200,277.4
14051,4940,57700,285.0
14061,4936,56200,277.4
14071,4940,57100,282.1
14081,4936,56800,280.4
14091,4940,57100,282.1
14103,4940,57700,285.0
14111,4940,56100,277.1
14121,4936,57700,284.8
14131,4936,56200,277.4
14141,4940,57800,285.5
14151,4936,86000,424.5
14161,4940,57700,285.0
14171,4936,56100,276.9
14181,4940,57800,285.5
14191,4936,56200,277.4
14201,4940,57700,285.0
14211,4940,56100,277.1
14221,4940,57700,285.0
14231,4936,56100,276.9
14241,4940,57100,282.1
14251,4940,56800,280.6
14261,4940,57100,282.1
14271,4936,56800,280.4
14281,4940,56000,276.6
14291,4936,57700,284.8
14301,4936,56100,276.9
14311,4940,57700,285.0
14321,4940,56100,277.1
14331,4940,57700,285.0
14341,4936,56100,276.9
14351,4940,57700,285.0
14361,4936,56100,276.9
14371,4940,57700,285.0
14381,4936,56100,276.9
14391,4940,57700,285.0
14401,4936,56200,277.4
14411,4940,57000,281.6
14421,4940,56700,280.1
14431,4940,57000,281.6
14441,4940,56800,280.6
14451,4940,56100,277.1
14461,4936,57700,284.8
14471,4940,56200,277.6
14481,4940,57700,285.0
14491,4936,56200,277.4
14501,4940,57700,285.0
14511,4936,56100,276.9
14521,4940,57700,285.0
14531,4936,56000,276.4
14541,4940,57700,285.0
14551,4936,56100,276.9
14561,4940,57700,285.0
14571,4936,56100,276.9
14581,4940,57000,281.6
14591,4940,56800,280.6
14601,4936,57000,281.4
14611,4936,56800,280.4
14621,4940,56200,277.6
14631,4936,57700,284.8
14641,4936,56100,276.9
14651,4896,58200,284.9
14661,4936,56100,276.9
14671,4940,57700,285.0
14681,4936,56100,276.9
14691,4940,57800,285.5
14701,4936,56100,276.9
14711,4940,57700,285.0
14721,4820,56700,273.3
14731,4940,57700,285.0
14741,4936,56100,276.9
14751,4940,57000,281.6
14761,4936,56700,279.9
14771,4940,57100,282.1
14781,4936,56700,279.9
14791,4940,56400,278.6
14801,4936,57800,285.3
14811,4936,56100,276.9
14821,4940,57800,285.5
14831,4936,56100,276.9
14841,4940,57700,285.0
14851,4936,56100,276.9
14861,4940,57700,285.0
14871,4936,56200,277.4
14881,4940,57700,285.0
14891,4936,56100,276.9
14901,4940,57700,285.0
14911,4936,56200,277.4
14921,4940,57100,282.1
14931,4940,56700,280.1
14941,4940,57200,282.6
14951,4936,56800,280.4
14961,4940,56400,278.6
14971,4940,57800,285.5
14981,4936,56100,276.9
14991,4940,57800,285.5
15001,4936,56200,277.4
15011,4940,57700,285.0
15021,4936,56100,276.9
15031,4940,57800,285.5
15041,4936,56100,276.9
15051,4940,57700,285.0
15061,4936,56100,276.9
15071,4940,57700,285.0
15081,4936,56100,276.9
15091,4940,57100,282.1
15101,4940,56800,280.6
15111,4936,57100,281.8
15121,4940,56800,280.6
15131,4940,56500,279.1
15141,4940,57800,285.5
15151,4932,73400,362.0
15161,4940,57800,285.5
15171,4936,56200,277.4
15181,4940,57700,285.0
15191,4936,56100,276.9
15201,4940,57700,285.0
15211,4936,56100,276.9
15221,4940,131700,650.6
15231,4936,56200,277.4
15241,4940,57800,285.5
15251,4940,56100,277.1
15261,4936,57100,281.8
15271,4940,56800,280.6
15281,4940,57100,282.1
15291,4940,56800,280.6
15301,4940,56800,280.6
15311,4940,57600,284.5
15321,4936,56100,276.9
15331,4940,57700,285.0
15341,4936,56100,276.9
15351,4940,57700,285.0
15361,4936,56100,276.9
15371,4940,57800,285.5
15381,4936,56200,277.4
15391,4940,57700,285.0
15401,4936,56100,276.9
15411,4940,57700,285.0
15421,4936,56100,276.9
15431,4940,57100,282.1
15441,4936,56800,280.4
15451,4940,57000,281.6
15461,4936,56800,280.4
15471,4940,56900,281.1
15481,4940,57500,284.1
15491,4936,56200,277.4
15501,4940,57700,285.0
15511,4936,56200,277.4
15521,4940,57700,285.0
15531,4936,56100,276.9
15541,4940,57800,285.5
15551,4940,56200,277.6
15561,4940,57800,285.5
15571,4940,56100,277.1
15581,4940,57700,285.0
15591,4936,56200,277.4
15601,4936,57000,281.4
15611,4936,56800,280.4
15621,4940,57100,282.1
15631,4936,56800,280.4
15641,4940,57000,281.6
15651,4896,61100,299.1
15661,4936,56200,277.4
15671,4940,57800,285.5
15681,4936,56100,276.9
15691,4940,57700,285.0
15701,4936,56100,276.9
15711,4940,57700,285.0
15721,4940,56100,277.1
15731,4784,75100,359.3
15741,4936,56200,277.4
15751,4940,57700,285.0
15761,4940,56200,277.6
15771,4940,57000,281.6
15781,4936,56800,280.4
15791,4936,57100,281.8
15805,4940,57700,285.0
15811,4940,57000,281.6
15821,4936,57300,282.8
15831,4936,56100,276.9
15841,4940,57800,285.5
15851,4940,56100,277.1
15861,4936,57700,284.8
15871,4940,56100,277.1
15881,4940,57700,285.0
15891,4940,56100,277.1
15901,4940,57700,285.0
15911,4936,56100,276.9
15921,4940,57700,285.0
15931,4936,56100,276.9
15941,4940,57100,282.1
15951,4936,56700,279.9
15961,4940,57000,281.6
15971,4936,56800,280.4
15981,4940,57100,282.1
15991,4936,57200,282.3
16001,4936,56100,276.9
16011,4940,57700,285.0
16021,4936,56100,276.9
16031,4940,57700,285.0
16041,4936,56100,276.9
16051,4940,57700,285.0
16061,4936,56200,277.4
16071,4940,57700,285.0
16081,4936,56100,276.9
16091,4940,57700,285.0
16101,4936,56100,276.9
16111,4936,57000,281.4
16121,4936,56800,280.4
16131,4940,57100,282.1
16141,4940,56700,280.1
16151,4932,65200,321.6
16161,4940,57100,282.1
16171,4936,56200,277.4
16181,4940,57700,285.0
16191,4936,56300,277.9
16201,4940,57700,285.0
16211,4936,56000,276.4
16221,4940,57800,285.5
16231,4740,137300,650.8
16241,4940,57800,285.5
16251,4936,56000,276.4
16261,4940,57700,285.0
16271,4940,56100,277.1
16281,4940,57000,281.6
16291,4936,56800,280.4
16301,4936,57000,281.4
16311,4940,56900,281.1
16321,4940,57000,281.6
16331,4940,56900,281.1
16341,4936,56200,277.4
16351,4940,57700,285.0
16361,4936,56100,276.9
16371,4940,57700,285.0
16381,4936,56100,276.9
16391,4940,57700,285.0
16401,4936,56100,276.9
16411,4940,57700,285.0
16421,4940,56100,277.1
16431,4940,57800,285.5
16441,4936,56100,276.9
16451,4940,57000,281.6
16461,4936,56800,280.4
16471,4940,57100,282.1
16481,4940,56800,280.6
16491,4936,57100,281.8
16501,4940,56900,281.1
16511,4936,56100,276.9
16521,4940,57700,285.0
16531,4936,56100,276.9
16541,4940,57700,285.0
16551,4936,56100,276.9
16561,4940,57700,285.0
16571,4936,56100,276.9
16581,4940,57700,285.0
16591,4940,56200,277.6
16601,4940,57800,285.5
16611,4940,56100,277.1
16621,4940,57200,282.6
16631,4940,56800,280.6
16641,4940,57100,282.1
16651,4904,64400,315.8
16661,4940,57100,282.1
16671,4940,56800,280.6
16681,4940,56100,277.1
16691,4940,57800,285.5
16701,4936,56100,276.9
16711,4940,57800,285.5
16721,4936,56100,276.9
16731,4936,57700,284.8
16741,4936,56200,277.4
16751,4940,57700,285.0
16761,4936,56200,277.4
16771,4940,57800,285.5
16781,4936,56100,276.9
16791,4940,57500,284.1
16801,4936,56800,280.4
16811,4940,57100,282.1
16821,4940,56800,280.6
16831,4940,57100,282.1
16841,4936,56700,279.9
16851,4936,56100,276.9
16861,4940,57800,285.5
16871,4936,56200,277.4
16881,4940,57700,285.0
16891,4936,56100,276.9
16901,4940,57800,285.5
16911,4940,56100,277.1
16921,4940,57700,285.0
16931,4936,56100,276.9
16941,4940,57700,285.0
16951,4940,56100,277.1
16961,4940,57500,284.1
16971,4936,56800,280.4
16981,4940,57100,282.1
16991,4936,56800,280.4
17001,4940,57000,281.6
17011,4936,56800,280.4
17021,4936,56200,277.4
17031,4936,57700,284.8
17041,4936,56100,276.9
17051,4940,57800,285.5
17061,4936,56100,276.9
17071,4940,57700,285.0
17081,4936,56100,276.9
17091,4940,57700,285.0
17101,4936,56100,276.9
17111,4940,57700,285.0
17121,4936,56100,276.9
17131,4940,57600,284.5
17141,4936,56700,279.9
17151,4924,58200,286.6
17161,4940,56800,280.6
17171,4940,57100,282.1
17181,4936,56800,280.4
17191,4936,56200,277.4
17201,4940,57700,285.0
17211,4936,56200,277.4
17221,4940,57700,285.0
17231,4940,56000,276.6
17241,4748,95600,453.9
17251,4936,56200,277.4
17261,4940,57800,285.5
17271,4936,56200,277.4
17281,4940,57700,285.0
17291,4940,56100,277.1
17301,4940,57800,285.5
17311,4940,56600,279.6
17321,4940,57100,282.1
17331,4940,56800,280.6
17341,4940,57100,282.1
17351,4940,56800,280.6
17361,4940,56100,277.1
17371,4940,57800,285.5
17381,4940,56100,277.1
17391,4940,57700,285.0
17401,4940,56100,277.1
17411,4940,57700,285.0
17421,4940,56200,277.6
17431,4940,57700,285.0
17441,4936,56100,276.9
17451,4940,57700,285.0
17461,4936,56100,276.9
17471,4940,57700,285.0
17481,4936,56400,278.4
17491,4940,57100,282.1
17501,4940,56800,280.6
17512,4936,56100,276.9
17521,4940,56700,280.1
17531,4936,56100,276.9
17541,4940,57700,285.0
17551,4936,56100,276.9
17561,4940,57700,285.0
17571,4936,56200,277.4
17581,4940,57700,285.0
17591,4936,56100,276.9
17601,4940,57700,285.0
17611,4936,56000,276.4
17621,4940,57800,285.5
17631,4936,56200,277.4
17641,4940,57800,285.5
17651,4900,68900,337.6
17661,4788,142600,682.8
17671,4936,56800,280.4
17681,4936,57100,281.8
17691,4936,56800,280.4
17701,4940,56100,277.1
17711,4936,57700,284.8
17721,4936,56100,276.9
17731,4940,57800,285.5
17741,4936,56100,276.9
17751,4900,57800,283.2
17761,4936,56100,276.9
17771,4940,57700,285.0
17781,4936,56200,277.4
17791,4940,57800,285.5
17801,4936,56100,276.9
17811,4940,57700,285.0
17821,4936,56200,277.4
17831,4936,57000,281.4
17841,4940,56800,280.6
17851,4928,60000,295.7
17861,4936,56800,280.4
17871,4940,56200,277.6
17881,4940,57700,285.0
17891,4936,56100,276.9
17901,4940,57700,285.0
17911,4936,56200,277.4
17921,4940,57700,285.0
17931,4940,56100,277.1
17941,4940,57700,285.0
17951,4936,81300,401.3
17961,4940,57700,285.0
17971,4932,56200,277.2
17981,4940,57700,285.0
17991,4936,56200,277.4
18001,4940,57100,282.1
18011,4936,56800,280.4
18021,4936,57100,281.8
18031,4936,56800,280.4
18041,4940,56400,278.6
18051,4896,60900,298.2
18061,4936,56100,276.9
18071,4940,57700,285.0
18081,4808,141900,682.3
18091,4940,57700,285.0
18101,4940,56000,276.6
18111,4940,57800,285.5
18121,4936,56100,276.9
18131,4940,57800,285.5
18141,4936,56100,276.9
18151,4912,57900,284.4
18161,4936,56100,276.9
18171,4940,57100,282.1
18181,4936,56800,280.4
18191,4816,57100,275.0
18201,4936,56800,280.4
18211,4940,56900,281.1
18221,4936,57700,284.8
18231,4936,56100,276.9
18241,4940,57800,285.5
18251,4936,77100,380.6
18261,4940,57700,285.0
18271,4936,56200,277.4
18281,4940,57700,285.0
18291,4812,141200,679.5
18301,4940,57800,285.5
18311,4936,56100,276.9
18321,4940,57700,285.0
18331,4936,56100,276.9
18341,4940,57000,281.6
18351,4908,68900,338.2
18361,4940,57100,282.1
18371,4936,56800,280.4
18381,4940,57000,281.6
18391,4936,57200,282.3
18401,4728,131700,622.7
18411,4940,57800,285.5
18421,4936,56200,277.4
18431,4940,57700,285.0
18441,4936,56200,277.4
18451,4900,57800,283.2
18461,4936,56200,277.4
18471,4940,57700,285.0
18481,4936,56100,276.9
18491,4940,57700,285.0
18501,4940,56100,277.1
18511,4940,57000,281.6
18521,4936,56800,280.4
18531,4940,57100,282.1
18541,4936,56800,280.4
18551,4928,61900,305.0
18561,4940,56900,281.1
18571,4936,56100,276.9
18581,4940,57700,285.0
18591,4936,56100,276.9
18601,4940,57700,285.0
18611,4876,151300,737.7
18621,4940,57800,285.5
18631,4940,56200,277.6
18641,4940,57800,285.5
18651,4936,78000,385.0
18661,4940,57700,285.0
18671,4936,56100,276.9
18681,4940,57200,282.6
18691,4940,56800,280.6
18701,4940,57100,282.1
18711,4940,56900,281.1
18721,4824,192300,927.7
18731,4940,56800,280.6
18741,4936,56100,276.9
18751,4896,60100,294.2
18761,4936,56200,277.4
18771,4940,57800,285.5
18781,4936,56100,276.9
18791,4940,57700,285.0
18801,4936,56100,276.9
18811,4940,57700,285.0
18821,4840,57300,277.3
18831,4940,57700,285.0
18841,4936,56200,277.4
18851,4916,57700,283.7
18861,4940,56800,280.6
18871,4940,57100,282.1
18881,4940,56800,280.6
18891,4940,57100,282.1
18901,4940,56900,281.1
18911,4936,56200,277.4
18921,4940,57700,285.0
18931,4720,132400,624.9
18941,4940,57800,285.5
18951,4936,79900,394.4
18961,4940,57800,285.5
18971,4940,56200,277.6
18981,4940,57700,285.0
18991,4936,56100,276.9
19001,4940,57800,285.5
19011,4936,56200,277.4
19021,4940,57800,285.5
19031,4936,58700,289.7
19041,4940,57100,282.1
19051,4904,65900,323.2
19061,4940,57100,282.1
19071,4940,56800,280.6
19081,4936,56200,277.4
19091,4940,57700,285.0
19101,4936,56200,277.4
19111,4940,57700,285.0
19121,4936,56200,277.4
19131,4940,57800,285.5
19141,4868,59100,287.7
19151,4900,57900,283.7
19161,4936,56000,276.4
19171,4940,57800,285.5
19181,4936,56200,277.4
19191,4940,57800,285.5
19201,4940,56200,277.6
19212,4940,57100,282.1
19221,4936,56800,280.4
19231,4940,57100,282.1
19241,4940,56800,280.6
19251,4932,62700,309.2
19261,4936,57700,284.8
19271,4936,56200,277.4
19281,4940,57800,285.5
19291,4940,56200,277.6
19301,4940,57700,285.0
19311,4936,56100,276.9
19321,4940,57800,285.5
19331,4940,56100,277.1
19341,4940,57700,285.0
19351,4920,74800,368.0
19361,4940,57700,285.0
19371,4936,56200,277.4
19381,4940,57000,281.6
19391,4940,56800,280.6
19401,4940,57100,282.1
19411,4940,56800,280.6
19421,4940,56300,278.1
19431,4940,57800,285.5
19441,4936,56200,277.4
19451,4892,57900,283.2
19461,4816,139100,669.9
19471,4940,57800,285.5
19481,4936,56100,276.9
19491,4940,57700,285.0
19501,4936,56100,276.9
19511,4940,57700,285.0
19521,4940,56200,277.6
19531,4940,57700,285.0
19541,4936,56100,276.9
19551,4920,57100,280.9
19561,4940,56800,280.6
19571,4940,57200,282.6
19581,4940,56900,281.1
19591,4936,56800,280.4
19601,4936,57700,284.8
19611,4936,56100,276.9
19621,4940,57700,285.0
19631,4936,56200,277.4
19641,4940,57700,285.0
19651,4936,84900,419.1
19661,4940,57700,285.0
19671,4936,56100,276.9
19681,4940,57700,285.0
19691,4940,56200,277.6
19701,4940,57800,285.5
19711,4936,56200,277.4
19721,4940,57200,282.6
19731,4936,56800,280.4
19741,4940,57100,282.1
19751,4900,63900,313.1
19761,4940,56900,281.1
19771,4940,57400,283.6
19781,4936,56200,277.4
19791,4940,57700,285.0
19801,4936,56200,277.4
19811,4940,57700,285.0
19821,4936,56200,277.4
19831,4940,57700,285.0
19841,4936,56200,277.4
19851,4908,57900,284.2
19861,4936,56200,277.4
19871,4940,57700,285.0
19881,4808,134400,646.2
19891,4940,57000,281.6
19901,4936,56800,280.4
19911,4940,57100,282.1
19921,4940,56800,280.6
19931,4940,57100,282.1
19941,4936,57000,281.4
19951,4932,65100,321.1
19961,4940,57700,285.0
19971,4936,56200,277.4
19981,4808,143500,689.9
19991,4936,56200,277.4
20001,4940,57800,285.5
20011,4940,56100,277.1
20021,4940,57700,285.0
20031,4936,56200,277.4
20041,4940,57700,285.0
20051,4912,73100,359.1
20061,4940,57100,282.1
20071,4936,56800,280.4
20081,4940,57000,281.6
20091,4816,144900,697.8
20101,4940,57100,282.1
20111,4940,56800,280.6
20121,4940,56200,277.6
20131,4940,57800,285.5
20141,4936,56200,277.4
20151,4896,57800,283.0
20161,4936,56200,277.4
20171,4940,57800,285.5
20181,4936,56200,277.4
20191,4940,57800,285.5
20201,4900,177400,869.3
20211,4940,57700,285.0
20221,4936,56200,277.4
20231,4940,57500,284.1
20241,4936,56800,280.4
20251,4924,57200,281.7
20261,4936,56800,280.4
20271,4940,57100,282.1
20281,4936,56800,280.4
20291,4940,56100,277.1
20301,4820,144900,698.4
20311,4936,56100,276.9
20321,4940,57800,285.5
20331,4936,56100,276.9
20341,4940,57700,285.0
20351,4936,83800,413.6
20361,4940,57700,285.0
20371,4936,56200,277.4
20381,4940,57700,285.0
20391,4940,56100,277.1
20401,4940,57700,285.0
20411,4936,56500,278.9
20421,4940,57100,282.1
20431,4936,56800,280.4
20441,4940,57100,282.1
20451,4896,61900,303.1
20461,4936,56100,276.9
20471,4940,57800,285.5
20481,4940,56200,277.6
20491,4940,57700,285.0
20501,4936,56100,276.9
20511,4720,108800,513.5
20521,4936,56200,277.4
20531,4940,57800,285.5
20541,4936,56100,276.9
20551,4908,57900,284.2
20561,4936,56200,277.4
20571,4940,57700,285.0
20581,4940,56300,278.1
20591,4940,57100,282.1
20601,4940,56800,280.6
20611,4824,206400,995.7
20621,4940,56800,280.6
20631,4936,56100,276.9
20641,4936,57700,284.8
20651,4936,67300,332.2
20661,4940,57800,285.5
20671,4936,56100,276.9
20681,4940,57700,285.0
20691,4936,56100,276.9
20701,4940,57700,285.0
20711,4936,56200,277.4
20721,4820,137800,664.2
20731,4936,56100,276.9
20741,4940,57800,285.5
20751,4908,71500,350.9
20761,4940,57100,282.1
20771,4940,56900,281.1
20781,4936,57100,281.8
20791,4940,56800,280.6
20801,4940,56100,277.1
20811,4936,57800,285.3
20821,4936,56200,277.4
20831,4708,125400,590.4
20841,4936,56200,277.4
20851,4896,57900,283.5
20861,4940,56200,277.6
20871,4940,57800,285.5
20881,4936,56100,276.9
20891,4940,57800,285.5
20901,4936,56100,276.9
20911,4940,57700,285.0
20922,4936,56800,280.4
20931,4816,198300,955.0
20941,4936,56800,280.4
20951,4928,57200,281.9
20961,4940,56800,280.6
20971,4940,56500,279.1
20981,4940,57700,285.0
20991,4940,56200,277.6
21001,4940,57800,285.5
21011,4936,56100,276.9
21021,4940,57800,285.5
21031,4884,59000,288.2
21041,4940,57700,285.0
21051,4936,81600,402.8
21061,4940,57700,285.0
21071,4936,56200,277.4
21081,4940,57700,285.0
21091,4936,56200,277.4
21101,4936,57100,281.8
21111,4940,56800,280.6
21121,4940,57200,282.6
21131,4940,56800,280.6
21141,4812,143200,689.1
21151,4896,61700,302.1
21161,4936,56100,276.9
21171,4940,57800,285.5
21181,4940,56200,277.6
21191,4940,57800,285.5
21201,4936,56100,276.9
21211,4940,57700,285.0
21221,4936,56100,276.9
21231,4940,57700,285.0
21241,4936,56100,276.9
21251,4780,147000,702.7
21261,4936,56100,276.9
21271,4940,57000,281.6
21281,4936,56700,279.9
21291,4936,57100,281.8
21301,4940,56800,280.6
21311,4940,57000,281.6
21321,4936,57300,282.8
21331,4936,56100,276.9
21341,4940,57700,285.0
21351,4780,147800,706.5
21361,4940,57800,285.5
21371,4936,56200,277.4
21381,4940,57700,285.0
21391,4936,56100,276.9
21401,4940,57700,285.0
21411,4936,56100,276.9
21421,4940,57700,285.0
21431,4936,56100,276.9
21441,4940,57000,281.6
21451,4908,68100,334.2
21461,4804,187000,898.3
21471,4936,56800,280.4
21481,4936,57100,281.8
21491,4940,56900,281.1
21501,4936,56200,277.4
21511,4940,57700,285.0
21521,4936,56100,276.9
21531,4940,57700,285.0
21541,4936,56200,277.4
21551,4900,57800,283.2
21561,4728,135200,639.2
21571,4940,57800,285.5
21581,4936,56200,277.4
21591,4940,57800,285.5
21601,4936,56200,277.4
21611,4940,57400,283.6
21621,4936,56900,280.9
21631,4940,57100,282.1
21641,4936,56800,280.4
21651,4932,57700,284.6
21661,4776,162800,777.5
21671,4936,56300,277.9
21681,4940,57800,285.5
21691,4936,56200,277.4
21701,4940,57800,285.5
21711,4936,56100,276.9
21721,4940,57700,285.0
21731,4936,56100,276.9
21741,4940,57700,285.0
21751,4936,56200,277.4
21761,4940,57700,285.0
21771,4936,56200,277.4
21781,4940,57700,285.0
21791,4936,56700,279.9
21801,4940,57100,282.1
21811,4936,56800,280.4
21821,4936,57100,281.8
21831,4936,56800,280.4
21841,4936,56200,277.4
21851,4940,57700,285.0
21861,4936,56100,276.9
21871,4940,57800,285.5
21881,4936,56100,276.9
21891,4940,57800,285.5
21901,4936,56200,277.4
21911,4940,57700,285.0
21921,4936,56200,277.4
21931,4940,57700,285.0
21941,4936,56100,276.9
21951,4940,57700,285.0
21961,4936,56600,279.4
21971,4940,57100,282.1
21981,4940,56800,280.6
21991,4940,57100,282.1
22001,4936,56800,280.4
22011,4936,56200,277.4
22021,4940,57700,285.0
22031,4936,56100,276.9
22041,4940,57700,285.0
22051,4936,56100,276.9
22061,4940,57700,285.0
22071,4936,56200,277.4
22081,4940,57700,285.0
22091,4936,56200,277.4
22101,4940,57700,285.0
22111,4940,56100,277.1
22121,4940,57700,285.0
22131,4936,56500,278.9
22141,4936,57100,281.8
22151,4904,65100,319.3
22161,4808,144000,692.4
22171,4936,56800,280.4
22181,4936,56100,276.9
22191,4940,57700,285.0
22201,4936,56200,277.4
22211,4940,57700,285.0
22221,4936,56100,276.9
22231,4940,57700,285.0
22241,4936,56100,276.9
22251,4940,57800,285.5
22261,4936,56200,277.4
22271,4940,57700,285.0
22281,4936,56100,276.9
22291,4940,57700,285.0
22301,4940,56200,277.6
22311,4940,57100,282.1
22321,4940,56800,280.6
22331,4940,57100,282.1
22341,4940,56800,280.6
22351,4936,56100,276.9
22361,4940,57700,285.0
22371,4936,56200,277.4
22381,4940,57700,285.0
22391,4936,56200,277.4
22401,4940,57800,285.5
22411,4936,56100,276.9
22421,4940,57700,285.0
22431,4940,56100,277.1
22441,4940,57700,285.0
22451,4936,56100,276.9
22461,4940,57700,285.0
22471,4936,56200,277.4
22481,4940,57000,281.6
22491,4936,56800,280.4
22501,4940,57100,282.1
22511,4940,56800,280.6
22521,4936,56100,276.9
22531,4940,57600,284.5
22541,4936,56100,276.9
22551,4940,57700,285.0
22561,4940,56100,277.1
22571,4940,57700,285.0
22581,4940,56100,277.1
22591,4940,57700,285.0
22601,4936,56100,276.9
22611,4940,57700,285.0
22622,4936,56100,276.9
22631,4940,57700,285.0
22641,4940,56100,277.1
22651,4920,57100,280.9
22661,4936,59000,291.2
22671,4940,57100,282.1
22681,4936,56800,280.4
22691,4936,56200,277.4
22701,4940,57700,285.0
22711,4936,56200,277.4
22721,4940,57800,285.5
22731,4936,56200,277.4
22741,4940,57700,285.0
22751,4936,56100,276.9
22761,4940,57700,285.0
22771,4936,56100,276.9
22781,4940,57700,285.0
22791,4936,56100,276.9
22801,4940,57700,285.0
22811,4936,56000,276.4
22821,4940,57000,281.6
22831,4940,56700,280.1
22841,4936,57100,281.8
22851,4936,56800,280.4
22861,4940,56200,277.6
22871,4936,57700,284.8
22881,4936,56100,276.9
22891,4940,57800,285.5
22901,4936,56100,276.9
22911,4940,57600,284.5
22921,4936,56200,277.4
22931,4940,57700,285.0
22941,4936,56100,276.9
22951,4940,57800,285.5
22961,4936,56100,276.9
22971,4940,57800,285.5
22981,4940,56100,277.1
22991,4940,57100,282.1
23001,4940,56800,280.6
23011,4940,57000,281.6
23021,4936,56800,280.4
23031,4940,56200,277.6
23041,4936,57700,284.8
23051,4936,56200,277.4
23061,4940,57700,285.0
23071,4936,56200,277.4
23081,4940,57700,285.0
23091,4936,56200,277.4
23101,4940,57800,285.5
23111,4940,56100,277.1
23121,4940,57600,284.5
23131,4936,56100,276.9
23141,4940,57800,285.5
23151,4912,71700,352.2
23161,4940,57100,282.1
23171,4940,56800,280.6
23181,4940,57100,282.1
23191,4940,56800,280.6
23201,4940,56500,279.1
23211,4940,57700,285.0
23221,4936,56200,277.4
23231,4940,57800,285.5
23241,4936,56200,277.4
23251,4940,57800,285.5
23261,4936,56100,276.9
23271,4940,57800,285.5
23281,4936,56100,276.9
23291,4940,57800,285.5
23301,4936,56100,276.9
23311,4940,57700,285.0
23321,4936,56100,276.9
23331,4940,57100,282.1
23341,4940,56800,280.6
23351,4936,57100,281.8
23361,4936,56700,279.9
23371,4936,56700,279.9
23381,4936,57700,284.8
23391,4936,56100,276.9
23401,4940,57700,285.0
23411,4936,56100,276.9
23421,4940,57800,285.5
23431,4940,56100,277.1
23441,4940,57700,285.0
23451,4936,56200,277.4
23461,4940,57700,285.0
23471,4936,56200,277.4
23481,4940,57700,285.0
23491,4936,56100,276.9
23501,4940,57100,282.1
23511,4940,56800,280.6
23521,4940,57000,281.6
23531,4940,56800,280.6
23541,4940,56700,280.1
23551,4940,57700,285.0
23561,4936,56100,276.9
23571,4940,57800,285.5
23581,4940,56100,277.1
23591,4940,57800,285.5
23601,4936,56100,276.9
23611,4940,57700,285.0
23621,4936,56200,277.4
23631,4940,57700,285.0
23641,4940,56100,277.1
23651,4912,57900,284.4
23661,4936,56200,277.4
23671,4820,138500,667.6
23681,4940,56800,280.6
23691,4940,57100,282.1
23701,4936,56900,280.9
23711,4940,56900,281.1
23721,4940,57400,283.6
23731,4936,56200,277.4
23741,4940,57700,285.0
23751,4936,56100,276.9
23761,4940,57600,284.5
23771,4936,56200,277.4
23781,4940,57700,285.0
23791,4936,56100,276.9
23801,4940,57700,285.0
23811,4936,56100,276.9
23821,4940,57700,285.0
23831,4940,56100,277.1
23841,4940,56900,281.1
23851,4936,56700,279.9
23861,4940,57100,282.1
23871,4936,56800,280.4
23881,4940,57000,281.6
23891,4940,57400,283.6
23901,4936,56100,276.9
23911,4940,57700,285.0
23921,4940,56100,277.1
23931,4940,57800,285.5
23941,4936,56100,276.9
23951,4940,57700,285.0
23961,4936,56100,276.9
23971,4940,57700,285.0
23981,4940,56200,277.6
23991,4940,57700,285.0
24001,4936,56100,276.9
24011,4940,57000,281.6
24021,4936,56800,280.4
24031,4940,57100,282.1
24041,4940,56800,280.6
24051,4940,57000,281.6
24061,4940,57300,283.1
24071,4936,56200,277.4
24081,4940,57700,285.0
24091,4936,56100,276.9
24101,4940,57700,285.0
24111,4940,56200,277.6
24121,4940,57700,285.0
24131,4940,56200,277.6
24141,4940,57700,285.0
24151,4920,77800,382.8
24161,4940,57700,285.0
24171,4936,56100,276.9
24181,4940,57000,281.6
24191,4940,56700,280.1
24201,4940,57100,282.1
24211,4936,56800,280.4
24221,4940,57100,282.1
24231,4936,57000,281.4
24241,4936,56100,276.9
24251,4940,57700,285.0
24261,4936,56100,276.9
24271,4940,57700,285.0
24281,4936,56200,277.4
24291,4940,57800,285.5
24301,4936,56200,277.4
24311,4940,57700,285.0
24321,4940,56100,277.1
24332,4940,57300,283.1
24341,4936,56100,276.9
24351,4940,57000,281.6
24361,4936,56700,279.9
24371,4940,57100,282.1
24381,4936,56800,280.4
24391,4940,57100,282.1
24401,4940,56900,281.1
24411,4936,56100,276.9
24421,4940,57700,285.0
24431,4936,56100,276.9
24441,4940,57700,285.0
24451,4936,56200,277.4
24461,4940,57700,285.0
24471,4936,56100,276.9
24481,4940,57700,285.0
24491,4936,56200,277.4
24501,4940,57700,285.0
24511,4936,56100,276.9
24521,4940,57100,282.1
24531,4936,56800,280.4
24541,4940,57000,281.6
24551,4936,56800,280.4
24561,4940,57000,281.6
24571,4936,56800,280.4
24581,4936,56100,276.9
24591,4940,57600,284.5
24601,4936,56100,276.9
24611,4940,57700,285.0
24621,4936,56100,276.9
24631,4940,57700,285.0
24641,4936,56100,276.9
24651,4904,57800,283.5
24661,4936,56100,276.9
24671,4936,57800,285.3
24681,4788,134100,642.1
24691,4940,57300,283.1
24701,4936,56900,280.9
24711,4940,57100,282.1
24721,4940,56800,280.6
24731,4940,57100,282.1
24741,4940,56700,280.1
24751,4940,56100,277.1
24761,4940,57700,285.0
24771,4940,56100,277.1
24781,4940,57700,285.0
24791,4936,56100,276.9
24801,4940,57700,285.0
24811,4936,56000,276.4
24821,4940,57700,285.0
24831,4936,56100,276.9
24841,4940,57700,285.0
24851,4936,56100,276.9
24861,4940,57400,283.6
24871,4936,56900,280.9
24881,4940,57000,281.6
24891,4936,56700,279.9
24901,4940,57000,281.6
24911,4936,56800,280.4
24921,4936,56100,276.9
24931,4940,57700,285.0
24941,4936,56100,276.9
24951,4940,57800,285.5
24961,4936,56100,276.9
24971,4940,57700,285.0
24981,4936,56100,276.9
24991,4940,57800,285.5
25001,4936,56200,277.4
25011,4940,57700,285.0
25021,4936,56200,277.4
25031,4940,57500,284.1
25041,4936,56800,280.4
25051,4940,57100,282.1
25061,4940,56700,280.1
25071,4940,57000,281.6
25081,4940,56700,280.1
25091,4936,56100,276.9
25101,4940,57700,285.0
25111,4936,56100,276.9
25121,4940,57800,285.5
25131,4936,56100,276.9
25141,4940,57700,285.0
25151,4940,83700,413.5
25161,4940,57700,285.0
25171,4936,56100,276.9
25181,4940,57700,285.0
25191,4780,133700,639.1
25201,4940,57700,285.0
25211,4936,56600,279.4
25221,4940,57100,282.1
25231,4940,56800,280.6
25241,4940,57100,282.1
25251,4936,56800,280.4
25261,4936,56100,276.9
25271,4940,57800,285.5
25281,4936,56100,276.9
25291,4940,57700,285.0
25301,4936,56000,276.4
25311,4940,57700,285.0
25321,4940,56200,277.6
25331,4940,57700,285.0
25341,4936,56100,276.9
25351,4940,57700,285.0
25361,4940,56100,277.1
25371,4940,57700,285.0
25381,4940,56500,279.1
25391,4940,57000,281.6
25401,4940,56800,280.6
25411,4940,57100,282.1
25421,4936,56800,280.4
25431,4940,56100,277.1
25441,4940,57600,284.5
25451,4940,56100,277.1
25461,4940,57700,285.0
25471,4936,56100,276.9
25481,4940,57700,285.0
25491,4936,56100,276.9
25501,4940,57700,285.0
25511,4936,56100,276.9
25521,4940,57700,285.0
25531,4936,56100,276.9
25541,4940,57700,285.0
25551,4936,56400,278.4
25561,4936,57000,281.4
25571,4936,56800,280.4
25581,4940,57000,281.6
25591,4940,56800,280.6
25601,4940,56200,277.6
25611,4940,57600,284.5
25621,4936,56200,277.4
25631,4940,57700,285.0
25641,4940,56100,277.1
25651,4900,57800,283.2
25661,4936,56000,276.4
25671,4940,57700,285.0
25681,4936,56200,277.4
25691,4820,202000,973.6
25701,4936,56200,277.4
25711,4940,57700,285.0
25721,4936,56200,277.4
25731,4940,57100,282.1
25741,4940,56700,280.1
25751,4940,57100,282.1
25761,4940,56700,280.1
25771,4940,56100,277.1
25781,4936,57700,284.8
25791,4936,56100,276.9
25801,4940,57800,285.5
25811,4936,56200,277.4
25821,4940,57700,285.0
25831,4936,56200,277.4
25841,4940,57700,285.0
25851,4936,56100,276.9
25861,4940,57700,285.0
25871,4936,56200,277.4
25881,4940,57700,285.0
25891,4936,56100,276.9
25901,4936,57100,281.8
25911,4936,56700,279.9
25921,4936,57100,281.8
25931,4940,56800,280.6
25941,4940,56100,277.1
25951,4940,57700,285.0
25961,4936,56100,276.9
25971,4940,57700,285.0
25981,4936,56100,276.9
25991,4940,57700,285.0
26001,4936,56200,277.4
26011,4940,57700,285.0
26021,4936,56100,276.9
26032,4940,57800,285.5
26041,4936,56200,277.4
26051,4940,57700,285.0
26061,4936,56200,277.4
26071,4940,57100,282.1
26081,4936,56800,280.4
26091,4940,57000,281.6
26101,4936,56800,280.4
26111,4940,56100,277.1
26121,4940,57700,285.0
26131,4940,56100,277.1
26141,4940,57700,285.0
26151,4936,70000,345.5
26161,4940,57700,285.0
26171,4936,56100,276.9
26181,4940,57700,285.0
26191,4724,140500,663.7
26201,4940,57800,285.5
26211,4936,56100,276.9
26221,4940,57800,285.5
26231,4936,56000,276.4
26241,4936,57000,281.4
26251,4940,56700,280.1
26261,4940,57000,281.6
26271,4936,56800,280.4
26281,4940,56200,277.6
26291,4936,57800,285.3
26301,4936,56100,276.9
26311,4940,57800,285.5
26321,4936,56200,277.4
26331,4940,57700,285.0
26341,4936,56100,276.9
26351,4940,57700,285.0
26361,4936,56100,276.9
26371,4940,57700,285.0
26381,4936,56100,276.9
26391,4940,57700,285.0
26401,4936,56100,276.9
26411,4940,57000,281.6
26421,4940,56800,280.6
26431,4936,57000,281.4
26441,4936,56700,279.9
26451,4936,56300,277.9
26461,4940,57800,285.5
26471,4936,56100,276.9
26481,4940,57600,284.5
26491,4936,56000,276.4
26501,4940,57700,285.0
26511,4940,56000,276.6
26521,4940,57700,285.0
26531,4940,56100,277.1
26541,4940,57700,285.0
26551,4936,56100,276.9
26561,4940,57700,285.0
26571,4936,56200,277.4
26581,4940,57100,282.1
26591,4940,56800,280.6
26601,4940,57000,281.6
26611,4940,56700,280.1
26621,4940,56400,278.6
26631,4940,57700,285.0
26641,4936,56100,276.9
26651,4896,58400,285.9
26661,4936,56100,276.9
26671,4940,57700,285.0
26681,4936,56100,276.9
26691,4940,57700,285.0
26701,4824,131400,633.9
26711,4940,57700,285.0
26721,4936,56200,277.4
26731,4940,57700,285.0
26741,4936,56100,276.9
26751,4940,57100,282.1
26761,4940,56800,280.6
26771,4936,57000,281.4
26781,4940,56800,280.6
26791,4940,56600,279.6
26801,4936,57700,284.8
26811,4936,56100,276.9
26821,4940,57600,284.5
26831,4936,56200,277.4
26841,4940,57700,285.0
26851,4940,56200,277.6
26861,4940,57700,285.0
26871,4936,56100,276.9
26881,4940,57700,285.0
26891,4936,56100,276.9
26901,4940,57700,285.0
26911,4936,56000,276.4
26921,4940,57100,282.1
26931,4936,56800,280.4
26941,4940,57100,282.1
26951,4936,56800,280.4
26961,4940,56700,280.1
26971,4940,57600,284.5
26981,4940,56100,277.1
26991,4940,57700,285.0
27001,4936,56100,276.9
27011,4940,57600,284.5
27021,4936,56100,276.9
27031,4940,57700,285.0
27041,4936,56100,276.9
27051,4940,57700,285.0
27061,4936,56100,276.9
27071,4940,57700,285.0
27081,4936,56100,276.9
27091,4940,57100,282.1
27101,4940,56800,280.6
27111,4940,57000,281.6
27121,4940,56800,280.6
27131,4936,56800,280.4
27141,4940,57600,284.5
27151,4936,60500,298.6
27161,4940,57600,284.5
27171,4940,56100,277.1
27181,4940,57700,285.0
27191,4936,56100,276.9
27201,4808,142900,687.1
27211,4936,56100,276.9
27221,4940,57700,285.0
27231,4936,56100,276.9
27241,4940,57700,285.0
27251,4936,56100,276.9
27261,4940,57000,281.6
27271,4936,56800,280.4
27281,4940,57100,282.1
27291,4936,56800,280.4
27301,4940,57000,281.6
27311,4936,57300,282.8
27321,4936,56100,276.9
27331,4940,57700,285.0
27341,4936,56100,276.9
27351,4940,57800,285.5
27361,4936,56100,276.9
27371,4940,57700,285.0
27381,4936,56100,276.9
27391,4940,57700,285.0
27401,4936,56200,277.4
27411,4940,57700,285.0
27421,4936,56100,276.9
27431,4940,57000,281.6
27441,4936,56700,279.9
27451,4940,57100,282.1
27461,4940,56800,280.6
27471,4940,57000,281.6
27481,4940,57200,282.6
27491,4936,56100,276.9
27501,4940,57700,285.0
27511,4936,56100,276.9
27521,4940,57700,285.0
27531,4940,56100,277.1
27541,4940,57700,285.0
27551,4936,56100,276.9
27561,4940,57700,285.0
27571,4940,56100,277.1
27581,4940,57700,285.0
27591,4936,56100,276.9
27601,4940,57100,282.1
27611,4936,56700,279.9
27621,4940,57100,282.1
27631,4936,56700,279.9
27641,4940,57000,281.6
27651,4884,58200,284.2
27661,4788,141800,678.9
27671,4940,57700,285.0
27681,4936,56000,276.4
27691,4940,57700,285.0
27701,4936,56100,276.9
27711,4940,57700,285.0
27721,4936,56100,276.9
27731,4940,57700,285.0
27742,4936,56200,277.4
27751,4912,57800,283.9
27761,4936,56200,277.4
27771,4828,201600,973.3
27781,4940,56800,280.6
27791,4940,57100,282.1
27801,4940,56700,280.1
27811,4940,57000,281.6
27821,4940,56800,280.6
27831,4940,56100,277.1
27841,4940,57700,285.0
27851,4936,64200,316.9
27861,4940,57700,285.0
27871,4816,150200,723.4
27881,4940,57800,285.5
27891,4936,56100,276.9
27901,4940,57700,285.0
27911,4936,56100,276.9
27921,4940,57800,285.5
27931,4936,56100,276.9
27941,4940,57400,283.6
27951,4908,70000,343.6
27961,4936,57100,281.8
27971,4940,56800,280.6
27981,4812,143000,688.1
27991,4936,56800,280.4
28001,4936,56100,276.9
28011,4940,57700,285.0
28021,4936,56100,276.9
28031,4940,57700,285.0
28041,4936,56200,277.4
28051,4900,57900,283.7
28061,4936,56100,276.9
28071,4940,57700,285.0
28081,4940,56100,277.1
28091,4820,201300,970.3
28101,4936,56200,277.4
28111,4940,57700,285.0
28121,4940,56500,279.1
28131,4936,57100,281.8
28141,4936,56700,279.9
28151,4932,57200,282.1
28161,4936,56700,279.9
28171,4936,56100,276.9
28181,4940,57700,285.0
28191,4812,141400,680.4
28201,4940,57700,285.0
28211,4936,56200,277.4
28221,4940,57800,285.5
28231,4936,56100,276.9
28241,4940,57700,285.0
28251,4924,79400,391.0
28261,4940,57700,285.0
28271,4936,56200,277.4
28281,4940,57700,285.0
28291,4936,56300,277.9
28301,4796,67900,325.6
28311,4940,56800,280.6
28321,4940,57100,282.1
28331,4940,56700,280.1
28341,4936,56100,276.9
28351,4896,60300,295.2
28361,4936,56200,277.4
28371,4940,57800,285.5
28381,4936,56100,276.9
28391,4940,57700,285.0
28401,4812,141200,679.5
28411,4940,57700,285.0
28421,4936,56100,276.9
28431,4940,57700,285.0
28441,4936,56100,276.9
28451,4916,57800,284.1
28461,4936,56100,276.9
28471,4940,57100,282.1
28481,4936,56700,279.9
28491,4940,57000,281.6
28501,4936,56800,280.4
28511,4828,205900,994.1
28521,4940,57800,285.5
28531,4940,56200,277.6
28541,4940,57700,285.0
28551,4936,87300,430.9
28561,4940,57700,285.0
28571,4936,56100,276.9
28581,4940,57700,285.0
28591,4940,56100,277.1
28601,4940,57700,285.0
28611,4820,139300,671.4
28621,4940,57800,285.5
28631,4936,56100,276.9
28641,4940,57100,282.1
28651,4904,67200,329.5
28661,4936,57100,281.8
28671,4936,56800,280.4
28681,4940,56300,278.1
28691,4940,57800,285.5
28701,4940,56100,277.1
28711,4940,57700,285.0
28721,4828,171900,829.9
28731,4940,57800,285.5
28741,4936,56200,277.4
28751,4904,57900,283.9
28761,4936,56100,276.9
28771,4940,57800,285.5
28781,4936,56200,277.4
28791,4940,57700,285.0
28801,4936,56200,277.4
28811,4940,57200,282.6
28821,4792,142400,682.4
28831,4940,57100,282.1
28841,4940,56800,280.6
28851,4932,56900,280.6
28861,4940,57600,284.5
28871,4936,56200,277.4
28881,4940,57700,285.0
28891,4936,56200,277.4
28901,4940,57800,285.5
28911,4940,56200,277.6
28921,4940,57700,285.0
28931,4720,140800,664.6
28941,4940,57700,285.0
28951,4920,77100,379.3
28961,4940,57700,285.0
28971,4936,56100,276.9
28981,4940,57100,282.1
28991,4940,56800,280.6
29001,4940,57100,282.1
29011,4940,56800,280.6
29021,4936,57000,281.4
29031,4820,143500,691.7
29041,4936,56200,277.4
29051,4896,59100,289.4
29061,4936,56100,276.9
29071,4940,57700,285.0
29081,4936,56100,276.9
29091,4940,57700,285.0
29101,4936,56200,277.4
29111,4940,57700,285.0
29121,4936,56200,277.4
29131,4936,112400,554.8
29141,4940,56200,277.6
29151,4920,57100,280.9
29161,4936,56800,280.4
29171,4936,57100,281.8
29181,4940,56800,280.6
29191,4940,57100,282.1
29201,4936,56900,280.9
29211,4940,56100,277.1
29221,4940,57700,285.0
29231,4936,56100,276.9
29241,4816,194000,934.3
29251,4936,85800,423.5
29261,4940,57700,285.0
29271,4936,56200,277.4
29281,4940,57800,285.5
29291,4936,56100,276.9
29301,4940,57700,285.0
29311,4936,56100,276.9
29321,4940,57200,282.6
29331,4936,56800,280.4
29341,4828,209900,1013.4
29351,4904,65100,319.3
29361,4936,57100,281.8
29371,4940,56800,280.6
29381,4936,56200,277.4
29391,4940,57700,285.0
29401,4936,56100,276.9
29411,4940,57700,285.0
29421,4936,56200,277.4
29431,4940,57700,285.0
29442,4720,152600,720.3
29451,4904,57900,283.9
29461,4936,56100,276.9
29471,4940,57800,285.5
29481,4936,56100,276.9
29491,4940,57600,284.5
29501,4940,56800,280.6
29511,4940,57100,282.1
29521,4936,56800,280.4
29531,4940,57100,282.1
29541,4936,56800,280.4
29551,4784,207800,994.1
29561,4940,57700,285.0
29571,4936,56100,276.9
29581,4940,57700,285.0
29591,4936,56100,276.9
29601,4940,57700,285.0
29611,4936,56100,276.9
29621,4940,57800,285.5
29631,4936,56100,276.9
29641,4940,57800,285.5
29651,4792,171200,820.4
29661,4940,57700,285.0
29671,4936,56400,278.4
29681,4940,57100,282.1
29691,4940,56800,280.6
29701,4940,57100,282.1
29711,4940,56800,280.6
29721,4936,56200,277.4
29731,4940,57700,285.0
29741,4936,56100,276.9
29751,4896,57800,283.0
29761,4740,141800,672.1
29771,4940,57800,285.5
29781,4936,56100,276.9
29791,4940,57800,285.5
29801,4936,56100,276.9
29811,4940,57700,285.0
29821,4936,56100,276.9
29831,4940,57700,285.0
29841,4936,56200,277.4
29851,4920,57200,281.4
29861,4796,143200,686.8
29871,4936,57100,281.8
29881,4936,56800,280.4
29891,4940,56100,277.1
29901,4940,57800,285.5
29911,4936,56200,277.4
29921,4940,57800,285.5
29931,4936,56200,277.4
29941,4940,57700,285.0
29951,4936,84400,416.6
29961,4940,57700,285.0
29971,4824,211400,1019.8
29981,4940,57700,285.0
29991,4936,56100,276.9
30001,4940,57700,285.0
30011,4936,56200,277.4
30021,4940,57100,282.1
30031,4940,56700,280.1
30041,4940,57000,281.6
30051,4900,62600,306.7
30061,4940,56300,278.1
30071,4940,57700,285.0
30081,4940,56200,277.6
30091,4940,57700,285.0
30101,4936,56200,277.4
30111,4940,57700,285.0
30121,4936,56100,276.9
30131,4940,57800,285.5
30141,4936,56200,277.4
30151,4908,57900,284.2
30161,4940,56200,277.6
30171,4940,57800,285.5
30181,4816,140500,676.6
30191,4936,57100,281.8
30201,4940,56900,281.1
30211,4940,57100,282.1
30221,4936,56800,280.4
30231,4940,56800,280.6
30241,4940,57600,284.5
30251,4936,57200,282.3
30261,4940,57700,285.0
30271,4936,56200,277.4
30281,4940,57700,285.0
30291,4728,140500,664.3
30301,4940,57800,285.5
30311,4936,56200,277.4
30321,4940,57800,285.5
30331,4936,56100,276.9
30341,4940,57700,285.0
30351,4912,72500,356.1
30361,4936,57100,281.8
30371,4936,56800,280.4
30381,4940,57000,281.6
30391,4940,56800,280.6
30401,4940,57100,282.1
30411,4940,57300,283.1
30421,4936,56200,277.4
30431,4940,57700,285.0
30441,4936,56200,277.4
30451,4896,57900,283.5
30461,4936,56100,276.9
30471,4940,57700,285.0
30481,4936,56100,276.9
30491,4940,57700,285.0
30501,4732,133700,632.7
30511,4940,57700,285.0
30521,4936,56200,277.4
30531,4940,57000,281.6
30541,4936,56700,279.9
30551,4924,57200,281.7
30561,4940,56800,280.6
30571,4940,57000,281.6
30581,4940,57000,281.6
30591,4936,56100,276.9
30601,4940,57700,285.0
30611,4936,56100,276.9
30621,4940,57800,285.5
30631,4936,56300,277.9
30641,4940,57800,285.5
30651,4936,82900,409.2
30661,4940,57800,285.5
30671,4936,56200,277.4
30681,4940,57700,285.0
30691,4936,56100,276.9
30701,4940,57200,282.6
30711,4936,58300,287.8
30721,4940,57100,282.1
30731,4940,56900,281.1
30741,4936,57000,281.4
30751,4896,61600,301.6
30761,4940,56100,277.1
30771,4940,57800,285.5
30781,4940,56200,277.6
30791,4940,57600,284.5
30801,4936,56200,277.4
30811,4940,57700,285.0
30821,4936,56100,276.9
30831,4940,57800,285.5
30841,4936,56100,276.9
30851,4912,57800,283.9
30861,4936,56100,276.9
30871,4940,57600,284.5
30881,4936,56800,280.4
30891,4940,57100,282.1
30901,4936,56800,280.4
30911,4936,57000,281.4
30921,4812,145500,700.1
30931,4936,56200,277.4
30941,4940,57700,285.0
30951,4936,57900,285.8
30961,4940,57800,285.5
30971,4936,56200,277.4
30981,4936,57700,284.8
30991,4936,56100,276.9
31001,4940,57600,284.5
31011,4936,56200,277.4
31021,4940,57700,285.0
31031,4936,56200,277.4
31041,4940,57700,285.0
31051,4912,70100,344.3
31061,4936,57100,281.8
31071,4936,56800,280.4
31081,4940,57100,282.1
31091,4940,56800,280.6
31101,4936,56100,276.9
31111,4940,57700,285.0
31121,4940,56100,277.1
31131,4828,135300,653.2
31142,4940,56200,277.6
31151,4896,57800,283.0
31161,4936,56100,276.9
31171,4940,57800,285.5
31181,4940,56200,277.6
31191,4940,57700,285.0
31201,4940,56200,277.6
31211,4940,57700,285.0
31221,4940,56200,277.6
31231,4816,143000,688.7
31241,4936,56800,280.4
31251,4928,57200,281.9
31261,4936,56800,280.4
31271,4936,56100,276.9
31281,4936,57700,284.8
31291,4936,56200,277.4
31301,4940,57700,285.0
31311,4940,56100,277.1
31321,4940,57700,285.0
31331,4936,56200,277.4
31341,4940,57700,285.0
31351,4928,80800,398.2
31361,4940,57700,285.0
31371,4936,56200,277.4
31381,4940,57700,285.0
31391,4940,56100,277.1
31401,4936,57000,281.4
31411,4940,56800,280.6
31421,4940,57100,282.1
31431,4936,56800,280.4
31441,4816,141400,681.0
31451,4896,60900,298.2
31461,4936,56200,277.4
31471,4940,57700,285.0
31481,4940,56200,277.6
31491,4940,57700,285.0
31501,4936,56200,277.4
31511,4940,57800,285.5
31521,4940,56200,277.6
31531,4940,57700,285.0
31541,4936,56100,276.9
31551,4788,178300,853.7
31561,4940,56200,277.6
31571,4940,57100,282.1
31581,4936,56800,280.4
31591,4940,57100,282.1
31601,4940,56800,280.6
31611,4940,56800,280.6
31621,4940,57600,284.5
31631,4936,56200,277.4
31641,4940,57700,285.0
31651,4916,87000,427.7
31661,4940,57700,285.0
31671,4936,56200,277.4
31681,4940,57800,285.5
31691,4936,56100,276.9
31701,4940,57700,285.0
31711,4940,56100,277.1
31721,4940,57700,285.0
31731,4940,56200,277.6
31741,4940,57100,282.1
31751,4908,68000,333.7
31761,4816,143300,690.1
31771,4936,56900,280.9
31781,4936,57200,282.3
31791,4936,57200,282.3
31801,4936,56200,277.4
31811,4940,57700,285.0
31821,4936,56100,276.9
31831,4936,57700,284.8
31841,4940,56100,277.1
31851,4900,57800,283.2
31861,4940,56100,277.1
31871,4820,208300,1004.0
31881,4936,56200,277.4
31891,4940,57800,285.5
31901,4936,56200,277.4
31911,4940,57000,281.6
31921,4936,56800,280.4
31931,4940,57100,282.1
31941,4940,56800,280.6
31951,4932,57200,282.1
31961,4936,56900,280.9
31971,4940,56100,277.1
31981,4740,138000,654.1
31991,4940,56000,276.6
32001,4940,57800,285.5
32011,4936,56100,276.9
32021,4940,57800,285.5
32031,4936,56200,277.4
32041,4940,57700,285.0
32051,4920,78100,384.3
32061,4940,57700,285.0
32071,4936,56100,276.9
32081,4936,111800,551.8
32091,4936,56900,280.9
32101,4936,57100,281.8
32111,4940,56800,280.6
32121,4940,57100,282.1
32131,4940,56800,280.6
32141,4936,56100,276.9
32151,4892,59900,293.0
32161,4936,56100,276.9
32171,4940,57700,285.0
32181,4936,56100,276.9
32191,4820,192900,929.8
32201,4936,56200,277.4
32211,4940,57700,285.0
32221,4936,56100,276.9
32231,4940,57700,285.0
32241,4936,56200,277.4
32251,4920,57700,283.9
32261,4936,56700,279.9
32271,4940,57100,282.1
32281,4940,56800,280.6
32291,4940,57100,282.1
32301,4720,150500,710.4
32311,4936,56200,277.4
32321,4940,57800,285.5
32331,4936,56100,276.9
32341,4940,57700,285.0
32351,4936,86800,428.4
32361,4940,57700,285.0
32371,4936,56200,277.4
32381,4940,57800,285.5
32391,4936,56200,277.4
32401,4816,146700,706.5
32411,4936,56200,277.4
32421,4936,57700,284.8
32431,4936,56300,277.9
32441,4940,57100,282.1
32451,4904,66200,324.6
32461,4940,57100,282.1
32471,4940,56800,280.6
32481,4940,56000,276.6
32491,4940,57600,284.5
32501,4928,149000,734.3
32511,4940,57700,285.0
32521,4940,56200,277.6
32531,4940,57700,285.0
32541,4940,56100,277.1
32551,4900,57800,283.2
32561,4936,56100,276.9
32571,4940,57700,285.0
32581,4936,56200,277.4
32591,4940,57700,285.0
32601,4936,56200,277.4
32611,4820,137200,661.3
32621,4936,56800,280.4
32631,4936,57100,281.8
32641,4940,56800,280.6
32651,4932,56300,277.7
32661,4940,57800,285.5
32671,4936,56200,277.4
32681,4940,57600,284.5
32691,4936,56100,276.9
32701,4940,57800,285.5
32711,4912,59000,289.8
32721,4940,57700,285.0
32731,4936,56200,277.4
32741,4940,57700,285.0
32751,4916,76100,374.1
32761,4940,57700,285.0
32771,4936,56100,276.9
32781,4940,57100,282.1
32791,4940,56900,281.1
32801,4936,57000,281.4
32811,4940,56800,280.6
32821,4824,200000,964.8
32831,4940,57800,285.5
32842,4936,56200,277.4
32851,4896,58500,286.4
32861,4936,56100,276.9
32871,4940,57700,285.0
32881,4936,56100,276.9
32891,4940,57700,285.0
32901,4940,56100,277.1
32911,4940,57800,285.5
32921,4936,56200,277.4
32931,4828,140900,680.3
32941,4936,56100,276.9
32951,4920,57300,281.9
32961,4936,56900,280.9
32971,4940,57100,282.1
32981,4936,56900,280.9
32991,4936,56900,280.9
33001,4940,57600,284.5
33011,4936,56100,276.9
33021,4940,57700,285.0
33031,4824,131800,635.8
33041,4940,57800,285.5
33051,4936,85100,420.1
33061,4940,57700,285.0
33071,4936,56200,277.4
33081,4940,57700,285.0
33091,4940,56200,277.6
33101,4940,57700,285.0
33111,4936,56100,276.9
33121,4940,57100,282.1
33131,4936,56700,279.9
33141,4940,57100,282.1
33151,4900,63900,313.1
33161,4940,57100,282.1
33171,4936,57100,281.8
33181,4936,56200,277.4
33191,4940,57700,285.0
33201,4936,56200,277.4
33211,4940,57700,285.0
33221,4936,56200,277.4
33231,4940,57800,285.5
33241,4828,137100,661.9
33251,4904,57900,283.9
33261,4936,56200,277.4
33271,4940,57700,285.0
33281,4936,56100,276.9
33291,4940,57100,282.1
33301,4936,56800,280.4
33311,4940,57100,282.1
33321,4940,56800,280.6
33331,4940,57100,282.1
33341,4936,56900,280.9
33351,4788,154000,737.4
33361,4940,57800,285.5
33371,4936,56100,276.9
33381,4940,57800,285.5
33391,4940,56100,277.1
33401,4940,57800,285.5
33411,4936,56100,276.9
33421,4940,57800,285.5
33431,4936,56100,276.9
33441,4940,57700,285.0
33451,4692,159900,750.3
33461,4940,57500,284.1
33471,4936,56900,280.9
33481,4940,57000,281.6
33491,4940,56700,280.1
33501,4936,57100,281.8
33511,4936,56800,280.4
33521,4936,56200,277.4
33531,4940,57700,285.0
33541,4936,56100,276.9
33551,4772,191100,911.9
33561,4936,56100,276.9
33571,4940,57800,285.5
33581,4936,56200,277.4
33591,4940,57800,285.5
33601,4936,56200,277.4
33611,4940,57700,285.0
33621,4940,56200,277.6
33631,4940,57600,284.5
33641,4936,56700,279.9
33651,4812,169700,816.6
33661,4936,56800,280.4
33671,4940,57100,282.1
33681,4940,56800,280.6
33691,4936,56100,276.9
33701,4940,57800,285.5
33711,4936,56200,277.4
33721,4940,57800,285.5
33731,4940,56200,277.6
33741,4940,57800,285.5
33751,4924,56200,276.7
33761,4800,139900,671.5
33771,4936,56100,276.9
33781,4940,57800,285.5
33791,4936,56100,276.9
33801,4940,57700,285.0
33811,4940,56300,278.1
33821,4936,57000,281.4
33831,4940,56800,280.6
33841,4940,57100,282.1
33851,4940,56900,281.1
33861,4820,143000,689.3
33871,4940,57700,285.0
33881,4936,56200,277.4
33891,4940,57700,285.0
33901,4936,56100,276.9
33911,4940,57700,285.0
33921,4936,56200,277.4
33931,4940,57800,285.5
33941,4940,56100,277.1
33951,4936,73300,361.8
33961,4812,141200,679.5
33971,4940,57700,285.0
33981,4936,56200,277.4
33991,4940,57100,282.1
34001,4940,56800,280.6
34011,4940,57100,282.1
34021,4940,56800,280.6
34031,4940,56200,277.6
34041,4940,57800,285.5
34051,4936,87600,432.4
34061,4940,57700,285.0
34071,4820,187600,904.2
34081,4940,57700,285.0
34091,4936,56200,277.4
34101,4940,57700,285.0
34111,4936,56200,277.4
34121,4940,57800,285.5
34131,4936,56200,277.4
34141,4940,57800,285.5
34151,4936,56200,277.4
34161,4940,57100,282.1
34171,4940,56900,281.1
34181,4940,57100,282.1
34191,4940,56800,280.6
34201,4940,56700,280.1
34211,4940,57800,285.5
34221,4936,56100,276.9
34231,4940,57800,285.5
34241,4936,56100,276.9
34251,4940,63900,315.7
34261,4936,56100,276.9
34271,4940,57800,285.5
34281,4808,142400,684.7
34291,4940,57700,285.0
34301,4936,56200,277.4
34311,4940,57700,285.0
34321,4936,56100,276.9
34331,4940,57100,282.1
34341,4940,56700,280.1
34351,4936,85300,421.0
34361,4936,56800,280.4
34371,4940,56900,281.1
34381,4936,57500,283.8
34391,4804,57700,277.2
34401,4940,57700,285.0
34411,4936,56100,276.9
34421,4940,57700,285.0
34431,4936,56100,276.9
34441,4940,57700,285.0
34451,4920,56200,276.5
34461,4940,57800,285.5
34471,4936,56100,276.9
34481,4940,57700,285.0
34491,4716,130100,613.6
34501,4940,57000,281.6
34511,4936,56800,280.4
34521,4940,57100,282.1
34531,4940,56900,281.1
34542,4936,57100,281.8
34551,4940,57000,281.6
34561,4936,56100,276.9
34571,4940,57800,285.5
34581,4940,56200,277.6
34591,4816,146200,704.1
34601,4936,56200,277.4
34611,4940,57800,285.5
34621,4940,56200,277.6
34631,4940,57800,285.5
34641,4936,56100,276.9
34651,4940,83100,410.5
34661,4828,165100,797.1
34671,4940,57300,283.1
34681,4936,56900,280.9
34691,4936,57000,281.4
34701,4940,56700,280.1
34711,4940,57100,282.1
34721,4940,56700,280.1
34731,4936,56200,277.4
34741,4940,57700,285.0
34751,4936,56200,277.4
34761,4940,57700,285.0
34771,4936,56200,277.4
34781,4940,57700,285.0
34791,4936,56100,276.9
34801,4940,57700,285.0
34811,4936,56100,276.9
34821,4940,57600,284.5
34831,4936,56200,277.4
34841,4940,57500,284.1
34851,4936,56900,280.9
34861,4940,57000,281.6
34871,4940,56800,280.6
34881,4940,57100,282.1
34891,4936,56800,280.4
34901,4936,56200,277.4
34911,4940,57700,285.0
34921,4936,56200,277.4
34931,4940,57700,285.0
34941,4936,56100,276.9
34951,4940,57700,285.0
34961,4940,56100,277.1
34971,4940,57700,285.0
34981,4936,56100,276.9
34991,4940,57700,285.0
35001,4936,56200,277.4
35011,4940,57500,284.1
35021,4936,56700,279.9
35031,4936,57100,281.8
35041,4940,56800,280.6
35051,4940,57000,281.6
35061,4940,56700,280.1
35071,4936,56200,277.4
35081,4940,57700,285.0
35091,4936,56100,276.9
35101,4940,57700,285.0
35111,4936,56200,277.4
35121,4940,57700,285.0
35131,4936,56200,277.4
35141,4940,57800,285.5
35151,4936,56200,277.4
35161,4940,60700,299.9
35171,4936,56100,276.9
35181,4940,57700,285.0
35191,4940,56500,279.1
35201,4936,57100,281.8
35211,4936,56800,280.4
35221,4940,57100,282.1
35231,4936,56800,280.4
35241,4936,56200,277.4
35251,4936,57700,284.8
35261,4940,56100,277.1
35271,4940,57800,285.5
35281,4936,56200,277.4
35291,4940,57800,285.5
35301,4936,56200,277.4
35311,4940,57700,285.0
35321,4936,56100,276.9
35331,4940,57700,285.0
35341,4936,56100,276.9
35351,4940,57800,285.5
35361,4936,56300,277.9
35371,4940,57000,281.6
35381,4940,56800,280.6
35391,4940,57000,281.6
35401,4940,56800,280.6
35411,4940,56000,276.6
35421,4940,57700,285.0
35431,4936,56200,277.4
35441,4940,57700,285.0
35451,4936,56200,277.4
35461,4940,57800,285.5
35471,4936,56100,276.9
35481,4940,57700,285.0
35491,4936,56100,276.9
35501,4940,57700,285.0
35511,4936,56000,276.4
35521,4940,57700,285.0
35531,4936,56100,276.9
35541,4940,57100,282.1
35551,4940,56800,280.6
35561,4940,57000,281.6
35571,4940,56800,280.6
35581,4936,56100,276.9
35591,4940,57700,285.0
35601,4936,56200,277.4
35611,4940,57700,285.0
35621,4936,56100,276.9
35631,4940,57700,285.0
35641,4936,56100,276.9
35651,4940,68800,339.9
35661,4936,56100,276.9
35671,4784,174400,834.3
35681,4940,56100,277.1
35691,4940,57700,285.0
35701,4936,56200,277.4
35711,4940,57000,281.6
35721,4940,56700,280.1
35731,4940,57100,282.1
35741,4940,56800,280.6
35751,4940,56200,277.6
35761,4936,57700,284.8
35771,4936,56100,276.9
35781,4940,57700,285.0
35791,4936,56100,276.9
35801,4940,57700,285.0
35811,4936,56100,276.9
35821,4940,57700,285.0
35831,4936,56100,276.9
35841,4940,57700,285.0
35851,4936,56200,277.4
35861,4940,57700,285.0
35871,4936,56200,277.4
35881,4940,57000,281.6
35891,4936,56700,279.9
35901,4940,57100,282.1
35911,4940,56700,280.1
35921,4940,56300,278.1
35931,4940,57700,285.0
35941,4936,56200,277.4
35951,4940,57700,285.0
35961,4936,56100,276.9
35971,4940,57700,285.0
35981,4936,56100,276.9
35991,4940,57700,285.0
36001,4936,56100,276.9
36011,4940,57700,285.0
36021,4936,56100,276.9
36031,4940,57700,285.0
36041,4936,56100,276.9
36051,4940,57100,282.1
36061,4936,56800,280.4
36071,4940,57100,282.1
36081,4940,56800,280.6
36091,4940,56500,279.1
36101,4940,57800,285.5
36111,4936,56100,276.9
36121,4940,57700,285.0
36131,4936,56100,276.9
36141,4940,57700,285.0
36151,4916,56100,275.8
36161,4784,167800,802.8
36171,4936,56100,276.9
36181,4940,57700,285.0
36191,4936,56100,276.9
36201,4940,57800,285.5
36211,4936,56100,276.9
36221,4940,57100,282.1
36231,4940,56800,280.6
36241,4940,57100,282.1
36252,4896,60200,294.7
36261,4940,59800,295.4
36271,4940,57500,284.1
36281,4940,56100,277.1
36291,4940,57700,285.0
36301,4940,56100,277.1
36311,4940,57700,285.0
36321,4940,56100,277.1
36331,4940,57700,285.0
36341,4936,56100,276.9
36351,4940,71700,354.2
36361,4940,56000,276.6
36371,4768,166500,793.9
36381,4936,56200,277.4
36391,4940,57000,281.6
36401,4936,56800,280.4
36411,4940,57100,282.1
36421,4940,56700,280.1
36431,4936,57100,281.8
36441,4940,57100,282.1
36451,4936,87400,431.4
36461,4940,57700,285.0
36471,4936,56100,276.9
36481,4832,57800,279.3
36491,4936,56100,276.9
36501,4940,57700,285.0
36511,4936,56100,276.9
36521,4940,57700,285.0
36531,4940,56100,277.1
36541,4940,57700,285.0
36551,4936,56200,277.4
36561,4940,57000,281.6
36571,4936,56800,280.4
36581,4716,136900,645.6
36591,4940,56800,280.6
36601,4940,57100,282.1
36611,4940,56800,280.6
36621,4936,56100,276.9
36631,4940,57700,285.0
36641,4936,56100,276.9
36651,4940,62800,310.2
36661,4936,56100,276.9
36671,4940,57700,285.0
36681,4936,56100,276.9
36691,4828,215700,1041.4
36701,4936,56200,277.4
36711,4940,57700,285.0
36721,4936,56200,277.4
36731,4940,57500,284.1
36741,4936,56800,280.4
36751,4936,83800,413.6
36761,4940,56800,280.6
36771,4936,57100,281.8
36781,4936,56800,280.4
36791,4720,134700,635.8
36801,4940,57800,285.5
36811,4936,56100,276.9
36821,4940,57700,285.0
36831,4936,56100,276.9
36841,4940,57700,285.0
36851,4920,56200,276.5
36861,4940,57700,285.0
36871,4936,56100,276.9
36881,4940,57700,285.0
36891,4824,170900,824.4
36901,4940,57800,285.5
36911,4936,56500,278.9
36921,4940,57000,281.6
36931,4936,56800,280.4
36941,4936,57100,281.8
36951,4940,56800,280.6
36961,4936,56100,276.9
36971,4940,57700,285.0
36981,4936,56200,277.4
36991,4920,156000,767.5
37001,4936,56100,276.9
37011,4940,57700,285.0
37021,4936,56100,276.9
37031,4940,57700,285.0
37041,4940,56100,277.1
37051,4940,73800,364.6
37061,4936,56100,276.9
37071,4940,57700,285.0
37081,4936,56200,277.4
37091,4940,57000,281.6
37101,4824,207800,1002.4
37111,4940,57100,282.1
37121,4940,56800,280.6
37131,4936,56100,276.9
37141,4940,57700,285.0
37151,4932,87500,431.6
37161,4940,57700,285.0
37171,4940,56100,277.1
37181,4940,57700,285.0
37191,4936,56100,276.9
37201,4900,159500,781.5
37211,4936,56200,277.4
37221,4940,57800,285.5
37231,4936,56200,277.4
37241,4940,57700,285.0
37251,4936,56100,276.9
37261,4940,57000,281.6
37271,4940,56800,280.6
37281,4940,57100,282.1
37291,4940,56800,280.6
37301,4940,56300,278.1
37311,4816,142800,687.7
37321,4936,56200,277.4
37331,4940,57700,285.0
37341,4936,56100,276.9
37351,4940,64200,317.1
37361,4940,56100,277.1
37371,4940,57700,285.0
37381,4940,56100,277.1
37391,4940,57800,285.5
37401,4936,56200,277.4
37411,4940,57700,285.0
37421,4824,178000,858.7
37431,4940,57200,282.6
37441,4940,56800,280.6
37451,4940,85500,422.4
37461,4940,56800,280.6
37471,4940,56700,280.1
37481,4940,57700,285.0
37491,4936,56100,276.9
37501,4940,57700,285.0
37511,4936,56100,276.9
37521,4940,57700,285.0
37531,4936,130100,642.2
37541,4940,57700,285.0
37551,4936,56100,276.9
37561,4940,57800,285.5
37571,4936,56200,277.4
37581,4940,57700,285.0
37591,4936,56100,276.9
37601,4940,57100,282.1
37611,4936,56700,279.9
37621,4936,57100,281.8
37631,4940,136300,673.3
37641,4940,57100,282.1
37651,4936,57200,282.3
37661,4936,56200,277.4
37671,4940,57700,285.0
37681,4936,56200,277.4
37691,4940,57800,285.5
37701,4936,56100,276.9
37711,4940,57700,285.0
37721,4940,56100,277.1
37731,4940,57700,285.0
37741,4816,143700,692.1
37751,4940,75900,374.9
37761,4940,56100,277.1
37771,4940,57000,281.6
37781,4936,56700,279.9
37791,4940,57100,282.1
37801,4940,56800,280.6
37811,4940,57100,282.1
37821,4936,56900,280.9
37831,4936,56100,276.9
37841,4940,57700,285.0
37851,4932,56200,277.2
37861,4940,57700,285.0
37871,4936,56100,276.9
37881,4940,57700,285.0
37891,4936,56000,276.4
37901,4936,57700,284.8
37911,4936,56200,277.4
37921,4940,57800,285.5
37931,4936,56200,277.4
37941,4940,57200,282.6
37952,4904,65600,321.7
37961,4936,57100,281.8
37971,4940,56800,280.6
37981,4940,57100,282.1
37991,4940,56800,280.6
38001,4936,56200,277.4
38011,4940,57800,285.5
38021,4936,56100,276.9
38031,4940,57800,285.5
38041,4936,56100,276.9
38051,4828,216800,1046.7
38061,4936,56100,276.9
38071,4940,57700,285.0
38081,4936,56200,277.4
38091,4940,57700,285.0
38101,4936,56100,276.9
38111,4940,57600,284.5
38121,4936,56800,280.4
38131,4936,57100,281.8
38141,4940,56900,281.1
38151,4816,172700,831.7
38161,4940,56800,280.6
38171,4936,56200,277.4
38181,4936,57700,284.8
38191,4940,56100,277.1
38201,4940,57700,285.0
38211,4936,56100,276.9
38221,4940,57700,285.0
38231,4936,56200,277.4
38241,4940,57700,285.0
38251,4932,87700,432.5
38261,4940,57800,285.5
38271,4936,56200,277.4
38281,4940,57800,285.5
38291,4936,56300,277.9
38301,4940,57100,282.1
38311,4940,56800,280.6
38321,4940,57100,282.1
38331,4940,56800,280.6
38341,4936,56100,276.9
38351,4940,58800,290.5
38361,4720,140500,663.2
38371,4940,57700,285.0
38381,4936,56200,277.4
38391,4940,57700,285.0
38401,4936,56200,277.4
38411,4940,57700,285.0
38421,4936,56100,276.9
38431,4940,57700,285.0
38441,4936,56100,276.9
38451,4940,78300,386.8
38461,4820,143400,691.2
38471,4940,57000,281.6
38481,4940,56800,280.6
38491,4936,57000,281.4
38501,4936,56800,280.4
38511,4940,56200,277.6
38521,4940,57700,285.0
38531,4936,56100,276.9
38541,4940,57700,285.0
38551,4928,56100,276.5
38561,4940,59700,294.9
38571,4936,56100,276.9
38581,4940,57800,285.5
38591,4936,56100,276.9
38601,4936,57800,285.3
38611,4940,56200,277.6
38621,4940,57700,285.0
38631,4936,56200,277.4
38641,4940,57100,282.1
38651,4940,56800,280.6
38661,4940,57100,282.1
38671,4816,145000,698.3
38681,4940,56700,280.1
38691,4936,57800,285.3
38701,4936,56200,277.4
38711,4940,57700,285.0
38721,4936,56100,276.9
38731,4940,57700,285.0
38741,4936,56100,276.9
38751,4940,67200,332.0
38761,4936,56200,277.4
38771,4940,57600,284.5
38781,4828,138000,666.3
38791,4940,57800,285.5
38801,4936,56100,276.9
38811,4940,57100,282.1
38821,4936,56800,280.4
38831,4940,57100,282.1
38841,4940,56800,280.6
38851,4940,88000,434.7
38861,4940,57400,283.6
38871,4936,56200,277.4
38881,4940,57800,285.5
38891,4936,144700,714.2
38901,4940,57700,285.0
38911,4936,56200,277.4
38921,4940,57700,285.0
38931,4936,56200,277.4
38941,4940,57800,285.5
38951,4940,56200,277.6
38961,4940,57700,285.0
38971,4936,56100,276.9
38981,4940,57100,282.1
38991,4936,117300,579.0
39001,4940,57100,282.1
39011,4936,56800,280.4
39021,4940,57100,282.1
39031,4936,57000,281.4
39041,4936,56100,276.9
39051,4940,60200,297.4
39061,4936,56200,277.4
39071,4940,57800,285.5
39081,4936,56100,276.9
39091,4940,57700,285.0
39101,4800,142700,685.0
39111,4940,57800,285.5
39121,4936,56100,276.9
39131,4940,57800,285.5
39141,4936,56100,276.9
39151,4940,79500,392.7
39161,4936,56800,280.4
39171,4940,57000,281.6
39181,4936,56800,280.4
39191,4940,57100,282.1
39201,4940,56800,280.6
39211,4816,143000,688.7
39221,4940,57700,285.0
39231,4936,56100,276.9
39241,4940,57800,285.5
39251,4928,56200,277.0
39261,4940,57700,285.0
39271,4936,56200,277.4
39281,4940,57700,285.0
39291,4936,56200,277.4
39301,4940,57700,285.0
39311,4940,56100,277.1
39321,4728,137100,648.2
39331,4936,56800,280.4
39341,4940,57100,282.1
39351,4940,56800,280.6
39361,4940,57100,282.1
39371,4940,56800,280.6
39381,4940,56200,277.6
39391,4940,57700,285.0
39401,4936,56200,277.4
39411,4940,57800,285.5
39421,4932,56100,276.7
39431,4940,57800,285.5
39441,4936,56100,276.9
39451,4940,69700,344.3
39461,4936,56100,276.9
39471,4940,57700,285.0
39481,4936,56100,276.9
39491,4940,57600,284.5
39501,4936,56500,278.9
39511,4936,57100,281.8
39521,4940,56800,280.6
39531,4836,218900,1058.6
39541,4940,56800,280.6
39551,4936,88000,434.4
39561,4940,57700,285.0
39571,4936,56200,277.4
39581,4940,57800,285.5
39591,4936,56100,276.9
39601,4940,57800,285.5
39611,4936,56100,276.9
39621,4940,57800,285.5
39631,4816,208100,1002.2
39641,4940,57800,285.5
39652,4912,70800,347.8
39661,4940,57800,285.5
39671,4936,56200,277.4
39681,4940,57100,282.1
39691,4940,56800,280.6
39701,4940,57100,282.1
39711,4940,56800,280.6
39721,4940,56100,277.1
39731,4940,57700,285.0
39741,4936,56100,276.9
39751,4940,61500,303.8
39761,4936,56200,277.4
39771,4940,57800,285.5
39781,4936,56200,277.4
39791,4940,57700,285.0
39801,4936,56100,276.9
39811,4940,57700,285.0
39821,4936,56100,276.9
39831,4940,57800,285.5
39841,4932,105700,521.3
39851,4940,81700,403.6
39861,4940,56800,280.6
39871,4940,57000,281.6
39881,4936,56800,280.4
39891,4940,56300,278.1
39901,4940,57700,285.0
39911,4936,56100,276.9
39921,4936,57700,284.8
39931,4936,56100,276.9
39941,4940,57700,285.0
39951,4712,134300,632.8
39961,4784,160900,769.7
39971,4936,56200,277.4
39981,4940,57800,285.5
39991,4936,56200,277.4
40001,4940,57800,285.5
40011,4936,56100,276.9
40021,4936,57100,281.8
40031,4936,56800,280.4
40041,4940,57100,282.1
40051,4940,56900,281.1
40061,4940,56900,281.1
40071,4936,57600,284.3
40081,4936,56200,277.4
40091,4940,57700,285.0
40101,4936,56200,277.4
40111,4940,57700,285.0
40121,4936,56100,276.9
40131,4940,57700,285.0
40141,4936,56100,276.9
40151,4940,57700,285.0
40161,4936,56100,276.9
40171,4940,57800,285.5
40181,4936,56100,276.9
40191,4940,57100,282.1
40201,4936,56800,280.4
40211,4940,57100,282.1
40221,4940,56700,280.1
40231,4940,56900,281.1
40241,4940,57500,284.1
40251,4936,56200,277.4
40261,4940,57800,285.5
40271,4940,56100,277.1
40281,4940,57700,285.0
40291,4936,56100,276.9
40301,4940,57700,285.0
40311,4936,56100,276.9
40321,4940,57700,285.0
40331,4940,56100,277.1
40341,4940,57700,285.0
40351,4940,56200,277.6
40361,4940,57100,282.1
40371,4936,56700,279.9
40381,4940,57100,282.1
40391,4940,56700,280.1
40401,4940,57000,281.6
40411,4940,57200,282.6
40421,4940,56100,277.1
40431,4940,57800,285.5
40441,4936,56100,276.9
40451,4940,63400,313.2
40461,4816,157800,760.0
40471,4940,57700,285.0
40481,4936,56200,277.4
40491,4940,57700,285.0
40501,4936,56200,277.4
40511,4940,57800,285.5
40521,4936,56100,276.9
40531,4940,57100,282.1
40541,4940,56700,280.1
40551,4940,57000,281.6
40561,4940,56700,280.1
40571,4940,57100,282.1
40581,4940,57000,281.6
40591,4936,56100,276.9
40601,4940,57700,285.0
40611,4936,56100,276.9
40621,4940,57700,285.0
40631,4940,56200,277.6
40641,4940,57700,285.0
40651,4940,56200,277.6
40661,4940,57600,284.5
40671,4940,56100,277.1
40681,4940,57800,285.5
40691,4940,56100,277.1
40701,4940,57000,281.6
40711,4936,56800,280.4
40721,4940,57000,281.6
40731,4940,56800,280.6
40741,4940,57100,282.1
40751,4936,56900,280.9
40761,4936,56100,276.9
40771,4940,57700,285.0
40781,4936,56200,277.4
40791,4940,57800,285.5
40801,4936,56100,276.9
40811,4940,57700,285.0
40821,4940,56100,277.1
40831,4940,57700,285.0
40841,4936,56100,276.9
40851,4940,57700,285.0
40861,4940,56100,277.1
40871,4940,57100,282.1
40881,4936,56800,280.4
40891,4940,57000,281.6
40901,4940,56700,280.1
40911,4940,57100,282.1
40921,4940,56800,280.6
40931,4936,56100,276.9
40941,4940,57700,285.0
40951,4932,56100,276.7
40961,4940,57700,285.0
40971,4824,209400,1010.1
40981,4940,57800,285.5
40991,4936,56100,276.9
41001,4940,57700,285.0
41011,4936,56100,276.9
41021,4940,57700,285.0
41031,4936,56100,276.9
41041,4940,57500,284.1
41051,4936,56800,280.4
41061,4940,57100,282.1
41071,4940,56800,280.6
41081,4936,57100,281.8
41091,4936,56700,279.9
41101,4940,56100,277.1
41111,4940,57700,285.0
41121,4940,56100,277.1
41131,4940,57800,285.5
41141,4936,56100,276.9
41151,4940,57800,285.5
41161,4936,56100,276.9
41171,4940,57700,285.0
41181,4936,56100,276.9
41191,4940,57700,285.0
41201,4936,56100,276.9
41211,4940,57600,284.5
41221,4936,56700,279.9
41231,4940,57100,282.1
41241,4940,56800,280.6
41251,4940,57000,281.6
41261,4936,56700,279.9
41271,4936,56100,276.9
41281,4940,57700,285.0
41291,4936,56100,276.9
41301,4940,57800,285.5
41311,4936,56200,277.4
41321,4940,57700,285.0
41331,4936,56100,276.9
41341,4940,57600,284.5
41352,4936,56100,276.9
41361,4940,57700,285.0
41371,4936,56100,276.9
41381,4940,57700,285.0
41391,4936,56600,279.4
41401,4936,57100,281.8
41411,4936,56800,280.4
41421,4940,57000,281.6
41431,4936,56800,280.4
41441,4940,56200,277.6
41451,4940,59200,292.4
41461,4936,56100,276.9
41471,4812,139600,671.8
41481,4936,56200,277.4
41491,4940,57800,285.5
41501,4936,56200,277.4
41511,4940,57700,285.0
41521,4936,56100,276.9
41531,4940,57700,285.0
41541,4936,56100,276.9
41551,4940,57700,285.0
41561,4940,56300,278.1
41571,4940,57100,282.1
41581,4936,56800,280.4
41591,4940,57100,282.1
41601,4940,56800,280.6
41611,4940,56100,277.1
41621,4940,57700,285.0
41631,4936,56100,276.9
41641,4940,57800,285.5
41651,4936,56200,277.4
41661,4940,57700,285.0
41671,4936,56100,276.9
41681,4940,57700,285.0
41691,4936,56100,276.9
41701,4940,57700,285.0
41711,4936,56100,276.9
41721,4940,57700,285.0
41731,4936,56200,277.4
41741,4940,57000,281.6
41751,4936,56800,280.4
41761,4940,57100,282.1
41771,4940,56800,280.6
41781,4940,56100,277.1
41791,4940,57700,285.0
41801,4936,56200,277.4
41811,4940,57700,285.0
41821,4940,56000,276.6
41831,4940,57700,285.0
41841,4936,56100,276.9
41851,4940,57700,285.0
41861,4940,56200,277.6
41871,4940,57700,285.0
41881,4936,56100,276.9
41891,4940,57700,285.0
41901,4936,56100,276.9
41911,4940,57100,282.1
41921,4940,56700,280.1
41931,4940,57100,282.1
41941,4940,56700,280.1
41951,4936,88100,434.9
41961,4940,57700,285.0
41971,4816,141700,682.4
41981,4940,57700,285.0
41991,4936,56100,276.9
42001,4940,57700,285.0
42011,4940,56100,277.1
42021,4940,57800,285.5
42031,4936,56100,276.9
42041,4940,57700,285.0
42051,4936,56100,276.9
42061,4940,57700,285.0
42071,4940,56200,277.6
42081,4940,57000,281.6
42091,4940,56700,280.1
42101,4936,57000,281.4
42111,4936,56800,280.4
42121,4940,56400,278.6
42131,4936,57800,285.3
42141,4936,56100,276.9
42151,4940,57700,285.0
42161,4936,56100,276.9
42171,4940,57700,285.0
42181,4936,56100,276.9
42191,4940,57700,285.0
42201,4936,56100,276.9
42211,4940,57700,285.0
42221,4940,56200,277.6
42231,4940,57700,285.0
42241,4936,56100,276.9
42251,4940,57100,282.1
42261,4936,56800,280.4
42271,4936,57100,281.8
42281,4940,56800,280.6
42291,4940,56600,279.6
42301,4936,57700,284.8
42311,4936,56100,276.9
42321,4940,57700,285.0
42331,4936,56100,276.9
42341,4940,57600,284.5
42351,4936,56100,276.9
42361,4940,57700,285.0
42371,4936,56100,276.9
42381,4940,57700,285.0
42391,4936,56100,276.9
42401,4940,57700,285.0
42411,4936,56100,276.9
42421,4940,57100,282.1
42431,4936,56800,280.4
42441,4940,57100,282.1
42451,4940,56800,280.6
42461,4940,56800,280.6
42471,4804,143200,687.9
42481,4936,56200,277.4
42491,4940,57700,285.0
42501,4936,56200,277.4
42511,4940,57700,285.0
42521,4936,56100,276.9
42531,4940,57700,285.0
42541,4936,56000,276.4
42551,4940,57700,285.0
42561,4936,56100,276.9
42571,4940,57700,285.0
42581,4936,56100,276.9
42591,4940,57000,281.6
42601,4940,56800,280.6
42611,4936,57100,281.8
42621,4936,56800,280.4
42631,4940,57100,282.1
42641,4940,57200,282.6
42651,4936,56100,276.9
42661,4936,57700,284.8
42671,4940,56100,277.1
42681,4940,57800,285.5
42691,4940,56100,277.1
42701,4940,57700,285.0
42711,4936,56100,276.9
42721,4940,57700,285.0
42731,4936,56100,276.9
42741,4940,57700,285.0
42751,4936,56100,276.9
42761,4940,57000,281.6
42771,4936,56700,279.9
42781,4940,57100,282.1
42791,4936,56700,279.9
42801,4940,57100,282.1
42811,4940,57100,282.1
42821,4936,56000,276.4
42831,4940,57700,285.0
42841,4936,56100,276.9
42851,4940,57700,285.0
42861,4936,56200,277.4
42871,4940,57700,285.0
42881,4936,56100,276.9
42891,4940,57700,285.0
42901,4936,56100,276.9
42911,4940,57700,285.0
42921,4936,56100,276.9
42931,4940,57000,281.6
42941,4936,56800,280.4
42951,4940,84500,417.4
42961,4936,56700,279.9
42971,4936,57000,281.4
42981,4820,141500,682.0
42991,4936,56100,276.9
43001,4940,57700,285.0
43011,4936,56100,276.9
43021,4940,57600,284.5
43031,4936,56100,276.9
43041,4940,57700,285.0
43052,4936,56100,276.9
43061,4940,57700,285.0
43071,4936,56100,276.9
43081,4940,57700,285.0
43091,4936,56100,276.9
43101,4940,57200,282.6
43111,4936,56800,280.4
43121,4940,57000,281.6
43131,4940,56800,280.6
43141,4940,57000,281.6
43151,4940,56700,280.1
43161,4940,56100,277.1
43171,4940,57600,284.5
43181,4936,56100,276.9
43191,4940,57700,285.0
43201,4936,56100,276.9
43211,4940,57700,285.0
43221,4936,56000,276.4
43231,4940,57700,285.0
43241,4936,56000,276.4
43251,4940,57700,285.0
43261,4940,56100,277.1
43271,4940,57400,283.6
43281,4940,56800,280.6
43291,4940,57000,281.6
43301,4940,56700,280.1
43311,4936,57000,281.4
43321,4936,56800,280.4
43331,4936,56200,277.4
43341,4940,57700,285.0
43351,4936,56100,276.9
43361,4940,57600,284.5
43371,4936,56100,276.9
43381,4940,57700,285.0
43391,4936,56100,276.9
43401,4940,57700,285.0
43411,4936,56200,277.4
43421,4940,57700,285.0
43431,4936,56200,277.4
43441,4940,57700,285.0
43451,4936,56700,279.9
43461,4940,57100,282.1
43471,4940,56800,280.6
43481,4940,57100,282.1
43491,4816,141000,679.1
43501,4936,56100,276.9
43511,4940,57700,285.0
43521,4936,56100,276.9
43531,4940,57700,285.0
43541,4940,56100,277.1
43551,4940,57700,285.0
43561,4936,56000,276.4
43571,4940,57700,285.0
43581,4936,56100,276.9
43591,4940,57700,285.0
43601,4936,56100,276.9
43611,4940,57700,285.0
43621,4936,56300,277.9
43631,4940,57000,281.6
43641,4936,56700,279.9
43651,4940,57100,282.1
43661,4940,56800,280.6
43671,4936,56100,276.9
43681,4940,57700,285.0
43691,4940,56100,277.1
43701,4940,57700,285.0
43711,4940,56100,277.1
43721,4940,57700,285.0
43731,4936,56100,276.9
43741,4940,57700,285.0
43751,4940,56100,277.1
43761,4940,57700,285.0
43771,4936,56100,276.9
43781,4940,57700,285.0
43791,4936,56100,276.9
43801,4940,57000,281.6
43811,4940,56700,280.1
43821,4940,57000,281.6
43831,4940,56800,280.6
43841,4936,56000,276.4
43851,4940,57700,285.0
43861,4936,56100,276.9
43871,4940,57700,285.0
43881,4936,56100,276.9
43891,4940,57600,284.5
43901,4936,56100,276.9
43911,4940,57700,285.0
43921,4936,56100,276.9
43931,4940,57700,285.0
43941,4936,56100,276.9
43951,4940,77900,384.8
43961,4936,56100,276.9
43971,4940,57000,281.6
43981,4936,56800,280.4
43991,4940,57000,281.6
44001,4796,193300,927.1
44011,4940,56200,277.6
44021,4936,57600,284.3
44031,4936,56100,276.9
44041,4940,57700,285.0
44051,4936,56100,276.9
44061,4940,57700,285.0
44071,4940,56000,276.6
44081,4940,57700,285.0
44091,4936,56100,276.9
44101,4940,57700,285.0
44111,4936,56100,276.9
44121,4940,57700,285.0
44131,4936,56100,276.9
44141,4940,57100,282.1
44151,4936,56800,280.4
44161,4940,57100,282.1
44171,4940,56800,280.6
44181,4940,56400,278.6
44191,4936,57700,284.8
44201,4936,56100,276.9
44211,4940,57700,285.0
44221,4940,56100,277.1
44231,4940,57700,285.0
44241,4936,56100,276.9
44251,4940,57700,285.0
44261,4936,56100,276.9
44271,4940,57700,285.0
44281,4936,56100,276.9
44291,4940,57700,285.0
44301,4936,56100,276.9
44311,4940,57000,281.6
44321,4940,56700,280.1
44331,4936,57000,281.4
44341,4940,56800,280.6
44351,4940,56500,279.1
44361,4940,57700,285.0
44371,4936,56300,277.9
44381,4940,57700,285.0
44391,4936,56100,276.9
44401,4940,57700,285.0
44411,4936,56100,276.9
44421,4940,57700,285.0
44431,4936,56100,276.9
44441,4940,57600,284.5
44451,4936,56100,276.9
44461,4940,57600,284.5
44471,4936,56100,276.9
44481,4936,57100,281.8
44491,4936,56800,280.4
44501,4724,107300,506.9
44511,4936,56700,279.9
44521,4940,56900,281.1
44531,4940,57500,284.1
44541,4936,56100,276.9
44551,4940,57700,285.0
44561,4936,56100,276.9
44571,4940,57700,285.0
44581,4936,56100,276.9
44591,4940,57700,285.0
44601,4936,56100,276.9
44611,4940,57700,285.0
44621,4940,56100,277.1
44631,4940,57800,285.5
44641,4936,56200,277.4
44651,4940,57000,281.6
44661,4940,56700,280.1
44671,4940,57000,281.6
44681,4940,56800,280.6
44691,4940,56900,281.1
44701,4936,57300,282.8
44711,4940,56100,277.1
44721,4940,57700,285.0
44731,4936,56100,276.9
44741,4940,57700,285.0
44751,4940,56100,277.1
44762,4940,57700,285.0
44771,4936,56100,276.9
44781,4940,57700,285.0
44791,4936,56000,276.4
44801,4940,57700,285.0
44811,4936,56100,276.9
44821,4940,57000,281.6
44831,4940,56700,280.1
44841,4940,57000,281.6
44851,4940,56800,280.6
44861,4940,57000,281.6
44871,4940,57000,281.6
44881,4936,56100,276.9
44891,4940,57600,284.5
44901,4940,56100,277.1
44911,4936,57700,284.8
44921,4936,56100,276.9
44931,4940,57700,285.0
44941,4936,56000,276.4
44951,4940,70800,349.8
44961,4936,56100,276.9
44971,4940,57700,285.0
44981,4936,56100,276.9
44991,4940,57000,281.6
45001,4832,150800,728.7
45011,4936,57000,281.4
45021,4936,56800,280.4
45031,4940,57100,282.1
45041,4936,56800,280.4
45051,4936,56100,276.9
45061,4940,57700,285.0
45071,4936,56100,276.9
45081,4940,57700,285.0
45091,4936,56000,276.4
45101,4940,57700,285.0
45111,4936,56100,276.9
45121,4940,57600,284.5
45131,4940,56100,277.1
45141,4940,57700,285.0
45151,4936,56100,276.9
45161,4940,57300,283.1
45171,4936,56800,280.4
45181,4936,57000,281.4
45191,4940,56700,280.1
45201,4940,57100,282.1
45211,4940,56800,280.6
45221,4936,56100,276.9
45231,4940,57800,285.5
45241,4936,56100,276.9
45251,4940,57800,285.5
45261,4936,56100,276.9
45271,4940,57700,285.0
45281,4936,56100,276.9
45291,4940,57700,285.0
45301,4936,56100,276.9
45311,4940,57600,284.5
45321,4936,56100,276.9
45331,4940,57500,284.1
45341,4940,56700,280.1
45351,4940,57000,281.6
45361,4936,56800,280.4
45371,4936,56900,280.9
45381,4936,56700,279.9
45391,4936,56100,276.9
45401,4940,57700,285.0
45411,4940,56000,276.6
45421,4940,57700,285.0
45431,4936,56200,277.4
45441,4940,57700,285.0
45451,4936,56100,276.9
45461,4940,57700,285.0
45471,4936,56100,276.9
45481,4940,57700,285.0
45491,4936,56000,276.4
45501,4940,57600,284.5
45511,4816,139200,670.4
45521,4936,57000,281.4
45531,4940,56800,280.6
45541,4936,57200,282.3
45551,4936,56700,279.9
45561,4936,56100,276.9
45571,4940,57700,285.0
45581,4936,56200,277.4
45591,4940,57700,285.0
45601,4936,56100,276.9
45611,4940,57700,285.0
45621,4936,56100,276.9
45631,4940,57700,285.0
45641,4940,56100,277.1
45651,4940,57700,285.0
45661,4936,56100,276.9
45671,4940,57700,285.0
45681,4936,56300,277.9
45691,4940,57000,281.6
45701,4940,56800,280.6
45711,4940,57000,281.6
45721,4940,56700,280.1
45731,4936,56100,276.9
45741,4940,57700,285.0
45751,4936,56100,276.9
45761,4940,57600,284.5
45771,4936,56100,276.9
45781,4940,57700,285.0
45791,4940,56100,277.1
45801,4940,57700,285.0
45811,4936,56200,277.4
45821,4940,57800,285.5
45831,4936,56100,276.9
45841,4940,57700,285.0
45851,4936,56100,276.9
45861,4936,57000,281.4
45871,4940,56800,280.6
45881,4936,57100,281.8
45891,4940,56700,280.1
45901,4936,56000,276.4
45911,4940,57700,285.0
45921,4936,56100,276.9
45931,4940,57700,285.0
45941,4940,56100,277.1
45951,4940,64500,318.6
45961,4940,56100,277.1
45971,4940,57700,285.0
45981,4940,56000,276.6
45991,4940,57700,285.0
46001,4936,56100,276.9
46011,4936,78700,388.5
46021,4936,56100,276.9
46031,4940,57100,282.1
46041,4940,56700,280.1
46051,4940,57100,282.1
46061,4936,56800,280.4
46071,4936,56300,277.9
46081,4936,57700,284.8
46091,4936,56100,276.9
46101,4940,57700,285.0
46111,4936,56100,276.9
46121,4940,57700,285.0
46131,4940,56100,277.1
46141,4940,57700,285.0
46151,4936,56100,276.9
46161,4940,57700,285.0
46171,4936,56100,276.9
46181,4940,57700,285.0
46191,4936,56100,276.9
46201,4940,57100,282.1
46211,4940,56800,280.6
46221,4940,57100,282.1
46231,4940,56800,280.6
46241,4940,56500,279.1
46251,4940,57700,285.0
46261,4940,56300,278.1
46271,4940,57700,285.0
46281,4936,56100,276.9
46291,4940,57700,285.0
46301,4936,56100,276.9
46311,4940,57800,285.5
46321,4940,56100,277.1
46331,4940,57800,285.5
46341,4936,56100,276.9
46351,4940,57700,285.0
46361,4936,56100,276.9
46371,4940,57100,282.1
46381,4936,56900,280.9
46391,4940,57000,281.6
46401,4936,56800,280.4
46411,4940,56700,280.1
46421,4936,57600,284.3
46431,4936,56500,278.9
46441,4940,57700,285.0
46451,4932,56100,276.7
46461,4940,57700,285.0
46475,4936,56800,280.4
46481,4940,57700,285.0
46491,4936,56100,276.9
46501,4940,57700,285.0
46511,4936,56000,276.4
46521,4824,133100,642.1
46531,4936,56200,277.4
46541,4940,57000,281.6
46551,4936,56700,279.9
46561,4940,57100,282.1
46571,4940,56800,280.6
46581,4936,57000,281.4
46591,4940,57300,283.1
46601,4936,56900,280.9
46611,4940,57700,285.0
46621,4936,56000,276.4
46631,4940,57700,285.0
46641,4936,56100,276.9
46651,4940,57700,285.0
46661,4936,56000,276.4
46671,4940,57700,285.0
46681,4936,56100,276.9
46691,4940,57700,285.0
46701,4936,56100,276.9
46711,4940,57000,281.6
46721,4936,56700,279.9
46731,4940,57100,282.1
46741,4940,56700,280.1
46751,4940,57100,282.1
46761,4936,57000,281.4
46771,4936,56100,276.9
46781,4940,57700,285.0
46791,4936,56000,276.4
46801,4940,57700,285.0
46811,4936,56100,276.9
46821,4940,57700,285.0
46831,4936,56100,276.9
46841,4940,57600,284.5
46851,4936,56100,276.9
46861,4940,57700,285.0
46871,4936,56000,276.4
46881,4940,57100,282.1
46891,4940,56800,280.6
46901,4940,57100,282.1
46911,4936,56800,280.4
46921,4940,57000,281.6
46931,4940,56900,281.1
46941,4940,56200,277.6
46951,4940,60000,296.4
46961,4936,56100,276.9
46971,4940,57700,285.0
46981,4936,56100,276.9
46991,4940,57700,285.0
47001,4936,56100,276.9
47011,4940,57700,285.0
47021,4816,141200,680.0
47031,4940,57700,285.0
47041,4936,56100,276.9
47051,4940,57300,283.1
47061,4936,56800,280.4
47071,4940,57000,281.6
47081,4940,56800,280.6
47091,4940,57000,281.6
47101,4940,56800,280.6
47111,4936,56100,276.9
47121,4940,57700,285.0
47131,4936,56100,276.9
47141,4940,57600,284.5
47151,4936,56100,276.9
47161,4940,57600,284.5
47171,4936,56100,276.9
47181,4940,57700,285.0
47191,4936,56000,276.4
47201,4940,57700,285.0
47211,4940,56100,277.1
47221,4940,57500,284.1
47231,4940,56800,280.6
47241,4940,57000,281.6
47251,4940,56800,280.6
47261,4940,57100,282.1
47271,4940,56800,280.6
47281,4936,56100,276.9
47291,4940,57700,285.0
47301,4936,56100,276.9
47311,4940,57700,285.0
47321,4936,56100,276.9
47331,4944,57700,285.3
47341,4936,56100,276.9
47351,4940,57700,285.0
47361,4936,56100,276.9
47371,4940,57600,284.5
47381,4940,56200,277.6
47391,4940,57700,285.0
47401,4936,56600,279.4
47411,4940,57100,282.1
47421,4940,56800,280.6
47431,4940,57100,282.1
47441,4936,56700,279.9
47451,4936,87700,432.9
47461,4940,57600,284.5
47471,4936,56100,276.9
47481,4940,57700,285.0
47491,4936,56100,276.9
47501,4940,57600,284.5
47511,4936,56100,276.9
47521,4940,57700,285.0
47531,4800,184100,883.7
47541,4940,57700,285.0
47551,4936,56100,276.9
47561,4940,57800,285.5
47571,4936,56100,276.9
47581,4940,57000,281.6
47591,4940,56700,280.1
47601,4940,57000,281.6
47611,4936,56700,279.9
47621,4936,56000,276.4
47631,4940,57700,285.0
47641,4936,56100,276.9
47651,4940,57700,285.0
47661,4936,56100,276.9
47671,4940,57700,285.0
47681,4936,56100,276.9
47691,4940,57700,285.0
47701,4940,56100,277.1
47711,4940,57700,285.0
47721,4940,56100,277.1
47731,4940,57700,285.0
47741,4936,56100,276.9
47751,4940,57000,281.6
47761,4940,56700,280.1
47771,4940,57100,282.1
47781,4940,56800,280.6
47791,4936,56100,276.9
47801,4936,57700,284.8
47811,4936,56000,276.4
47821,4940,57600,284.5
47831,4936,56100,276.9
47841,4940,57600,284.5
47851,4940,56100,277.1
47861,4940,57800,285.5
47871,4936,56000,276.4
47881,4940,57700,285.0
47891,4936,56100,276.9
47901,4940,57700,285.0
47911,4936,56100,276.9
47921,4940,57000,281.6
47931,4940,56800,280.6
47941,4940,57000,281.6
47951,4940,56800,280.6
47961,4940,56200,277.6
47971,4936,57700,284.8
47981,4936,56000,276.4
47991,4940,57700,285.0
48001,4936,56100,276.9
48011,4940,57600,284.5
48021,4936,56100,276.9
48031,4792,142500,682.9
48041,4936,56100,276.9
48051,4940,57700,285.0
48061,4936,56100,276.9
48071,4940,57700,285.0
48081,4936,56100,276.9
48091,4940,57000,281.6
48101,4940,56800,280.6
48111,4940,57000,281.6
48121,4936,56700,279.9
48131,4940,56600,279.6
48141,4940,57700,285.0
48151,4936,56300,277.9
48161,4940,57700,285.0
48172,4936,56200,277.4
48181,4940,57700,285.0
48191,4936,56100,276.9
48201,4940,57600,284.5
48211,4936,56100,276.9
48221,4940,57700,285.0
48231,4936,56100,276.9
48241,4940,57700,285.0
48251,4936,56100,276.9
48261,4940,57100,282.1
48271,4936,56700,279.9
48281,4940,57100,282.1
48291,4940,56700,280.1
48301,4940,56900,281.1
48311,4936,57500,283.8
48321,4936,56500,278.9
48331,4940,57700,285.0
48341,4936,56100,276.9
48351,4940,57700,285.0
48361,4936,56100,276.9
48371,4940,57700,285.0
48381,4940,56100,277.1
48391,4940,57700,285.0
48401,4936,56100,276.9
48411,4940,57700,285.0
48421,4936,56100,276.9
48431,4940,57000,281.6
48441,4936,56700,279.9
48451,4940,85200,420.9
48461,4940,56600,279.6
48471,4940,57000,281.6
48481,4936,57200,282.3
48491,4940,56800,280.6
48501,4940,57700,285.0
48511,4936,56100,276.9
48521,4940,57700,285.0
48531,4940,56000,276.6
48541,4816,152900,736.4
48551,4936,56100,276.9
48561,4940,57700,285.0
48571,4940,56100,277.1
48581,4940,57700,285.0
48591,4936,56100,276.9
48601,4940,57000,281.6
48611,4936,56700,279.9
48621,4940,57000,281.6
48631,4940,56800,280.6
48641,4936,57000,281.4
48651,4936,56900,280.9
48661,4936,57000,281.4
48671,4940,57500,284.1
48681,4940,56100,277.1
48691,4940,57600,284.5
48701,4936,56100,276.9
48711,4940,57700,285.0
48721,4940,56100,277.1
48731,4940,57700,285.0
48741,4936,56100,276.9
48751,4940,57700,285.0
48761,4936,56100,276.9
48771,4940,57000,281.6
48781,4936,56700,279.9
48791,4940,57000,281.6
48801,4940,56700,280.1
48811,4940,57000,281.6
48821,4940,56800,280.6
48831,4936,56100,276.9
48841,4940,57600,284.5
48851,4936,56100,276.9
48861,4940,57700,285.0
48871,4936,56100,276.9
48881,4940,57700,285.0
48891,4936,56100,276.9
48901,4940,57700,285.0
48911,4936,56100,276.9
48921,4940,57700,285.0
48931,4936,56100,276.9
48941,4940,57200,282.6
48951,4936,56800,280.4
48961,4940,57000,281.6
48971,4936,56800,280.4
48981,4940,57100,282.1
48991,4940,56800,280.6
49001,4940,56100,277.1
49011,4940,57600,284.5
49021,4936,56100,276.9
49031,4940,57700,285.0
49041,4936,56000,276.4
49051,4940,57700,285.0
49061,4936,56100,276.9
49071,4940,57700,285.0
49081,4936,56100,276.9
49091,4940,57700,285.0
49101,4936,56100,276.9
49111,4940,57600,284.5
49121,4936,56700,279.9
49131,4940,57100,282.1
49141,4940,56800,280.6
49151,4940,57000,281.6
49161,4940,56700,280.1
49171,4940,56100,277.1
49181,4940,57700,285.0
49191,4936,56100,276.9
49201,4940,57700,285.0
49211,4936,56100,276.9
49221,4940,57800,285.5
49231,4936,56100,276.9
49241,4940,57700,285.0
49251,4936,56100,276.9
49261,4940,57700,285.0
49271,4936,56100,276.9
49281,4940,57700,285.0
49291,4936,56400,278.4
49301,4940,57000,281.6
49311,4940,56800,280.6
49321,4940,57100,282.1
49331,4936,56800,280.4
49341,4936,56000,276.4
49351,4936,57600,284.3
49361,4940,56100,277.1
49371,4940,57600,284.5
49381,4936,56100,276.9
49391,4940,57700,285.0
49401,4936,56100,276.9
49411,4940,57700,285.0
49421,4940,56100,277.1
49431,4940,57700,285.0
49441,4936,56100,276.9
49451,4940,78600,388.3
49461,4936,56200,277.4
49471,4940,57000,281.6
49481,4940,56700,280.1
49491,4936,57000,281.4
49501,4940,56800,280.6
49511,4940,56100,277.1
49521,4936,57600,284.3
49531,4936,56100,276.9
49541,4940,57700,285.0
49551,4820,210600,1015.1
49561,4940,57700,285.0
49571,4936,56200,277.4
49581,4940,57700,285.0
49591,4936,56100,276.9
49601,4940,57700,285.0
49611,4940,56100,277.1
49621,4940,57800,285.5
49631,4936,56100,276.9
49641,4940,57000,281.6
49651,4940,56700,280.1
49661,4940,57100,282.1
49671,4940,56700,280.1
49681,4940,56100,277.1
49691,4940,57700,285.0
49701,4940,56100,277.1
49711,4940,57700,285.0
49721,4936,56100,276.9
49731,4940,57800,285.5
49741,4936,56100,276.9
49751,4940,57700,285.0
49761,4936,56200,277.4
49771,4940,57700,285.0
49781,4936,56100,276.9
49791,4940,57600,284.5
49801,4940,56100,277.1
49811,4940,57000,281.6
49821,4940,56700,280.1
49831,4940,57100,282.1
49841,4940,56600,279.6
49851,4940,56300,278.1
49861,4936,57700,284.8
49871,4936,56000,276.4
49882,4940,57700,285.0
49891,4936,56000,276.4
49901,4940,57600,284.5
49911,4940,56100,277.1
49921,4940,57700,285.0
49931,4940,56100,277.1
49941,4940,57700,285.0
49951,4936,56100,276.9
49961,4940,57600,284.5
49971,4936,56100,276.9
49981,4936,57100,281.8
49991,4940,56800,280.6
50001,4936,57000,281.4
50011,4940,56700,280.1
50021,4940,56500,279.1
50031,4936,57800,285.3
50041,4936,56300,277.9
50051,4940,57700,285.0
50061,4788,193500,926.5
50071,4940,57700,285.0
50081,4936,56100,276.9
50091,4940,57700,285.0
50101,4936,56100,276.9
50111,4940,57700,285.0
50121,4936,56100,276.9
50131,4940,57700,285.0
50141,4936,56100,276.9
50151,4940,57000,281.6
50161,4936,56800,280.4
50171,4940,57100,282.1
50181,4940,56800,280.6
50191,4936,56900,280.9
50201,4936,57400,283.3
50211,4936,56600,279.4
50221,4940,57700,285.0
50231,4936,56100,276.9
50241,4940,57700,285.0
50251,4936,56200,277.4
50261,4940,57700,285.0
50271,4936,56000,276.4
50281,4940,57700,285.0
50291,4936,56100,276.9
50301,4940,57700,285.0
50311,4936,56100,276.9
50321,4940,57000,281.6
50331,4936,56800,280.4
50341,4940,57100,282.1
50351,4940,56800,280.6
50361,4940,57100,282.1
50371,4936,57100,281.8
50381,4936,56900,280.9
50391,4940,57700,285.0
50401,4936,56100,276.9
50411,4940,57700,285.0
50421,4936,56100,276.9
50431,4940,57700,285.0
50441,4936,56000,276.4
50451,4940,71200,351.7
50461,4936,56100,276.9
50471,4940,57700,285.0
50481,4936,56100,276.9
50491,4940,57000,281.6
50501,4940,56700,280.1
50511,4940,57000,281.6
50521,4940,56700,280.1
50531,4940,57000,281.6
50541,4940,56800,280.6
50551,4940,57000,281.6
50561,4824,138000,665.7
50571,4936,56200,277.4
50581,4940,57700,285.0
50591,4936,56100,276.9
50601,4940,57600,284.5
50611,4936,56100,276.9
50621,4940,57700,285.0
50631,4936,56100,276.9
50641,4940,57700,285.0
50651,4936,56100,276.9
50661,4940,57200,282.6
50671,4936,56800,280.4
50681,4940,57100,282.1
50691,4936,56700,279.9
50701,4940,57000,281.6
50711,4940,56700,280.1
50721,4936,57000,281.4
50731,4940,57700,285.0
50741,4940,56000,276.6
50751,4940,57700,285.0
50761,4936,56100,276.9
50771,4940,57600,284.5
50781,4936,56200,277.4
50791,4940,57700,285.0
50801,4936,56200,277.4
50811,4940,57700,285.0
50821,4936,56100,276.9
50831,4940,57400,283.6
50841,4936,56800,280.4
50851,4940,57100,282.1
50861,4936,56700,279.9
50871,4940,57000,281.6
50881,4936,56800,280.4
50891,4936,56100,276.9
50901,4940,57800,285.5
50911,4936,56100,276.9
50921,4940,57600,284.5
50931,4936,56100,276.9
50941,4940,57600,284.5
50951,4936,56100,276.9
50961,4940,57700,285.0
50971,4940,56100,277.1
50981,4940,57800,285.5
50991,4940,56100,277.1
51001,4940,57600,284.5
51011,4936,56700,279.9
51021,4940,57100,282.1
51031,4940,56800,280.6
51041,4940,57000,281.6
51051,4940,56800,280.6
51061,4936,56100,276.9
51071,4816,142300,685.3
51081,4936,56200,277.4
51091,4940,57700,285.0
51101,4940,56100,277.1
51111,4936,57700,284.8
51121,4936,56100,276.9
51131,4940,57700,285.0
51141,4936,56100,276.9
51151,4940,57700,285.0
51161,4936,56000,276.4
51171,4940,57700,285.0
51181,4936,56300,277.9
51191,4940,57000,281.6
51201,4936,56800,280.4
51211,4940,57000,281.6
51221,4936,56800,280.4
51231,4940,56100,277.1
51241,4940,57700,285.0
51251,4936,56100,276.9
51261,4940,57700,285.0
51271,4940,56100,277.1
51281,4940,57600,284.5
51291,4936,56000,276.4
51301,4940,57600,284.5
51311,4936,56100,276.9
51321,4940,57700,285.0
51331,4936,56100,276.9
51341,4940,57600,284.5
51351,4940,56200,277.6
51361,4940,57000,281.6
51371,4940,56700,280.1
51381,4940,57000,281.6
51391,4940,56700,280.1
51401,4940,56100,277.1
51411,4940,57700,285.0
51421,4936,56100,276.9
51431,4940,57700,285.0
51441,4936,56100,276.9
51451,4940,64500,318.6
51461,4936,56100,276.9
51471,4940,57600,284.5
51481,4936,56200,277.4
51491,4940,57700,285.0
51501,4940,56100,277.1
51511,4940,57700,285.0
51521,4936,56000,276.4
51531,4940,57000,281.6
51541,4940,56800,280.6
51551,4940,57100,282.1
51561,4936,56700,279.9
51571,4940,56100,277.1
51582,4824,214900,1036.7
51591,4936,56100,276.9
51601,4940,57700,285.0
51611,4940,56100,277.1
51621,4940,57700,285.0
51631,4936,56100,276.9
51641,4940,57600,284.5
51651,4936,56100,276.9
51661,4940,57700,285.0
51671,4936,56100,276.9
51681,4940,57700,285.0
51691,4936,56000,276.4
51701,4936,57100,281.8
51711,4940,56700,280.1
51721,4940,57000,281.6
51731,4936,56800,280.4
51741,4940,56400,278.6
51751,4940,57700,285.0
51761,4936,56200,277.4
51771,4940,57700,285.0
51781,4940,56100,277.1
51791,4940,57700,285.0
51801,4940,56100,277.1
51811,4940,57700,285.0
51821,4936,56100,276.9
51831,4940,57700,285.0
51841,4936,56100,276.9
51851,4940,57700,285.0
51861,4936,56000,276.4
51871,4940,57000,281.6
51881,4936,56800,280.4
51891,4940,57000,281.6
51901,4940,56700,280.1
51911,4936,56700,279.9
51921,4936,57600,284.3
51931,4936,56400,278.4
51941,4940,57700,285.0
51951,4932,56100,276.7
51961,4940,57600,284.5
51971,4940,56100,277.1
51981,4940,57700,285.0
51991,4940,56100,277.1
52001,4940,57700,285.0
52011,4936,56000,276.4
52021,4940,57600,284.5
52031,4936,56100,276.9
52041,4940,57100,282.1
52051,4940,56700,280.1
52061,4940,57000,281.6
52071,4940,56700,280.1
52081,4936,57000,281.4
52091,4788,191300,915.9
52101,4936,56900,280.9
52111,4940,57700,285.0
52121,4936,56100,276.9
52131,4940,57800,285.5
52141,4940,56100,277.1
52151,4940,57700,285.0
52161,4936,56100,276.9
52171,4940,57700,285.0
52181,4940,56200,277.6
52191,4940,57600,284.5
52201,4940,56100,277.1
52211,4940,57000,281.6
52221,4936,56700,279.9
52231,4940,57100,282.1
52241,4940,56800,280.6
52251,4940,57000,281.6
52261,4940,56900,281.1
52271,4936,56900,280.9
52281,4940,57700,285.0
52291,4936,56100,276.9
52301,4940,57700,285.0
52311,4940,56000,276.6
52321,4936,57700,284.8
52331,4940,56100,277.1
52341,4940,57700,285.0
52351,4936,56100,276.9
52361,4940,57600,284.5
52371,4940,56000,276.6
52381,4940,57000,281.6
52391,4936,56700,279.9
52401,4940,57100,282.1
52411,4936,56700,279.9
52421,4940,57000,281.6
52431,4940,56800,280.6
52441,4936,57000,281.4
52451,4940,59900,295.9
52461,4940,56100,277.1
52471,4940,57700,285.0
52481,4936,56100,276.9
52491,4940,57700,285.0
52501,4936,56100,276.9
52511,4940,57700,285.0
52521,4936,56100,276.9
52531,4940,57700,285.0
52541,4936,56100,276.9
52551,4940,57100,282.1
52561,4940,56800,280.6
52571,4940,57000,281.6
52581,4936,56700,279.9
52591,4820,161000,776.0
52601,4940,56800,280.6
52611,4936,57000,281.4
52621,4940,57700,285.0
52631,4936,56200,277.4
52641,4940,57700,285.0
52651,4936,56100,276.9
52661,4940,57700,285.0
52671,4936,56100,276.9
52681,4940,57600,284.5
52691,4936,56100,276.9
52701,4940,57700,285.0
52711,4936,56100,276.9
52721,4940,57600,284.5
52731,4940,56800,280.6
52741,4940,57100,282.1
52751,4940,56800,280.6
52761,4940,57100,282.1
52771,4940,56700,280.1
52781,4936,57000,281.4
52791,4940,57700,285.0
52801,4936,56100,276.9
52811,4940,57700,285.0
52821,4936,56100,276.9
52831,4940,57700,285.0
52841,4936,56000,276.4
52851,4940,57700,285.0
52861,4936,56100,276.9
52871,4940,57600,284.5
52881,4936,56100,276.9
52891,4940,57600,284.5
52901,4936,56600,279.4
52911,4940,57000,281.6
52921,4940,56700,280.1
52931,4940,57000,281.6
52941,4940,56700,280.1
52951,4936,57000,281.4
52961,4940,57700,285.0
52971,4936,56100,276.9
52981,4940,57700,285.0
52991,4936,56100,276.9
53001,4940,57700,285.0
53011,4936,56100,276.9
53021,4940,57700,285.0
53031,4936,56100,276.9
53041,4940,57700,285.0
53051,4936,56200,277.4
53061,4936,57700,284.8
53071,4936,56300,277.9
53081,4936,57000,281.4
53091,4940,59700,294.9
53101,4940,57100,282.1
53111,4940,56700,280.1
53121,4936,56000,276.4
53131,4936,57700,284.8
53141,4936,56100,276.9
53151,4940,57700,285.0
53161,4940,56100,277.1
53171,4940,57700,285.0
53181,4936,56100,276.9
53191,4940,57700,285.0
53201,4936,56100,276.9
53211,4940,57700,285.0
53221,4936,56000,276.4
53231,4940,57600,284.5
53241,4936,56000,276.4
53251,4936,57100,281.8
53261,4940,56700,280.1
53271,4940,57000,281.6
53281,4936,56700,279.9
53292,4936,56100,276.9
53301,4936,57700,284.8
53311,4936,56100,276.9
53321,4940,57700,285.0
53331,4936,56100,276.9
53341,4940,57700,285.0
53351,4936,56200,277.4
53361,4940,57700,285.0
53371,4936,56100,276.9
53381,4940,57700,285.0
53391,4936,56000,276.4
53401,4940,57600,284.5
53411,4940,56100,277.1
53421,4940,57100,282.1
53431,4940,56700,280.1
53441,4940,57000,281.6
53451,4940,56700,280.1
53461,4940,56200,277.6
53471,4940,57800,285.5
53481,4940,56100,277.1
53491,4940,57600,284.5
53501,4936,56100,276.9
53511,4940,57600,284.5
53521,4936,56000,276.4
53531,4940,57700,285.0
53541,4936,56100,276.9
53551,4940,57700,285.0
53561,4936,56100,276.9
53571,4940,57700,285.0
53581,4936,56100,276.9
53591,4940,57000,281.6
53601,4816,138800,668.5
53611,4940,57000,281.6
53621,4940,56800,280.6
53631,4940,56600,279.6
53641,4940,57600,284.5
53651,4936,56200,277.4
53661,4940,57600,284.5
53671,4936,56100,276.9
53681,4940,57700,285.0
53691,4936,56100,276.9
53701,4940,57700,285.0
53711,4936,56100,276.9
53721,4940,57700,285.0
53731,4936,56100,276.9
53741,4940,57700,285.0
53751,4936,56100,276.9
53761,4940,57100,282.1
53771,4936,56800,280.4
53781,4940,57000,281.6
53791,4936,56800,280.4
53801,4940,56800,280.6
53811,4936,57500,283.8
53821,4936,56500,278.9
53831,4940,57700,285.0
53841,4936,56100,276.9
53851,4940,57700,285.0
53861,4936,56100,276.9
53871,4940,57700,285.0
53881,4936,56100,276.9
53891,4940,57700,285.0
53901,4936,56200,277.4
53911,4940,57700,285.0
53921,4936,56100,276.9
53931,4936,57000,281.4
53941,4936,56700,279.9
53951,4940,85300,421.4
53961,4940,56800,280.6
53971,4940,56900,281.1
53981,4936,57300,282.8
53991,4936,56700,279.9
54001,4940,57700,285.0
54011,4936,56100,276.9
54021,4940,57700,285.0
54031,4936,56100,276.9
54041,4940,57700,285.0
54051,4936,56100,276.9
54061,4940,57700,285.0
54071,4936,56100,276.9
54081,4940,57700,285.0
54091,4936,56100,276.9
54101,4936,57000,281.4
54111,4808,140600,676.0
54121,4936,57100,281.8
54131,4936,56700,279.9
54141,4940,57100,282.1
54151,4940,57000,281.6
54161,4936,57000,281.4
54171,4940,57700,285.0
54181,4936,56100,276.9
54191,4940,57600,284.5
54201,4940,56100,277.1
54211,4940,57700,285.0
54221,4936,56100,276.9
54231,4940,57600,284.5
54241,4936,56100,276.9
54251,4940,57600,284.5
54261,4936,56100,276.9
54271,4940,57000,281.6
54281,4936,56800,280.4
54291,4940,57100,282.1
54301,4936,56700,279.9
54311,4940,57000,281.6
54321,4940,56800,280.6
54331,4936,57000,281.4
54341,4940,57700,285.0
54351,4936,56100,276.9
54361,4940,57800,285.5
54371,4936,56100,276.9
54381,4940,57700,285.0
54391,4936,56000,276.4
54401,4940,57700,285.0
54411,4936,56100,276.9
54421,4940,57700,285.0
54431,4936,56200,277.4
54441,4940,57200,282.6
54451,4936,56800,280.4
54461,4784,167100,799.4
54471,4940,56800,280.6
54481,4940,57000,281.6
54491,4936,56700,279.9
54501,4936,57000,281.4
54511,4940,57700,285.0
54521,4940,56100,277.1
54531,4940,57700,285.0
54541,4940,56100,277.1
54551,4940,65400,323.1
54561,4932,68400,337.3
54571,4940,57700,285.0
54581,4936,56200,277.4
54591,4940,57700,285.0
54601,4936,56200,277.4
54611,4940,57700,285.0
54621,4936,56500,278.9
54631,4940,57000,281.6
54641,4936,56800,280.4
54651,4936,87000,429.4
54661,4940,56700,280.1
54671,4728,138100,652.9
54681,4940,57700,285.0
54691,4940,56200,277.6
54701,4940,57700,285.0
54711,4936,56100,276.9
54721,4940,57700,285.0
54731,4936,56200,277.4
54741,4940,57700,285.0
54751,4936,56200,277.4
54761,4940,57700,285.0
54771,4804,142700,685.5
54781,4940,57700,285.0
54791,4936,56200,277.4
54801,4940,57100,282.1
54811,4940,56700,280.1
54821,4936,57000,281.4
54831,4936,56800,280.4
54841,4940,57100,282.1
54851,4940,58600,289.5
54861,4936,56100,276.9
54871,4940,57700,285.0
54881,4752,149900,712.3
54891,4940,57700,285.0
54901,4936,56200,277.4
54911,4940,57700,285.0
54921,4936,56100,276.9
54931,4940,57700,285.0
54941,4936,56000,276.4
54951,4940,77900,384.8
54961,4936,56100,276.9
54971,4940,57000,281.6
54981,4940,56800,280.6
54992,4936,57100,281.8
55001,4936,56800,280.4
55011,4940,56300,278.1
55021,4936,57800,285.3
55031,4936,56100,276.9
55041,4940,57700,285.0
55051,4928,56100,276.5
55061,4940,57700,285.0
55071,4936,56100,276.9
55081,4936,57700,284.8
55091,4716,140600,663.1
55101,4940,57800,285.5
55111,4936,56100,276.9
55121,4940,57700,285.0
55131,4936,56100,276.9
55141,4940,57000,281.6
55151,4936,56800,280.4
55161,4940,57000,281.6
55171,4936,56800,280.4
55181,4940,56700,280.1
55191,4940,57700,285.0
55201,4936,56500,278.9
55211,4940,57700,285.0
55221,4936,56100,276.9
55231,4940,57700,285.0
55241,4936,56100,276.9
55251,4940,67000,331.0
55261,4936,56100,276.9
55271,4940,57700,285.0
55281,4936,56100,276.9
55291,4940,57700,285.0
55301,4816,206900,996.4
55311,4940,57000,281.6
55321,4936,56700,279.9
55331,4940,57100,282.1
55341,4936,56700,279.9
55351,4940,88000,434.7
55361,4940,57100,282.1
55371,4936,56900,280.9
55381,4940,57700,285.0
55391,4936,56100,276.9
55401,4940,57800,285.5
55411,4708,147700,695.4
55421,4940,57700,285.0
55431,4936,56200,277.4
55441,4940,57700,285.0
55451,4936,56200,277.4
55461,4940,57700,285.0
55471,4936,56100,276.9
55481,4940,57000,281.6
55491,4936,56800,280.4
55501,4940,57000,281.6
55511,4828,171000,825.6
55521,4940,57100,282.1
55531,4940,56800,280.6
55541,4940,57100,282.1
55551,4940,59800,295.4
55561,4936,56100,276.9
55571,4940,57700,285.0
55581,4936,56100,276.9
55591,4940,57600,284.5
55601,4936,56100,276.9
55611,4940,57600,284.5
55621,4780,138800,663.5
55631,4940,57800,285.5
55641,4936,56100,276.9
55651,4940,79600,393.2
55661,4936,56800,280.4
55671,4940,57100,282.1
55681,4940,56800,280.6
55691,4940,57100,282.1
55701,4936,56700,279.9
55711,4936,57000,281.4
55721,4828,205700,993.1
55731,4936,56100,276.9
55741,4940,57800,285.5
55751,4936,56100,276.9
55761,4940,57700,285.0
55771,4936,56100,276.9
55781,4940,57700,285.0
55791,4936,56100,276.9
55801,4940,57800,285.5
55811,4936,56000,276.4
55821,4940,60500,298.9
55831,4936,56500,278.9
55841,4940,57100,282.1
55851,4940,56800,280.6
55861,4940,57000,281.6
55871,4936,56800,280.4
55881,4936,57100,281.8
55891,4940,57700,285.0
55901,4936,56100,276.9
55911,4940,57700,285.0
55921,4936,56100,276.9
55931,4808,57700,277.4
55941,4936,56200,277.4
55951,4940,69100,341.4
55961,4936,56100,276.9
55971,4940,57700,285.0
55981,4936,56100,276.9
55991,4940,57700,285.0
56001,4936,56200,277.4
56011,4940,57000,281.6
56021,4936,56800,280.4
56031,4868,155700,757.9
56041,4940,56800,280.6
56051,4936,57000,281.4
56061,4936,57700,284.8
56071,4940,56100,277.1
56081,4940,57700,285.0
56091,4936,56100,276.9
56101,4940,57700,285.0
56111,4936,56100,276.9
56121,4940,57700,285.0
56131,4936,56200,277.4
56141,4940,57700,285.0
56151,4936,56200,277.4
56161,4940,57700,285.0
56171,4936,56100,276.9
56181,4940,57100,282.1
56191,4940,56800,280.6
56201,4940,57000,281.6
56211,4936,56800,280.4
56221,4940,57100,282.1
56231,4936,57700,284.8
56241,4936,56200,277.4
56251,4940,61100,301.8
56261,4936,56100,276.9
56271,4940,57700,285.0
56281,4936,56100,276.9
56291,4940,57600,284.5
56301,4936,56200,277.4
56311,4940,57600,284.5
56321,4936,56000,276.4
56331,4940,57700,285.0
56341,4932,82700,407.9
56351,4940,81000,400.1
56361,4936,56800,280.4
56371,4936,57100,281.8
56381,4940,56800,280.6
56391,4940,56800,280.6
56401,4936,57600,284.3
56411,4936,56500,278.9
56421,4940,57700,285.0
56431,4936,56100,276.9
56441,4940,57700,285.0
56451,4832,133600,645.6
56461,4940,57700,285.0
56471,4936,56100,276.9
56481,4940,57700,285.0
56491,4936,56200,277.4
56501,4940,57700,285.0
56511,4936,56100,276.9
56521,4940,57000,281.6
56531,4936,56700,279.9
56541,4936,57000,281.4
56551,4820,168500,812.2
56561,4940,57000,281.6
56571,4940,57100,282.1
56581,4936,57000,281.4
56591,4940,57700,285.0
56601,4936,56100,276.9
56611,4940,57700,285.0
56621,4936,56100,276.9
56631,4940,57700,285.0
56641,4936,56100,276.9
56651,4940,71200,351.7
56661,4716,137400,648.0
56671,4940,57700,285.0
56681,4936,56100,276.9
56692,4936,57000,281.4
56701,4936,56700,279.9
56711,4940,57000,281.6
56721,4936,56700,279.9
56731,4936,57100,281.8
56741,4940,56800,280.6
56751,4936,57100,281.8
56761,4828,202500,977.7
56771,4936,56100,276.9
56781,4940,57700,285.0
56791,4940,56000,276.6
56801,4940,57800,285.5
56811,4936,56100,276.9
56821,4940,57600,284.5
56831,4936,56100,276.9
56841,4940,57700,285.0
56851,4936,56200,277.4
56861,4808,143800,691.4
56871,4936,56800,280.4
56881,4940,57100,282.1
56891,4940,56800,280.6
56901,4936,57100,281.8
56911,4940,56800,280.6
56921,4936,57100,281.8
56931,4940,57700,285.0
56941,4936,56200,277.4
56951,4940,62300,307.8
56961,4936,56100,276.9
56971,4796,210300,1008.6
56981,4940,56100,277.1
56991,4940,57700,285.0
57001,4936,56200,277.4
57011,4940,57700,285.0
57021,4936,56100,276.9
57031,4940,57700,285.0
57041,4936,56400,278.4
57051,4940,83000,410.0
57061,4940,56800,280.6
57071,4872,156000,760.0
57081,4936,56800,280.4
57091,4936,57100,281.8
57101,4936,57700,284.8
57111,4936,56100,276.9
57121,4940,57700,285.0
57131,4936,56200,277.4
57141,4940,57700,285.0
57151,4936,56100,276.9
57161,4940,57600,284.5
57171,4940,56100,277.1
57181,4816,144600,696.4
57191,4940,56100,277.1
57201,4940,57700,285.0
57211,4936,56100,276.9
57221,4940,57100,282.1
57231,4940,56800,280.6
57241,4940,57100,282.1
57251,4940,56900,281.1
57261,4940,57000,281.6
57271,4940,57700,285.0
57281,4936,56000,276.4
57291,4792,70500,337.8
57301,4936,56100,276.9
57311,4940,57700,285.0
57321,4936,56100,276.9
57331,4940,57700,285.0
57341,4936,56100,276.9
57351,4940,72800,359.6
57361,4936,56100,276.9
57371,4940,57800,285.5
57381,4940,56100,277.1
57391,4720,131300,619.7
57401,4940,56800,280.6
57411,4940,57100,282.1
57421,4936,56800,280.4
57431,4940,56500,279.1
57441,4936,57700,284.8
57451,4936,56300,277.9
57461,4940,57700,285.0
57471,4936,56200,277.4
57481,4940,57700,285.0
57491,4816,149000,717.6
57501,4940,57700,285.0
57511,4936,56100,276.9
57521,4940,57700,285.0
57531,4936,56100,276.9
57541,4940,57800,285.5
57551,4936,56100,276.9
57561,4936,57100,281.8
57571,4936,56800,280.4
57581,4940,57100,282.1
57591,4936,101600,501.5
57601,4940,57000,281.6
57611,4940,57400,283.6
57621,4936,56700,279.9
57631,4940,57700,285.0
57641,4936,56100,276.9
57651,4940,63600,314.2
57661,4940,56100,277.1
57671,4936,57800,285.3
57681,4936,56100,276.9
57691,4940,57700,285.0
57701,4824,132800,640.6
57711,4940,57700,285.0
57721,4936,56100,276.9
57731,4940,57000,281.6
57741,4940,56800,280.6
57751,4940,84800,418.9
57761,4936,56700,279.9
57771,4940,57100,282.1
57781,4940,57100,282.1
57791,4940,57000,281.6
57801,4816,142900,688.2
57811,4940,56100,277.1
57821,4940,57800,285.5
57831,4940,56200,277.6
57841,4940,57700,285.0
57851,4936,56200,277.4
57861,4936,57700,284.8
57871,4940,56100,277.1
57881,4940,57700,285.0
57891,4936,56100,276.9
57901,4816,142400,685.8
57911,4936,56900,280.9
57921,4940,57100,282.1
57931,4940,56800,280.6
57941,4940,57100,282.1
57951,4940,56800,280.6
57961,4936,57100,281.8
57971,4940,57800,285.5
57981,4936,56100,276.9
57991,4940,57700,285.0
58001,4936,56100,276.9
58011,4824,158200,763.2
58021,4936,56100,276.9
58031,4940,57700,285.0
58041,4936,56100,276.9
58051,4940,74800,369.5
58061,4936,56100,276.9
58071,4940,57700,285.0
58081,4936,56700,279.9
58091,4940,57100,282.1
58101,4940,56800,280.6
58111,4824,211700,1021.2
58121,4936,56900,280.9
58131,4936,57100,281.8
58141,4940,57700,285.0
58151,4932,56100,276.7
58161,4936,57700,284.8
58171,4936,56100,276.9
58181,4940,57700,285.0
58191,4940,56100,277.1
58201,4940,57700,285.0
58211,4936,56100,276.9
58221,4816,57700,277.9
58231,4936,56100,276.9
58241,4940,57700,285.0
58251,4936,56300,277.9
58261,4940,57100,282.1
58271,4940,56800,280.6
58281,4940,57100,282.1
58291,4940,56800,280.6
58301,4940,57000,281.6
58311,4936,57600,284.3
58321,4824,136600,659.0
58331,4940,57700,285.0
58341,4936,56100,276.9
58351,4940,64600,319.1
58361,4936,56100,276.9
58371,4940,57800,285.5
58381,4936,56100,276.9
58392,4940,57700,285.0
58401,4936,56100,276.9
58411,4940,57700,285.0
58421,4800,141500,679.2
58431,4940,57000,281.6
58441,4936,56800,280.4
58451,4940,86100,425.3
58461,4936,56800,280.4
58471,4936,57100,281.8
58481,4936,57700,284.8
58491,4936,56000,276.4
58501,4940,57700,285.0
58511,4936,56100,276.9
58521,4940,57700,285.0
58531,4816,142600,686.8
58541,4940,57800,285.5
58551,4936,56200,277.4
58561,4940,57800,285.5
58571,4936,56100,276.9
58581,4940,57700,285.0
58591,4940,56100,277.1
58601,4940,57100,282.1
58611,4940,56800,280.6
58621,4940,57000,281.6
58631,4936,56800,280.4
58641,4820,137100,660.8
58651,4940,57800,285.5
58661,4936,56300,277.9
58671,4940,57700,285.0
58681,4936,56200,277.4
58691,4940,57700,285.0
58701,4936,56100,276.9
58711,4940,57700,285.0
58721,4936,56100,276.9
58731,4940,57600,284.5
58741,4828,133500,644.5
58751,4940,76600,378.4
58761,4940,56200,277.6
58771,4936,57100,281.8
58781,4936,56700,279.9
58791,4940,57100,282.1
58801,4936,56800,280.4
58811,4940,56900,281.1
58821,4940,57500,284.1
58831,4936,56700,279.9
58841,4940,57700,285.0
58851,4720,133800,631.5
58861,4940,57700,285.0
58871,4936,56200,277.4
58881,4940,57800,285.5
58891,4936,56100,276.9
58901,4940,57700,285.0
58911,4940,56100,277.1
58921,4940,57700,285.0
58931,4936,56100,276.9
58941,4940,56900,281.1
58951,4936,56700,279.9
58961,4940,57100,282.1
58971,4940,56800,280.6
58981,4940,57100,282.1
58991,4936,56900,280.9
59001,4936,57100,281.8
59011,4940,57700,285.0
59021,4936,56100,276.9
59031,4940,57700,285.0
59041,4936,56100,276.9
59051,4940,66000,326.0
59061,4940,56200,277.6
59071,4940,57700,285.0
59081,4936,56100,276.9
59091,4940,57800,285.5
59101,4936,56100,276.9
59111,4940,57100,282.1
59121,4936,56800,280.4
59131,4940,57000,281.6
59141,4940,56700,280.1
59151,4940,87500,432.2
59161,4816,145100,698.8
59171,4936,57100,281.8
59181,4940,57700,285.0
59191,4936,56100,276.9
59201,4940,57700,285.0
59211,4940,56100,277.1
59221,4940,57700,285.0
59231,4940,56100,277.1
59241,4940,57700,285.0
59251,4936,56100,276.9
59261,4940,57700,285.0
59271,4716,136300,642.8
59281,4940,57700,285.0
59291,4936,56700,279.9
59301,4940,57100,282.1
59311,4940,56700,280.1
59321,4940,57000,281.6
59331,4936,56700,279.9
59341,4936,57100,281.8
59351,4936,59100,291.7
59361,4936,56100,276.9
59371,4824,204700,987.5
59381,4940,56100,277.1
59391,4940,57700,285.0
59401,4936,56100,276.9
59411,4940,57700,285.0
59421,4936,56200,277.4
59431,4940,57800,285.5
59441,4936,56100,276.9
59451,4940,78800,389.3
59461,4940,56300,278.1
59471,4900,161600,791.8
59481,4940,56700,280.1
59491,4940,57100,282.1
59501,4940,56800,280.6
59511,4936,57100,281.8
59521,4940,57700,285.0
59531,4936,56100,276.9
59541,4940,57700,285.0
59551,4936,56200,277.4
59561,4940,57600,284.5
59571,4936,56200,277.4
59581,4812,144100,693.4
59591,4936,56200,277.4
59601,4940,57700,285.0
59611,4936,56100,276.9
59621,4940,57700,285.0
59631,4940,56100,277.1
59641,4940,57100,282.1
59651,4940,56800,280.6
59661,4940,57000,281.6
59671,4940,56800,280.6
59681,4940,57000,281.6
59691,4824,140200,676.3
59701,4936,56200,277.4
59711,4940,57700,285.0
59721,4936,56200,277.4
59731,4940,57700,285.0
59741,4936,56100,276.9
59751,4940,67900,335.4
59761,4936,56100,276.9
59771,4940,57800,285.5
59781,4936,56100,276.9
59791,4940,57700,285.0
59801,4820,133200,642.0
59811,4940,57100,282.1
59821,4936,56800,280.4
59831,4940,57100,282.1
59841,4936,56800,280.4
59851,4940,57100,282.1
59861,4940,57700,285.0
59871,4936,56300,277.9
59881,4940,57700,285.0
59891,4940,56100,277.1
59901,4816,143400,690.6
59911,4936,56100,276.9
59921,4940,57700,285.0
59931,4936,56100,276.9
59941,4940,57700,285.0
59951,4936,56200,277.4
59961,4940,57700,285.0
59971,4936,56100,276.9
59981,4940,57000,281.6
59991,4936,56700,279.9
60001,4940,57000,281.6
60011,4832,134600,650.4
60021,4940,57100,282.1
60031,4940,57300,283.1
60041,4936,56800,280.4
60051,4940,60500,298.9
60061,4936,56100,276.9
60071,4940,57700,285.0
60081,4936,56100,276.9
60092,4940,57700,285.0
60101,4936,56100,276.9
60111,4828,207700,1002.8
60121,4936,56100,276.9
60131,4940,57700,285.0
60141,4936,56100,276.9
60151,4940,79800,394.2
60161,4936,56700,279.9
60171,4936,57100,281.8
60181,4940,56700,280.1
60191,4940,57100,282.1
60201,4936,57000,281.4
60211,4936,57000,281.4
60221,4824,133900,645.9
60231,4936,56100,276.9
60241,4940,57700,285.0
60251,4940,56100,277.1
60261,4940,57600,284.5
60271,4940,56100,277.1
60281,4940,57700,285.0
60291,4936,56100,276.9
60301,4940,57700,285.0
60311,4936,56100,276.9
60321,4828,212500,1026.0
60331,4936,56900,280.9
60341,4940,57000,281.6
60351,4940,56800,280.6
60361,4940,57000,281.6
60371,4940,56800,280.6
60381,4936,57000,281.4
60391,4940,57700,285.0
60401,4940,56100,277.1
60411,4940,57700,285.0
60421,4932,56200,277.2
60431,4940,57700,285.0
60441,4936,56100,276.9
60451,4940,70100,346.3
60461,4940,56100,277.1
60471,4940,57800,285.5
60481,4936,56100,276.9
60491,4940,57600,284.5
60501,4936,56700,279.9
60511,4940,57000,281.6
60521,4936,56700,279.9
60531,4888,159700,780.6
60541,4940,56800,280.6
60551,4936,57100,281.8
60561,4940,57700,285.0
60571,4936,56200,277.4
60581,4940,57700,285.0
60591,4936,56200,277.4
60601,4940,57800,285.5
60611,4936,56200,277.4
60621,4940,57700,285.0
60631,4936,56200,277.4
60641,4812,144100,693.4
60651,4936,56200,277.4
60661,4940,57700,285.0
60671,4936,56200,277.4
60681,4936,57100,281.8
60691,4940,56800,280.6
60701,4940,57100,282.1
60711,4936,56700,279.9
60721,4940,57100,282.1
60731,4940,57700,285.0
60741,4856,59000,286.5
60751,4940,61600,304.3
60761,4936,56100,276.9
60771,4940,57700,285.0
60781,4940,56100,277.1
60791,4940,57700,285.0
60801,4940,56100,277.1
60811,4940,57800,285.5
60821,4936,56200,277.4
60831,4940,57700,285.0
60841,4936,56100,276.9
60851,4816,167400,806.2
60861,4936,56800,280.4
60871,4940,57100,282.1
60881,4940,56800,280.6
60891,4940,57000,281.6
60901,4940,57700,285.0
60911,4940,56000,276.6
60921,4940,57700,285.0
60931,4936,56100,276.9
60941,4940,57700,285.0
60951,4936,56200,277.4
60961,4824,212300,1024.1
60971,4936,56200,277.4
60981,4940,57700,285.0
60991,4936,56100,276.9
61001,4940,57700,285.0
61011,4936,56100,276.9
61021,4936,57100,281.8
61031,4940,56800,280.6
61041,4940,57100,282.1
61051,4936,56800,280.4
61061,4940,57100,282.1
61071,4732,99500,470.8
61081,4936,56400,278.4
61091,4936,57700,284.8
61101,4936,56100,276.9
61111,4940,57800,285.5
61121,4936,56100,276.9
61131,4940,57700,285.0
61141,4940,56100,277.1
61151,4940,71900,355.2
61161,4936,56200,277.4
61171,4812,143400,690.0
61181,4936,56200,277.4
61191,4940,57000,281.6
61201,4936,56800,280.4
61211,4940,57100,282.1
61221,4940,56900,281.1
61231,4940,57100,282.1
61241,4936,57300,282.8
61251,4936,56800,280.4
61261,4940,57700,285.0
61271,4936,56200,277.4
61281,4828,200500,968.0
61291,4936,56100,276.9
61301,4940,57700,285.0
61311,4936,56100,276.9
61321,4940,57700,285.0
61331,4936,56100,276.9
61341,4940,57700,285.0
61351,4936,56200,277.4
61361,4940,57000,281.6
61371,4936,56800,280.4
61381,4816,139600,672.3
61391,4936,56800,280.4
61401,4940,57100,282.1
61411,4940,56800,280.6
61421,4936,57000,281.4
61431,4940,57700,285.0
61441,4936,56100,276.9
61451,4940,63000,311.2
61461,4936,56000,276.4
61471,4940,57700,285.0
61481,4936,56100,276.9
61491,4824,159600,769.9
61501,4936,56200,277.4
61511,4940,57700,285.0
61521,4936,56000,276.4
61531,4940,57300,283.1
61541,4936,56800,280.4
61551,4940,84000,415.0
61561,4940,56800,280.6
61571,4940,57000,281.6
61581,4936,56800,280.4
61591,4780,137600,657.7
61601,4940,57800,285.5
61611,4936,56100,276.9
61621,4940,57700,285.0
61631,4936,56100,276.9
61641,4940,57700,285.0
61651,4936,56200,277.4
61661,4940,57800,285.5
61671,4940,56200,277.6
61681,4940,57800,285.5
61691,4936,56100,276.9
61701,4820,210300,1013.6
61711,4940,56600,279.6
61721,4936,57100,281.8
61731,4936,56800,280.4
61741,4940,57000,281.6
61751,4936,56800,280.4
61761,4936,57100,281.8
61771,4940,57800,285.5
61781,4936,56100,276.9
61792,4940,57700,285.0
61801,4788,133700,640.2
61811,4940,57700,285.0
61821,4940,56200,277.6
61831,4940,57600,284.5
61841,4936,56100,276.9
61851,4940,74000,365.6
61861,4936,56200,277.4
61871,4940,57700,285.0
61881,4936,56200,277.4
61891,4940,57000,281.6
61901,4936,80600,397.8
61911,4940,57100,282.1
61921,4936,56800,280.4
61931,4936,57000,281.4
61941,4940,57700,285.0
61951,4936,56100,276.9
61961,4940,57700,285.0
61971,4936,56200,277.4
61981,4940,57700,285.0
61991,4936,56100,276.9
62001,4940,57700,285.0
62011,4832,134400,649.4
62021,4940,57700,285.0
62031,4936,56100,276.9
62041,4940,57700,285.0
62051,4936,56100,276.9
62061,4940,57100,282.1
62071,4936,56800,280.4
62081,4940,57000,281.6
62091,4936,56700,279.9
62101,4940,57100,282.1
62111,4816,205400,989.2
62121,4936,56200,277.4
62131,4940,57700,285.0
62141,4936,56100,276.9
62151,4936,64200,316.9
62161,4940,56100,277.1
62171,4940,57800,285.5
62181,4936,56200,277.4
62191,4940,57700,285.0
62201,4936,56200,277.4
62211,4940,58500,289.0
62221,4936,56200,277.4
62231,4940,57100,282.1
62241,4940,56900,281.1
62251,4940,85700,423.4
62261,4936,56800,280.4
62271,4940,57000,281.6
62281,4940,57700,285.0
62291,4936,56400,278.4
62301,4940,57800,285.5
62311,4936,56100,276.9
62321,4828,131100,633.0
62331,4936,56100,276.9
62341,4940,57700,285.0
62351,4936,56200,277.4
62361,4940,57700,285.0
62371,4936,56200,277.4
62381,4940,57700,285.0
62391,4936,56200,277.4
62401,4940,57100,282.1
62411,4936,56800,280.4
62421,4940,57100,282.1
62431,4816,138700,668.0
62441,4940,57100,282.1
62451,4936,57300,282.8
62461,4936,56900,280.9
62471,4940,57800,285.5
62481,4936,56100,276.9
62491,4940,57700,285.0
62501,4940,56200,277.6
62511,4940,57700,285.0
62521,4936,56100,276.9
62531,4828,211100,1019.2
62541,4936,56100,276.9
62551,4940,75800,374.5
62561,4936,56100,276.9
62571,4940,57000,281.6
62581,4936,56700,279.9
62591,4940,57100,282.1
62601,4940,56800,280.6
62611,4940,57100,282.1
62621,4936,56900,280.9
62631,4808,143400,689.5
62641,4940,57600,284.5
62651,4928,56100,276.5
62661,4940,57700,285.0
62671,4936,56100,276.9
62681,4940,57700,285.0
62691,4936,56200,277.4
62701,4940,57700,285.0
62711,4936,56100,276.9
62721,4940,57700,285.0
62731,4936,56100,276.9
62741,4760,157200,748.3
62751,4936,56900,280.9
62761,4936,57100,281.8
62771,4940,56800,280.6
62781,4940,57100,282.1
62791,4936,56800,280.4
62801,4936,57100,281.8
62811,4940,57800,285.5
62821,4936,56100,276.9
62831,4940,57700,285.0
62841,4812,142700,686.7
62851,4940,65300,322.6
62861,4936,56100,276.9
62871,4940,57800,285.5
62881,4936,56100,276.9
62891,4940,57700,285.0
62901,4936,56100,276.9
62911,4940,57700,285.0
62921,4936,56700,279.9
62931,4940,57100,282.1
62941,4936,79100,390.4
62951,4940,86900,429.3
62961,4936,56800,280.4
62971,4936,57100,281.8
62981,4940,57700,285.0
62991,4936,56200,277.4
63001,4940,57700,285.0
63011,4936,56100,276.9
63021,4940,57700,285.0
63031,4936,56200,277.4
63041,4940,57700,285.0
63051,4812,143400,690.0
63061,4940,57700,285.0
63071,4936,56200,277.4
63081,4940,57700,285.0
63091,4936,56200,277.4
63101,4940,57000,281.6
63111,4936,56800,280.4
63121,4940,57100,282.1
63131,4936,56700,279.9
63141,4940,57000,281.6
63151,4940,58600,289.5
63161,4772,137500,656.1
63171,4940,57700,285.0
63181,4936,56200,277.4
63191,4940,57700,285.0
63201,4936,56200,277.4
63211,4936,57700,284.8
63221,4936,56300,277.9
63231,4940,57700,285.0
63241,4936,56100,276.9
63251,4940,78000,385.3
63261,4792,142600,683.3
63271,4940,57100,282.1
63281,4940,56700,280.1
63291,4940,57100,282.1
63301,4940,56800,280.6
63311,4940,57100,282.1
63321,4940,57800,285.5
63331,4936,56100,276.9
63341,4940,57700,285.0
63351,4936,56100,276.9
63361,4940,57700,285.0
63371,4720,134500,634.8
63381,4940,57700,285.0
63391,4936,56200,277.4
63401,4940,57700,285.0
63411,4936,56100,276.9
63421,4940,57700,285.0
63431,4936,56200,277.4
63441,4936,57100,281.8
63451,4936,56800,280.4
63461,4940,57000,281.6
63471,4932,82200,405.4
63481,4940,57100,282.1
63492,4940,57800,285.5
63501,4936,56500,278.9
63511,4940,57700,285.0
63521,4936,56200,277.4
63531,4940,57700,285.0
63541,4936,56100,276.9
63551,4940,67000,331.0
63561,4936,56100,276.9
63571,4940,57700,285.0
63581,4816,151500,729.6
63591,4940,57700,285.0
63601,4940,56100,277.1
63611,4940,57000,281.6
63621,4940,56800,280.6
63631,4940,57100,282.1
63641,4940,56800,280.6
63651,4936,57100,281.8
63661,4940,57300,283.1
63671,4936,56900,280.9
63681,4816,146100,703.6
63691,4936,56100,276.9
63701,4940,57700,285.0
63711,4940,56100,277.1
63721,4940,57700,285.0
63731,4936,56100,276.9
63741,4940,57800,285.5
63751,4936,56200,277.4
63761,4940,57600,284.5
63771,4936,56200,277.4
63781,4920,156700,771.0
63791,4940,56900,281.1
63801,4940,57200,282.6
63811,4936,56800,280.4
63821,4940,57100,282.1
63831,4936,56900,280.9
63841,4936,57100,281.8
63851,4940,60000,296.4
63861,4936,56100,276.9
63871,4940,57800,285.5
63881,4936,56100,276.9
63891,4828,200900,969.9
63901,4936,56100,276.9
63911,4940,57700,285.0
63921,4936,56200,277.4
63931,4940,57700,285.0
63941,4936,56100,276.9
63951,4940,79400,392.2
63961,4936,56900,280.9
63971,4936,57100,281.8
63981,4936,56700,279.9
63991,4900,160100,784.5
64001,4940,56800,280.6
64011,4936,57100,281.8
64021,4940,57700,285.0
64031,4936,56100,276.9
64041,4940,57700,285.0
64051,4940,56200,277.6
64061,4940,57800,285.5
64071,4936,56100,276.9
64081,4940,57700,285.0
64091,4936,56100,276.9
64101,4828,158600,765.7
64111,4936,56100,276.9
64121,4940,57700,285.0
64131,4936,56600,279.4
64141,4940,57000,281.6
64151,4936,56800,280.4
64161,4940,57000,281.6
64171,4936,56800,280.4
64181,4940,57000,281.6
64191,4940,57600,284.5
64201,4816,146200,704.1
64211,4940,57800,285.5
64221,4936,56200,277.4
64231,4940,57700,285.0
64241,4936,56100,276.9
64251,4940,69300,342.3
64261,4936,56100,276.9
64271,4940,57800,285.5
64281,4936,56200,277.4
64291,4940,57700,285.0
64301,4936,56300,277.9
64311,4756,153700,731.0
64321,4936,56700,279.9
64331,4940,57100,282.1
64341,4940,56800,280.6
64351,4940,57100,282.1
64361,4940,57700,285.0
64371,4936,56100,276.9
64381,4940,57700,285.0
64391,4936,56100,276.9
64401,4940,57700,285.0
64411,4816,141600,681.9
64421,4940,57800,285.5
64431,4940,56100,277.1
64441,4940,57700,285.0
64451,4936,56100,276.9
64461,4940,57700,285.0
64471,4940,56100,277.1
64481,4936,57000,281.4
64491,4936,56800,280.4
64501,4940,57000,281.6
64511,4936,56800,280.4
64521,4812,143600,691.0
64531,4936,57800,285.3
64541,4936,56100,276.9
64551,4940,61200,302.3
64561,4936,56100,276.9
64571,4940,57700,285.0
64581,4936,56100,276.9
64591,4940,57700,285.0
64601,4936,56100,276.9
64611,4940,57600,284.5
64621,4812,144300,694.4
64631,4940,57700,285.0
64641,4936,56100,276.9
64651,4936,81300,401.3
64661,4936,56700,279.9
64671,4940,57100,282.1
64681,4940,56700,280.1
64691,4940,57100,282.1
64701,4936,57700,284.8
64711,4936,56300,277.9
64721,4936,102300,505.0
64731,4936,56100,276.9
64741,4940,57700,285.0
64751,4936,56100,276.9
64761,4940,57700,285.0
64771,4940,56100,277.1
64781,4940,57600,284.5
64791,4936,56100,276.9
64801,4940,57800,285.5
64811,4936,56100,276.9
64821,4940,57100,282.1
64831,4932,71100,350.7
64841,4936,57000,281.4
64851,4936,56800,280.4
64861,4940,57100,282.1
64871,4936,57300,282.8
64881,4936,56900,280.9
64891,4940,57700,285.0
64901,4936,56200,277.4
64911,4940,57700,285.0
64921,4936,56200,277.4
64931,4940,57700,285.0
64941,4932,56200,277.2
64951,4940,71200,351.7
64961,4936,56100,276.9
64971,4940,57800,285.5
64981,4936,56200,277.4
64991,4940,57000,281.6
65001,4936,56800,280.4
65011,4940,57100,282.1
65021,4940,56800,280.6
65031,4936,57100,281.8
65041,4936,56900,280.9
65051,4856,215700,1047.4
65061,4940,57800,285.5
65071,4936,56200,277.4
65081,4940,57700,285.0
65091,4936,56100,276.9
65101,4940,57700,285.0
65111,4940,56100,277.1
65121,4940,57800,285.5
65131,4936,56100,276.9
65141,4940,57700,285.0
65151,4816,157600,759.0
65161,4940,57300,283.1
65171,4936,56900,280.9
65181,4940,57000,281.6
65191,4940,56800,280.6
65202,4940,57100,282.1
65211,4940,56800,280.6
65221,4936,57100,281.8
65231,4940,57700,285.0
65241,4936,56100,276.9
65251,4816,151500,729.6
65261,4936,56100,276.9
65271,4940,57700,285.0
65281,4936,56100,276.9
65291,4940,57700,285.0
65301,4936,56100,276.9
65311,4940,57700,285.0
65321,4940,56100,277.1
65331,4940,57600,284.5
65341,4940,56800,280.6
65351,4916,155400,763.9
65361,4936,56700,279.9
65371,4940,57100,282.1
65381,4940,56800,280.6
65391,4936,57000,281.4
65401,4940,57700,285.0
65411,4940,56100,277.1
65421,4936,57700,284.8
65431,4936,56100,276.9
65441,4940,57700,285.0
65451,4936,56100,276.9
65461,4828,209600,1011.9
65471,4936,56100,276.9
65481,4940,57700,285.0
65491,4936,56100,276.9
65501,4940,57700,285.0
65511,4936,56200,277.4
65521,4940,57100,282.1
65531,4936,56800,280.4
65541,4940,57100,282.1
65551,4940,56800,280.6
65561,4936,57000,281.4
65571,4832,144400,697.7
65581,4936,56100,276.9
65591,4940,57700,285.0
65601,4936,56100,276.9
65611,4940,57700,285.0
65621,4936,56200,277.4
65631,4936,57700,284.8
65641,4936,56200,277.4
65651,4940,57700,285.0
65661,4936,56100,276.9
65671,4812,143400,690.0
65681,4936,56100,276.9
65691,4936,57000,281.4
65701,4940,56800,280.6
65711,4940,57100,282.1
65721,4940,56800,280.6
65731,4936,57100,281.8
65741,4940,57800,285.5
65751,4936,56100,276.9
65761,4940,57700,285.0
65771,4936,56100,276.9
65781,4752,91300,433.9
65791,4936,56100,276.9
65801,4940,57700,285.0
65811,4936,56100,276.9
65821,4940,57600,284.5
65831,4936,56100,276.9
65841,4940,57700,285.0
65851,4936,56100,276.9
65861,4936,57000,281.4
65871,4940,56800,280.6
65881,4828,211600,1021.6
65891,4936,56700,279.9
65901,4936,57000,281.4
65911,4936,57700,284.8
65921,4936,56300,277.9
65931,4940,57700,285.0
65941,4936,56200,277.4
65951,4940,57700,285.0
65961,4936,56100,276.9
65971,4940,57700,285.0
65981,4796,133700,641.2
65991,4940,57800,285.5
66001,4940,56100,277.1
66011,4940,57700,285.0
66021,4936,56100,276.9
66031,4936,57100,281.8
66041,4936,56800,280.4
66051,4936,57100,281.8
66061,4940,56700,280.1
66071,4940,57100,282.1
66081,4936,57400,283.3
66091,4856,217400,1055.7
66101,4940,57700,285.0
66111,4936,56100,276.9
66121,4940,57700,285.0
66131,4936,56100,276.9
66141,4940,57700,285.0
66151,4936,56100,276.9
66161,4940,57700,285.0
66171,4936,56100,276.9
66181,4940,57700,285.0
66191,4704,148600,699.0
66201,4940,57000,281.6
66211,4940,56700,280.1
66221,4940,57100,282.1
66231,4940,56700,280.1
66241,4936,57100,281.8
66251,4940,57000,281.6
66261,4940,57000,281.6
66271,4940,57700,285.0
66281,4936,56100,276.9
66291,4828,169300,817.4
66301,4936,56200,277.4
66311,4940,57700,285.0
66321,4936,56200,277.4
66331,4940,57700,285.0
66341,4936,56100,276.9
66351,4940,57700,285.0
66361,4936,56100,276.9
66371,4940,57200,282.6
66381,4936,56900,280.9
66391,4816,142600,686.8
66401,4940,56800,280.6
66411,4940,57100,282.1
66421,4940,56800,280.6
66431,4936,57100,281.8
66441,4940,57700,285.0
66451,4936,56100,276.9
66461,4940,57700,285.0
66471,4936,56200,277.4
66481,4940,57700,285.0
66491,4936,56100,276.9
66501,4828,203600,983.0
66511,4936,56100,276.9
66521,4940,57800,285.5
66531,4936,56100,276.9
66541,4940,57600,284.5
66551,4936,56700,279.9
66561,4940,57000,281.6
66571,4940,56800,280.6
66581,4940,57100,282.1
66591,4940,56700,280.1
66601,4720,141000,665.5
66611,4940,57700,285.0
66621,4936,56200,277.4
66631,4940,57700,285.0
66641,4936,56100,276.9
66651,4940,57700,285.0
66661,4936,56000,276.4
66671,4940,57700,285.0
66681,4936,56100,276.9
66691,4940,57800,285.5
66701,4936,58100,286.8
66711,4940,57800,285.5
66721,4936,56300,277.9
66731,4936,57100,281.8
66741,4936,56800,280.4
66751,4940,57100,282.1
66761,4936,56800,280.4
66771,4936,57100,281.8
66781,4936,57700,284.8
66791,4936,56100,276.9
66801,4940,57800,285.5
66811,4716,134300,633.4
66821,4940,57800,285.5
66831,4936,56100,276.9
66841,4940,57700,285.0
66851,4936,56100,276.9
66861,4940,57700,285.0
66871,4936,56200,277.4
66881,4940,57700,285.0
66892,4940,56800,280.6
66901,4940,57100,282.1
66911,4936,69200,341.6
66921,4940,57100,282.1
66931,4940,56800,280.6
66941,4940,57100,282.1
66951,4936,57700,284.8
66961,4940,56100,277.1
66971,4940,57800,285.5
66981,4936,56100,276.9
66991,4940,57700,285.0
67001,4936,56200,277.4
67011,4940,57700,285.0
67021,4816,141500,681.5
67031,4940,57700,285.0
67041,4936,56100,276.9
67051,4940,57700,285.0
67061,4936,56100,276.9
67071,4936,57100,281.8
67081,4940,56800,280.6
67091,4940,57000,281.6
67101,4936,56800,280.4
67111,4940,57100,282.1
67121,4940,57700,285.0
67131,4808,139200,669.3
67141,4940,57700,285.0
67151,4936,56200,277.4
67161,4940,57700,285.0
67171,4936,56200,277.4
67181,4940,57700,285.0
67191,4940,56100,277.1
67201,4940,57700,285.0
67211,4936,56100,276.9
67221,4940,57800,285.5
67231,4796,136000,652.3
67241,4940,57000,281.6
67251,4936,56700,279.9
67261,4940,57000,281.6
67271,4940,56800,280.6
67281,4940,57000,281.6
67291,4936,57400,283.3
67301,4936,56600,279.4
67311,4940,57700,285.0
67321,4936,56100,276.9
67331,4940,57700,285.0
67341,4816,141500,681.5
67351,4940,57700,285.0
67361,4936,56100,276.9
67371,4940,57700,285.0
67381,4936,56100,276.9
67391,4940,57700,285.0
67401,4936,56000,276.4
67411,4936,57000,281.4
67421,4936,56700,279.9
67431,4940,57100,282.1
67441,4940,56800,280.6
67451,4828,212800,1027.4
67461,4940,57000,281.6
67471,4936,57000,281.4
67481,4940,57700,285.0
67491,4936,56200,277.4
67501,4940,57700,285.0
67511,4936,56100,276.9
67521,4940,57800,285.5
67531,4936,56100,276.9
67541,4940,57700,285.0
67551,4932,56200,277.2
67561,4940,57800,285.5
67571,4936,56100,276.9
67581,4940,57100,282.1
67591,4936,56800,280.4
67601,4936,57000,281.4
67611,4936,56800,280.4
67621,4940,57100,282.1
67631,4940,56800,280.6
67641,4936,57100,281.8
67651,4940,57700,285.0
67661,4720,133700,631.1
67671,4940,57700,285.0
67681,4936,56100,276.9
67691,4940,57700,285.0
67701,4936,56100,276.9
67711,4940,57700,285.0
67721,4936,56200,277.4
67731,4940,57800,285.5
67741,4936,56100,276.9
67751,4940,57500,284.1
67761,4788,142300,681.3
67771,4936,57100,281.8
67781,4936,56800,280.4
67791,4940,57100,282.1
67801,4936,56800,280.4
67811,4936,57100,281.8
67821,4940,57700,285.0
67831,4936,56100,276.9
67841,4940,57700,285.0
67851,4940,56100,277.1
67861,4940,57700,285.0
67871,4768,133700,637.5
67881,4940,57700,285.0
67891,4936,56200,277.4
67901,4940,57800,285.5
67911,4936,56100,276.9
67921,4936,57700,284.8
67931,4936,56500,278.9
67941,4940,57000,281.6
67951,4936,56800,280.4
67961,4940,57100,282.1
67971,4816,190900,919.4
67981,4936,57000,281.4
67991,4940,57700,285.0
68001,4936,56100,276.9
68011,4940,57800,285.5
68021,4936,56100,276.9
68031,4940,57700,285.0
68041,4936,56200,277.4
68051,4940,57700,285.0
68061,4936,56000,276.4
68071,4940,57700,285.0
68081,4720,152400,719.3
68091,4936,57700,284.8
68101,4936,56100,276.9
68111,4940,57000,281.6
68121,4940,56700,280.1
68131,4940,57000,281.6
68141,4936,56800,280.4
68151,4940,57100,282.1
68161,4940,57800,285.5
68171,4936,56100,276.9
68181,4940,57700,285.0
68191,4928,56100,276.5
68201,4940,57800,285.5
68211,4940,56200,277.6
68221,4940,57800,285.5
68231,4936,56200,277.4
68241,4940,57700,285.0
68251,4936,56200,277.4
68261,4940,57700,285.0
68271,4936,56200,277.4
68281,4940,57000,281.6
68291,4824,140100,675.8
68301,4936,57100,281.8
68311,4940,56800,280.6
68321,4940,57100,282.1
68331,4936,57800,285.3
68341,4936,56200,277.4
68351,4940,57700,285.0
68361,4936,56100,276.9
68371,4940,57800,285.5
68381,4936,56100,276.9
68391,4812,144100,693.4
68401,4936,56200,277.4
68411,4940,57800,285.5
68421,4936,56100,276.9
68431,4940,57700,285.0
68441,4936,56100,276.9
68451,4936,57100,281.8
68461,4936,56800,280.4
68471,4936,57100,281.8
68481,4940,56800,280.6
68491,4912,59900,294.2
68501,4940,57500,284.1
68511,4936,56600,279.4
68521,4940,57700,285.0
68531,4936,56100,276.9
68541,4940,57700,285.0
68551,4936,56100,276.9
68561,4940,57800,285.5
68571,4936,56200,277.4
68581,4940,57700,285.0
68591,4936,56100,276.9
68602,4816,143100,689.2
68611,4936,56100,276.9
68621,4940,57100,282.1
68631,4936,56800,280.4
68641,4940,57100,282.1
68651,4936,56800,280.4
68661,4940,57000,281.6
68671,4940,57200,282.6
68681,4936,56900,280.9
68691,4940,57700,285.0
68701,4936,56100,276.9
68711,4824,158500,764.6
68721,4936,56200,277.4
68731,4940,57700,285.0
68741,4936,56100,276.9
68751,4940,57700,285.0
68761,4936,56100,276.9
68771,4940,57800,285.5
68781,4936,56100,276.9
68791,4940,57000,281.6
68801,4936,56800,280.4
68811,4780,169100,808.3
68821,4936,56800,280.4
68831,4940,57000,281.6
68841,4936,56800,280.4
68851,4936,57100,281.8
68861,4940,57700,285.0
68871,4936,56100,276.9
68881,4940,57800,285.5
68891,4936,56200,277.4
68901,4940,57700,285.0
68911,4804,144600,694.7
68921,4940,57700,285.0
68931,4936,56100,276.9
68941,4940,57700,285.0
68951,4936,56200,277.4
68961,4940,57400,283.6
68971,4936,56800,280.4
68981,4940,57100,282.1
68991,4936,56800,280.4
69001,4936,57100,281.8
69011,4940,56800,280.6
69021,4812,155000,745.9
69031,4940,57700,285.0
69041,4936,56200,277.4
69051,4940,57800,285.5
69061,4936,56200,277.4
69071,4940,57700,285.0
69081,4940,56100,277.1
69091,4940,57800,285.5
69101,4936,56200,277.4
69111,4940,57700,285.0
69121,4936,56100,276.9
69131,4828,149100,719.9
69141,4936,56600,279.4
69151,4940,57100,282.1
69161,4940,56800,280.6
69171,4940,57100,282.1
69181,4936,56800,280.4
69191,4936,57100,281.8
69201,4936,57700,284.8
69211,4936,56200,277.4
69221,4940,57700,285.0
69231,4820,147100,709.0
69241,4940,57800,285.5
69251,4936,56100,276.9
69261,4940,57700,285.0
69271,4936,56100,276.9
69281,4940,57700,285.0
69291,4936,56100,276.9
69301,4940,57700,285.0
69311,4936,56300,277.9
69321,4936,57100,281.8
69331,4936,64700,319.4
69341,4940,57100,282.1
69351,4940,56800,280.6
69361,4936,57100,281.8
69371,4940,57700,285.0
69381,4936,56100,276.9
69391,4940,57800,285.5
69401,4936,56100,276.9
69411,4940,57700,285.0
69421,4940,56100,277.1
69431,4940,57600,284.5
69441,4936,58700,289.7
69451,4940,57800,285.5
69461,4936,56100,276.9
69471,4940,57700,285.0
69481,4940,56100,277.1
69491,4940,57100,282.1
69501,4936,56800,280.4
69511,4940,57000,281.6
69521,4940,56800,280.6
69531,4936,57100,281.8
69541,4940,57800,285.5
69551,4900,59000,289.1
69561,4872,163700,797.5
69571,4936,56100,276.9
69581,4936,57700,284.8
69591,4936,56100,276.9
69601,4940,57700,285.0
69611,4936,56100,276.9
69621,4940,57700,285.0
69631,4936,56200,277.4
69641,4940,57700,285.0
69651,4936,56100,276.9
69661,4936,57100,281.8
69671,4936,56800,280.4
69681,4940,57000,281.6
69691,4936,56800,280.4
69701,4940,57100,282.1
69711,4936,57600,284.3
69721,4936,56300,277.9
69731,4940,57700,285.0
69741,4936,56100,276.9
69751,4940,57700,285.0
69761,4940,56100,277.1
69771,4940,57700,285.0
69781,4936,56100,276.9
69791,4940,57700,285.0
69801,4936,56100,276.9
69811,4940,57700,285.0
69821,4936,56000,276.4
69831,4940,57000,281.6
69841,4936,56700,279.9
69851,4940,57100,282.1
69861,4936,56800,280.4
69871,4940,57100,282.1
69881,4940,57500,284.1
69891,4940,56500,279.1
69901,4940,57700,285.0
69911,4940,56100,277.1
69921,4940,57700,285.0
69931,4936,56100,276.9
69941,4940,57800,285.5
69951,4936,56100,276.9
69961,4940,57700,285.0
69971,4940,56100,277.1
69981,4940,57700,285.0
69991,4936,56100,276.9
70001,4940,57000,281.6
70011,4936,56700,279.9
70021,4940,57100,282.1
70031,4940,56700,280.1
70041,4936,57100,281.8
70051,4940,57400,283.6
70061,4936,56600,279.4
70071,4828,206300,996.0
70081,4936,56100,276.9
70091,4940,57700,285.0
70101,4936,56100,276.9
70111,4940,57700,285.0
70121,4936,56100,276.9
70131,4940,57700,285.0
70141,4936,56200,277.4
70151,4940,57700,285.0
70161,4936,56100,276.9
70171,4940,57000,281.6
70181,4936,56600,279.4
70191,4940,57000,281.6
70201,4940,56700,280.1
70211,4940,57000,281.6
70221,4940,57100,282.1
70231,4936,56900,280.9
70241,4940,57700,285.0
70251,4936,56100,276.9
70261,4940,57700,285.0
70271,4936,56100,276.9
70281,4940,57700,285.0
70291,4936,56100,276.9
70302,4940,57700,285.0
70311,4936,56100,276.9
70321,4940,57700,285.0
70331,4936,56100,276.9
70341,4940,57000,281.6
70351,4936,56800,280.4
70361,4940,57100,282.1
70371,4936,56800,280.4
70381,4936,57100,281.8
70391,4936,56900,280.9
70401,4936,57000,281.4
70411,4940,57700,285.0
70421,4936,56100,276.9
70431,4940,57700,285.0
70441,4940,56200,277.6
70451,4940,57700,285.0
70461,4936,56100,276.9
70471,4940,57700,285.0
70481,4936,56000,276.4
70491,4940,57700,285.0
70501,4936,56200,277.4
70511,4940,57000,281.6
70521,4936,56800,280.4
70531,4936,57000,281.4
70541,4936,56800,280.4
70551,4936,57000,281.4
70561,4924,71900,354.0
70571,4936,57100,281.8
70581,4940,57700,285.0
70591,4936,56100,276.9
70601,4940,57700,285.0
70611,4936,56100,276.9
70621,4940,57700,285.0
70631,4936,56100,276.9
70641,4940,57700,285.0
70651,4936,56100,276.9
70661,4940,57700,285.0
70671,4812,141600,681.4
70681,4940,57500,284.1
70691,4936,56900,280.9
70701,4940,57100,282.1
70711,4936,56800,280.4
70721,4936,57000,281.4
70731,4940,56700,280.1
70741,4936,57100,281.8
70751,4940,57700,285.0
70761,4936,56100,276.9
70771,4940,57700,285.0
70781,4816,201100,968.5
70791,4940,57800,285.5
70801,4936,56200,277.4
70811,4940,57700,285.0
70821,4936,56100,276.9
70831,4940,57700,285.0
70841,4940,56200,277.6
70851,4940,57700,285.0
70861,4936,56500,278.9
70871,4940,57100,282.1
70881,4940,59400,293.4
70891,4940,57100,282.1
70901,4936,56800,280.4
70911,4936,57100,281.8
70921,4936,57700,284.8
70931,4936,56200,277.4
70941,4940,57700,285.0
70951,4936,56100,276.9
70961,4940,57700,285.0
70971,4936,56200,277.4
70981,4940,57700,285.0
70991,4820,143600,692.2
71001,4940,57700,285.0
71011,4936,56200,277.4
71021,4940,57800,285.5
71031,4936,56100,276.9
71041,4936,57100,281.8
71051,4936,56800,280.4
71061,4940,57100,282.1
71071,4936,56800,280.4
71081,4936,57100,281.8
71091,4940,57700,285.0
71101,4936,104300,514.8
71111,4940,57700,285.0
71121,4936,56200,277.4
71131,4940,57700,285.0
71141,4936,56200,277.4
71151,4940,57700,285.0
71161,4936,56200,277.4
71171,4940,57700,285.0
71181,4936,56100,276.9
71191,4940,57700,285.0
71201,4816,141400,681.0
71211,4940,57000,281.6
71221,4940,56800,280.6
71231,4940,57000,281.6
71241,4936,56800,280.4
71251,4940,57000,281.6
71261,4940,57700,285.0
71271,4936,56200,277.4
71281,4940,57700,285.0
71291,4936,56100,276.9
71301,4940,57700,285.0
71311,4824,188200,907.9
71321,4936,57700,284.8
71331,4936,56200,277.4
71341,4940,57700,285.0
71351,4936,56100,276.9
71361,4940,57700,285.0
71371,4936,56100,276.9
71381,4936,57100,281.8
71391,4940,56800,280.6
71401,4940,57000,281.6
71411,4936,59400,293.2
71421,4940,57100,282.1
71431,4940,57700,285.0
71441,4936,56500,278.9
71451,4940,57700,285.0
71461,4936,56100,276.9
71471,4940,57700,285.0
71481,4936,56100,276.9
71491,4940,57700,285.0
71501,4936,56100,276.9
71511,4940,57700,285.0
71521,4816,141000,679.1
71531,4940,57800,285.5
71541,4936,56200,277.4
71551,4940,57100,282.1
71561,4936,56800,280.4
71571,4940,57100,282.1
71581,4940,56800,280.6
71591,4940,57100,282.1
71601,4936,57300,282.8
71611,4940,56700,280.1
71621,4940,57700,285.0
71631,4824,163200,787.3
71641,4940,57800,285.5
71651,4936,56100,276.9
71661,4940,57700,285.0
71671,4940,56100,277.1
71681,4940,57700,285.0
71691,4940,56100,277.1
71701,4940,57800,285.5
71711,4936,56000,276.4
71721,4940,57000,281.6
71731,4920,154000,757.7
71741,4940,57100,282.1
71751,4936,56800,280.4
71761,4940,57000,281.6
71771,4936,56800,280.4
71781,4936,57000,281.4
71791,4940,57700,285.0
71801,4936,56100,276.9
71811,4940,57800,285.5
71821,4936,56100,276.9
71831,4940,57700,285.0
71841,4816,140300,675.7
71851,4940,57700,285.0
71861,4936,56100,276.9
71871,4940,57700,285.0
71881,4936,56000,276.4
71891,4940,57200,282.6
71901,4936,56900,280.9
71911,4936,57100,281.8
71921,4936,56800,280.4
71931,4940,57000,281.6
71941,4940,56800,280.6
71951,4708,134700,634.2
71961,4940,57700,285.0
71971,4936,56200,277.4
71981,4936,57800,285.3
71991,4936,56200,277.4
72002,4940,57700,285.0
72011,4940,56100,277.1
72021,4940,57800,285.5
72031,4936,56100,276.9
72041,4940,57700,285.0
72051,4816,141600,681.9
72061,4940,57600,284.5
72071,4940,56700,280.1
72081,4940,57100,282.1
72091,4936,56800,280.4
72101,4936,57100,281.8
72111,4936,56700,279.9
72121,4936,57100,281.8
72131,4940,57700,285.0
72141,4936,56200,277.4
72151,4936,57700,284.8
72161,4740,97200,460.7
72171,4940,57800,285.5
72181,4936,56100,276.9
72191,4940,57800,285.5
72201,4936,56100,276.9
72211,4940,57800,285.5
72221,4936,56100,276.9
72231,4940,57700,285.0
72241,4936,56400,278.4
72251,4940,57100,282.1
72261,4916,152800,751.2
72271,4936,57100,281.8
72281,4936,56800,280.4
72291,4940,57100,282.1
72301,4936,57700,284.8
72311,4936,56200,277.4
72321,4940,57700,285.0
72331,4936,56200,277.4
72341,4940,57700,285.0
72351,4936,56100,276.9
72361,4940,57700,285.0
72371,4788,69300,331.8
72381,4940,57800,285.5
72391,4936,56100,276.9
72401,4940,57700,285.0
72411,4936,56100,276.9
72421,4940,57100,282.1
72431,4940,56700,280.1
72441,4940,57000,281.6
72451,4940,56800,280.6
72461,4940,57000,281.6
72471,4816,141200,680.0
72481,4940,56100,277.1
72491,4940,57800,285.5
72501,4936,56200,277.4
72511,4940,57700,285.0
72521,4936,56200,277.4
72531,4940,57700,285.0
72541,4936,56200,277.4
72551,4940,57700,285.0
72561,4936,56100,276.9
72571,4812,146100,703.0
72581,4936,56200,277.4
72591,4940,57100,282.1
72601,4940,56800,280.6
72611,4940,57100,282.1
72621,4936,56800,280.4
72631,4936,57100,281.8
72641,4940,57800,285.5
72651,4936,56200,277.4
72661,4940,57700,285.0
72671,4936,56200,277.4
72681,4864,155600,756.8
72691,4936,56200,277.4
72701,4940,57700,285.0
72711,4936,56100,276.9
72721,4940,57800,285.5
72731,4940,56200,277.6
72741,4940,57700,285.0
72751,4940,56100,277.1
72761,4940,57100,282.1
72771,4936,56800,280.4
72781,4940,57100,282.1
72791,4828,211400,1020.6
72801,4940,57100,282.1
72811,4936,57500,283.8
72821,4936,56600,279.4
72831,4940,57700,285.0
72841,4936,56100,276.9
72851,4940,57800,285.5
72861,4936,56100,276.9
72871,4940,57700,285.0
72881,4936,56200,277.4
72891,4816,144400,695.4
72901,4936,56200,277.4
72911,4940,57800,285.5
72921,4936,56100,276.9
72931,4940,57000,281.6
72941,4936,56700,279.9
72951,4940,57000,281.6
72961,4936,56800,280.4
72971,4936,57100,281.8
72981,4936,57100,281.8
72991,4816,143200,689.7
73001,4936,57700,284.8
73011,4936,56200,277.4
73021,4940,57700,285.0
73031,4936,56200,277.4
73041,4940,57700,285.0
73051,4936,56100,276.9
73061,4940,57700,285.0
73071,4936,56100,276.9
73081,4940,57700,285.0
73091,4936,56100,276.9
73101,4780,187200,894.8
73111,4936,56800,280.4
73121,4936,57100,281.8
73131,4940,56800,280.6
73141,4940,57100,282.1
73151,4940,56800,280.6
73161,4936,57100,281.8
73171,4940,57700,285.0
73181,4936,56100,276.9
73191,4940,57800,285.5
73201,4936,56100,276.9
73211,4896,57700,282.5
73221,4936,56200,277.4
73231,4940,57700,285.0
73241,4936,56100,276.9
73251,4940,57700,285.0
73261,4940,56100,277.1
73271,4940,57400,283.6
73281,4936,56900,280.9
73291,4940,57100,282.1
73301,4936,56800,280.4
73311,4940,57100,282.1
73321,4836,56800,274.7
73331,4936,57100,281.8
73341,4940,57800,285.5
73351,4936,56100,276.9
73361,4940,57700,285.0
73371,4936,56100,276.9
73381,4940,57700,285.0
73391,4936,56200,277.4
73401,4940,57700,285.0
73411,4936,56100,276.9
73421,4816,143100,689.2
73431,4936,56100,276.9
73441,4940,57800,285.5
73451,4936,56500,278.9
73461,4940,57100,282.1
73471,4940,56800,280.6
73481,4936,57000,281.4
73491,4936,56800,280.4
73501,4936,57000,281.4
73511,4940,57700,285.0
73521,4936,56200,277.4
73531,4940,57700,285.0
73541,4936,56200,277.4
73551,4940,57700,285.0
73561,4936,56200,277.4
73571,4940,57800,285.5
73581,4936,56100,276.9
73591,4940,57800,285.5
73601,4936,56100,276.9
73611,4940,57700,285.0
73621,4936,56200,277.4
73631,4940,57100,282.1
73641,4940,56800,280.6
73651,4936,57200,282.3
73661,4940,56800,280.6
73671,4940,57100,282.1
73681,4940,57700,285.0
73691,4940,56100,277.1
73702,4940,57700,285.0
73711,4936,56100,276.9
73721,4940,57800,285.5
73731,4936,112200,553.8
73741,4940,57800,285.5
73751,4936,56100,276.9
73761,4940,57700,285.0
73771,4940,56100,277.1
73781,4940,57700,285.0
73791,4936,56100,276.9
73801,4936,57100,281.8
73811,4936,56800,280.4
73821,4940,57100,282.1
73831,4936,56800,280.4
73841,4716,136400,643.3
73851,4940,57700,285.0
73861,4936,56100,276.9
73871,4940,57800,285.5
73881,4936,56100,276.9
73891,4940,57800,285.5
73901,4936,56100,276.9
73911,4940,57700,285.0
73921,4936,56200,277.4
73931,4940,57700,285.0
73941,4936,56100,276.9
73951,4940,57700,285.0
73961,4936,56200,277.4
73971,4940,57100,282.1
73981,4940,56800,280.6
73991,4940,57100,282.1
74001,4940,56800,280.6
74011,4940,57000,281.6
74021,4940,57700,285.0
74031,4936,56300,277.9
74041,4940,57800,285.5
74051,4804,142500,684.6
74061,4936,57700,284.8
74071,4936,56200,277.4
74081,4940,57700,285.0
74091,4936,56200,277.4
74101,4940,57700,285.0
74111,4940,56200,277.6
74121,4940,57800,285.5
74131,4936,56100,276.9
74141,4940,57100,282.1
74151,4936,56700,279.9
74161,4816,143600,691.6
74171,4936,56800,280.4
74181,4940,57100,282.1
74191,4936,57300,282.8
74201,4936,56800,280.4
74211,4940,57700,285.0
74221,4936,56200,277.4
74231,4940,57800,285.5
74241,4936,56200,277.4
74251,4940,57800,285.5
74261,4936,56100,276.9
74271,4912,57800,283.9
74281,4936,56200,277.4
74291,4940,57800,285.5
74301,4936,56100,276.9
74311,4940,57100,282.1
74321,4936,56800,280.4
74331,4940,57000,281.6
74341,4940,56800,280.6
74351,4940,57100,282.1
74361,4940,57000,281.6
74371,4812,142300,684.7
74381,4940,57700,285.0
74391,4936,56200,277.4
74401,4940,57700,285.0
74411,4936,56200,277.4
74421,4940,57800,285.5
74431,4936,56100,276.9
74441,4940,57800,285.5
74451,4936,56100,276.9
74461,4940,57700,285.0
74471,4936,56200,277.4
74481,4940,57400,283.6
74491,4936,56900,280.9
74501,4940,57100,282.1
74511,4940,56800,280.6
74521,4940,57000,281.6
74531,4936,56700,279.9
74541,4936,57100,281.8
74551,4940,57700,285.0
74561,4936,56200,277.4
74571,4940,57700,285.0
74581,4728,100900,477.1
74591,4940,57800,285.5
74601,4936,56100,276.9
74611,4940,57700,285.0
74621,4936,56100,276.9
74631,4940,57700,285.0
74641,4936,56200,277.4
74651,4940,57600,284.5
74661,4936,56700,279.9
74671,4940,57100,282.1
74681,4936,57500,283.8
74691,4940,57100,282.1
74701,4940,56800,280.6
74711,4936,57100,281.8
74721,4940,57700,285.0
74731,4936,56200,277.4
74741,4940,57800,285.5
74751,4936,56100,276.9
74761,4940,57700,285.0
74771,4936,56100,276.9
74781,4940,57800,285.5
74791,4936,123900,611.6
74801,4940,57600,284.5
74811,4940,56100,277.1
74821,4940,57700,285.0
74831,4936,56200,277.4
74841,4940,57100,282.1
74851,4936,56800,280.4
74861,4940,57100,282.1
74871,4940,56800,280.6
74881,4940,57100,282.1
74891,4936,57700,284.8
74901,4824,132900,641.1
74911,4940,57800,285.5
74921,4936,56200,277.4
74931,4940,57700,285.0
74941,4940,56100,277.1
74951,4940,57700,285.0
74961,4936,56100,276.9
74971,4940,57700,285.0
74981,4936,56100,276.9
74991,4940,57700,285.0
75001,4820,210900,1016.5
75011,4940,57100,282.1
75021,4936,56800,280.4
75031,4940,57100,282.1
75041,4936,56800,280.4
75051,4940,57100,282.1
75061,4940,57800,285.5
75071,4936,56100,276.9
75081,4940,57700,285.0
75091,4936,56100,276.9
75101,4940,57700,285.0
75111,4828,136800,660.5
75121,4940,57800,285.5
75131,4940,56100,277.1
75141,4940,57700,285.0
75151,4936,56100,276.9
75161,4940,57700,285.0
75171,4936,56100,276.9
75181,4940,57100,282.1
75191,4940,56800,280.6
75201,4936,57000,281.4
75211,4940,56800,280.6
75221,4940,135700,670.4
75231,4940,57700,285.0
75241,4940,56300,278.1
75251,4940,57700,285.0
75261,4940,56200,277.6
75271,4940,57700,285.0
75281,4936,56100,276.9
75291,4940,57700,285.0
75301,4936,56100,276.9
75311,4940,57700,285.0
75321,4936,56100,276.9
75331,4940,57700,285.0
75341,4936,56200,277.4
75351,4940,57100,282.1
75361,4936,56700,279.9
75371,4940,57100,282.1
75381,4940,56800,280.6
75391,4940,57000,281.6
75402,4940,57600,284.5
75411,4936,56700,279.9
75421,4940,57700,285.0
75431,4824,138200,666.7
75441,4940,57700,285.0
75451,4936,56100,276.9
75461,4940,57700,285.0
75471,4936,56200,277.4
75481,4940,57700,285.0
75491,4936,56100,276.9
75501,4940,57800,285.5
75511,4936,56200,277.4
75521,4940,57000,281.6
75531,4820,209100,1007.9
75541,4940,57100,282.1
75551,4940,56800,280.6
75561,4940,57100,282.1
75571,4940,57000,281.6
75581,4936,57000,281.4
75591,4940,57700,285.0
75601,4936,56200,277.4
75611,4940,57700,285.0
75621,4936,56100,276.9
75631,4776,173800,830.1
75641,4936,56100,276.9
75651,4940,57700,285.0
75661,4936,56100,276.9
75671,4940,57700,285.0
75681,4936,56100,276.9
75691,4940,57200,282.6
75701,4936,56800,280.4
75711,4940,57000,281.6
75721,4940,56800,280.6
75731,4792,176000,843.4
75741,4936,56800,280.4
75751,4936,57100,281.8
75761,4940,57800,285.5
75771,4936,56100,276.9
75781,4940,57700,285.0
75791,4940,56200,277.6
75801,4940,57700,285.0
75811,4936,56200,277.4
75821,4940,57700,285.0
75831,4936,121100,597.7
75841,4940,57700,285.0
75851,4936,56100,276.9
75861,4940,57600,284.5
75871,4936,56800,280.4
75881,4940,57100,282.1
75891,4936,56800,280.4
75901,4936,57100,281.8
75911,4936,56800,280.4
75921,4936,57100,281.8
75931,4940,57700,285.0
75941,4816,205800,991.1
75951,4940,57700,285.0
75961,4936,56200,277.4
75971,4936,57700,284.8
75981,4936,56100,276.9
75991,4940,57700,285.0
76001,4936,56100,276.9
76011,4940,57700,285.0
76021,4936,56100,276.9
76031,4940,57700,285.0
76041,4936,56400,278.4
76051,4788,190800,913.6
76061,4940,56900,281.1
76071,4940,57000,281.6
76081,4936,56800,280.4
76091,4936,57100,281.8
76101,4940,57800,285.5
76111,4936,56200,277.4
76121,4940,57700,285.0
76131,4936,56100,276.9
76141,4940,57800,285.5
76151,4936,56100,276.9
76161,4884,57700,281.8
76171,4940,56100,277.1
76181,4940,57700,285.0
76191,4936,56200,277.4
76201,4940,57700,285.0
76211,4940,56200,277.6
76221,4940,57000,281.6
76231,4936,56800,280.4
76241,4940,57100,282.1
76251,4940,56700,280.1
76261,4936,57100,281.8
76271,4828,57800,279.1
76281,4936,56100,276.9
76291,4940,57700,285.0
76301,4936,56100,276.9
76311,4940,57700,285.0
76321,4936,56100,276.9
76331,4940,57700,285.0
76341,4936,56200,277.4
76351,4940,57700,285.0
76361,4936,56100,276.9
76371,4716,133500,629.6
76381,4940,56100,277.1
76391,4936,57100,281.8
76401,4940,56800,280.6
76411,4936,57100,281.8
76421,4940,56700,280.1
76431,4940,57100,282.1
76441,4936,57800,285.3
76451,4940,56100,277.1
76461,4940,57700,285.0
76471,4932,86000,424.2
76481,4940,57700,285.0
76491,4936,56200,277.4
76501,4940,57700,285.0
76511,4936,56200,277.4
76521,4940,57700,285.0
76531,4936,56100,276.9
76541,4940,57700,285.0
76551,4936,56100,276.9
76561,4936,57100,281.8
76571,4940,56800,280.6
76581,4720,134700,635.8
76591,4940,56900,281.1
76601,4940,57100,282.1
76611,4936,57500,283.8
76621,4940,56600,279.6
76631,4940,57700,285.0
76641,4936,56200,277.4
76651,4940,57800,285.5
76661,4936,56100,276.9
76671,4940,57800,285.5
76681,4936,56100,276.9
76691,4892,57700,282.3
76701,4936,56100,276.9
76711,4940,57700,285.0
76721,4940,56100,277.1
76731,4940,57000,281.6
76741,4936,56700,279.9
76751,4940,57100,282.1
76761,4912,57100,280.5
76771,4936,57100,281.8
76781,4940,57000,281.6
76791,4936,57100,281.8
76801,4940,57700,285.0
76811,4936,56100,276.9
76821,4940,57700,285.0
76831,4936,56100,276.9
76841,4940,57700,285.0
76851,4936,56100,276.9
76861,4940,57700,285.0
76871,4936,56100,276.9
76881,4940,57800,285.5
76891,4936,56200,277.4
76901,4940,57100,282.1
76911,4936,56800,280.4
76921,4940,57000,281.6
76931,4936,56800,280.4
76941,4940,57000,281.6
76951,4940,56900,281.1
76961,4936,57100,281.8
76971,4940,57700,285.0
76981,4936,56100,276.9
76991,4936,57700,284.8
77001,4936,56000,276.4
77011,4940,57700,285.0
77021,4936,56000,276.4
77031,4940,57700,285.0
77041,4936,56200,277.4
77051,4940,57700,285.0
77061,4936,56100,276.9
77071,4940,57200,282.6
77081,4936,56800,280.4
77091,4940,57000,281.6
77101,4936,56700,279.9
77115,4936,56100,276.9
77121,4940,56800,280.6
77131,4936,57100,281.8
77141,4940,57700,285.0
77151,4936,56100,276.9
77161,4940,57700,285.0
77171,4936,56000,276.4
77181,4936,57700,284.8
77191,4936,56200,277.4
77201,4940,57700,285.0
77211,4940,56100,277.1
77221,4940,57700,285.0
77231,4936,56100,276.9
77241,4940,57400,283.6
77251,4936,56800,280.4
77261,4940,57000,281.6
77271,4820,168700,813.1
77281,4936,57000,281.4
77291,4936,56800,280.4
77301,4936,57000,281.4
77311,4940,57700,285.0
77321,4940,56100,277.1
77331,4940,57700,285.0
77341,4936,56100,276.9
77351,4940,57600,284.5
77361,4936,56100,276.9
77371,4940,57700,285.0
77381,4936,56100,276.9
77391,4940,57700,285.0
77401,4940,56100,277.1
77411,4940,57700,285.0
77421,4936,56700,279.9
77431,4940,57100,282.1
77441,4940,56700,280.1
77451,4936,57000,281.4
77461,4940,56800,280.6
77471,4936,57000,281.4
77481,4940,57700,285.0
77491,4936,56100,276.9
77501,4940,57700,285.0
77511,4936,56100,276.9
77521,4940,57700,285.0
77531,4936,56100,276.9
77541,4940,57700,285.0
77551,4936,56100,276.9
77561,4940,57700,285.0
77571,4936,56100,276.9
77581,4940,57700,285.0
77591,4936,56500,278.9
77601,4936,57000,281.4
77611,4936,56800,280.4
77621,4940,57000,281.6
77631,4936,56700,279.9
77641,4936,57000,281.4
77651,4940,57700,285.0
77661,4936,56200,277.4
77671,4940,57600,284.5
77681,4936,56200,277.4
77691,4940,57700,285.0
77701,4936,56100,276.9
77711,4940,57700,285.0
77721,4936,56100,276.9
77731,4940,57700,285.0
77741,4936,56100,276.9
77751,4940,57700,285.0
77761,4936,56300,277.9
77771,4816,142600,686.8
77781,4936,56700,279.9
77791,4940,57100,282.1
77801,4936,56800,280.4
77811,4936,57100,281.8
77821,4940,57700,285.0
77831,4936,56100,276.9
77841,4936,57700,284.8
77851,4940,56100,277.1
77861,4940,57700,285.0
77871,4936,56100,276.9
77881,4940,57700,285.0
77891,4936,56000,276.4
77901,4940,57700,285.0
77911,4936,56200,277.4
77921,4940,57700,285.0
77931,4936,56200,277.4
77941,4936,57000,281.4
77951,4940,56700,280.1
77961,4940,57100,282.1
77971,4936,56800,280.4
77981,4940,57100,282.1
77991,4940,57700,285.0
78001,4936,56100,276.9
78011,4940,57700,285.0
78021,4936,56100,276.9
78031,4940,57700,285.0
78041,4936,56100,276.9
78051,4940,57700,285.0
78061,4936,56000,276.4
78071,4940,57600,284.5
78081,4936,56100,276.9
78091,4940,57700,285.0
78101,4936,56100,276.9
78111,4940,57000,281.6
78121,4940,56700,280.1
78131,4940,57100,282.1
78141,4936,56700,279.9
78151,4936,57000,281.4
78161,4940,57700,285.0
78171,4940,56100,277.1
78181,4940,57700,285.0
78191,4936,56100,276.9
78201,4940,57700,285.0
78211,4936,56100,276.9
78221,4940,57700,285.0
78231,4936,56100,276.9
78241,4940,57700,285.0
78251,4936,56200,277.4
78261,4940,57700,285.0
78271,4816,141200,680.0
78281,4940,57100,282.1
78291,4940,56800,280.6
78301,4936,57000,281.4
78311,4940,56800,280.6
78321,4940,57100,282.1
78331,4936,57800,285.3
78341,4940,56200,277.6
78351,4936,57700,284.8
78361,4936,56100,276.9
78371,4940,57700,285.0
78381,4940,56100,277.1
78391,4940,57700,285.0
78401,4936,56000,276.4
78411,4940,57700,285.0
78421,4936,56100,276.9
78431,4940,57700,285.0
78441,4936,56100,276.9
78451,4940,57100,282.1
78461,4940,56800,280.6
78471,4940,57100,282.1
78481,4936,56800,280.4
78491,4940,57100,282.1
78501,4940,57700,285.0
78511,4936,56400,278.4
78521,4940,57700,285.0
78531,4936,56100,276.9
78541,4940,57700,285.0
78551,4936,56100,276.9
78561,4940,57700,285.0
78571,4936,56100,276.9
78581,4940,57700,285.0
78591,4936,56100,276.9
78601,4940,57700,285.0
78611,4936,56100,276.9
78621,4940,57100,282.1
78631,4936,56700,279.9
78641,4936,57100,281.8
78651,4936,56700,279.9
78661,4940,57100,282.1
78671,4940,57500,284.1
78681,4936,56400,278.4
78691,4940,57800,285.5
78701,4940,56200,277.6
78711,4940,57600,284.5
78721,4936,56100,276.9
78731,4940,57700,285.0
78741,4936,56100,276.9
78751,4940,57600,284.5
78761,4936,56100,276.9
78771,4940,57700,285.0
78781,4788,70500,337.6
78791,4940,57100,282.1
78801,4936,56700,279.9
78812,4940,57100,282.1
78821,4940,56800,280.6
78831,4940,57000,281.6
78841,4940,57300,283.1
78851,4936,56900,280.9
78861,4940,57700,285.0
78871,4936,56100,276.9
78881,4940,57600,284.5
78891,4936,56100,276.9
78901,4940,57600,284.5
78911,4936,56100,276.9
78921,4940,57700,285.0
78931,4936,56200,277.4
78941,4940,57700,285.0
78951,4936,56100,276.9
78961,4940,57000,281.6
78971,4940,56700,280.1
78981,4940,57100,282.1
78991,4940,56800,280.6
79001,4940,57100,282.1
79011,4940,57000,281.6
79021,4940,57000,281.6
79031,4940,57700,285.0
79041,4936,56100,276.9
79051,4940,57700,285.0
79061,4936,56200,277.4
79071,4940,57700,285.0
79081,4936,56100,276.9
79091,4940,57800,285.5
79101,4936,56100,276.9
79111,4940,57700,285.0
79121,4936,56100,276.9
79131,4940,57000,281.6
79141,4936,56800,280.4
79151,4940,57000,281.6
79161,4936,56800,280.4
79171,4936,57000,281.4
79181,4940,56900,281.1
79191,4936,57000,281.4
79201,4940,57700,285.0
79211,4936,56100,276.9
79221,4940,57700,285.0
79231,4936,56100,276.9
79241,4940,57700,285.0
79251,4936,56100,276.9
79261,4936,88800,438.3
79271,4936,56100,276.9
79281,4940,57700,285.0
79291,4936,56100,276.9
79301,4940,57200,282.6
79311,4936,56800,280.4
79321,4940,57000,281.6
79331,4936,56700,279.9
79341,4940,57100,282.1
79351,4936,56800,280.4
79361,4936,57100,281.8
79371,4828,57700,278.6
79381,4936,56100,276.9
79391,4940,57700,285.0
79401,4940,56100,277.1
79411,4940,57800,285.5
79421,4936,56100,276.9
79431,4940,57700,285.0
79441,4940,56100,277.1
79451,4940,57700,285.0
79461,4936,56100,276.9
79471,4832,216000,1043.7
79481,4936,56700,279.9
79491,4936,57100,281.8
79501,4940,56700,280.1
79511,4940,57100,282.1
79521,4940,56800,280.6
79531,4936,57000,281.4
79541,4940,57800,285.5
79551,4936,56100,276.9
79561,4940,57700,285.0
79571,4804,140600,675.4
79581,4940,57700,285.0
79591,4936,56100,276.9
79601,4940,57700,285.0
79611,4936,56200,277.4
79621,4940,57700,285.0
79631,4936,56200,277.4
79641,4940,57700,285.0
79651,4940,56400,278.6
79661,4940,57100,282.1
79671,4940,56700,280.1
79681,4764,158300,754.1
79691,4936,56800,280.4
79701,4940,57100,282.1
79711,4936,57700,284.8
79721,4936,56200,277.4
79731,4940,57800,285.5
79741,4936,56200,277.4
79751,4940,57700,285.0
79761,4936,56100,276.9
79771,4940,57700,285.0
79781,4932,108200,533.6
79791,4940,57700,285.0
79801,4936,56100,276.9
79811,4940,57800,285.5
79821,4936,56200,277.4
79831,4936,57000,281.4
79841,4936,56800,280.4
79851,4940,57100,282.1
79861,4936,56800,280.4
79871,4940,57100,282.1
79881,4936,57800,285.3
79891,4796,142600,683.9
79901,4940,57800,285.5
79911,4940,56200,277.6
79921,4940,57700,285.0
79931,4936,56200,277.4
79941,4940,57800,285.5
79951,4936,56100,276.9
79961,4940,57700,285.0
79971,4936,56100,276.9
79981,4940,57700,285.0
79991,4936,56100,276.9
80001,4728,134600,636.4
80011,4936,56800,280.4
80021,4936,57100,281.8
80031,4936,56800,280.4
80041,4936,57100,281.8
80051,4936,57800,285.3
80061,4936,56300,277.9
80071,4940,57700,285.0
80081,4936,56100,276.9
80091,4940,57700,285.0
80101,4940,56100,277.1
80111,4824,213500,1029.9
80121,4936,56200,277.4
80131,4940,57800,285.5
80141,4936,56100,276.9
80151,4940,57700,285.0
80161,4936,56200,277.4
80171,4940,57100,282.1
80181,4936,56800,280.4
80191,4940,57100,282.1
80201,4940,56700,280.1
80211,4936,57000,281.4
80221,4940,57400,283.6
80231,4936,56700,279.9
80241,4936,57800,285.3
80251,4936,56100,276.9
80261,4940,57700,285.0
80271,4936,56100,276.9
80281,4940,57700,285.0
80291,4936,56200,277.4
80301,4940,57700,285.0
80311,4936,56200,277.4
80321,4728,172700,816.5
80331,4936,56100,276.9
80341,4940,57100,282.1
80351,4936,56700,279.9
80361,4940,57100,282.1
80371,4936,56800,280.4
80381,4940,57000,281.6
80391,4940,57100,282.1
80401,4940,57000,281.6
80411,4940,57700,285.0
80421,4816,195700,942.5
80431,4940,57800,285.5
80441,4936,56200,277.4
80451,4940,57700,285.0
80461,4936,56100,276.9
80471,4940,57700,285.0
80481,4936,56100,276.9
80491,4940,57800,285.5
80501,4936,56100,276.9
80512,4940,57000,281.6
80521,4936,56800,280.4
80531,4804,138800,666.8
80541,4940,56800,280.6
80551,4940,57100,282.1
80561,4940,56800,280.6
80571,4936,57000,281.4
80581,4940,57700,285.0
80591,4936,56100,276.9
80601,4940,57700,285.0
80611,4936,56200,277.4
80621,4940,57700,285.0
80631,4936,56100,276.9
80641,4880,57700,281.6
80651,4936,56100,276.9
80661,4940,57800,285.5
80671,4936,56100,276.9
80681,4940,57500,284.1
80691,4936,56900,280.9
80701,4940,57200,282.6
80711,4936,56800,280.4
80721,4940,57100,282.1
80731,4940,56800,280.6
80741,4816,145800,702.2
80751,4940,57800,285.5
80761,4936,56200,277.4
80771,4940,57800,285.5
80781,4940,56100,277.1
80791,4940,57700,285.0
80801,4936,56100,276.9
80811,4940,57700,285.0
80821,4936,56100,276.9
80831,4940,57800,285.5
80841,4936,56200,277.4
80851,4816,141700,682.4
80861,4936,56500,278.9
80871,4936,57000,281.4
80881,4936,56800,280.4
80891,4940,57100,282.1
80901,4936,56700,279.9
80911,4936,57100,281.8
80921,4940,57700,285.0
80931,4936,56200,277.4
80941,4940,57800,285.5
80951,4936,56100,276.9
80961,4720,131900,622.6
80971,4936,56200,277.4
80981,4940,57700,285.0
80991,4936,56200,277.4
81001,4940,57700,285.0
81011,4936,56200,277.4
81021,4940,57700,285.0
81031,4940,56200,277.6
81041,4940,57100,282.1
81051,4940,56800,280.6
81061,4816,142400,685.8
81071,4940,56800,280.6
81081,4940,57100,282.1
81091,4940,57800,285.5
81101,4940,56100,277.1
81111,4940,57700,285.0
81121,4936,56100,276.9
81131,4940,57800,285.5
81141,4936,56100,276.9
81151,4940,57700,285.0
81161,4936,56100,276.9
81171,4820,211900,1021.4
81181,4936,56200,277.4
81191,4940,57800,285.5
81201,4936,56200,277.4
81211,4936,57100,281.8
81221,4936,56800,280.4
81231,4940,57100,282.1
81241,4936,56700,279.9
81251,4940,57100,282.1
81261,4940,57800,285.5
81271,4816,180700,870.3
81281,4940,57700,285.0
81291,4940,56100,277.1
81301,4940,57700,285.0
81311,4940,56100,277.1
81321,4940,57800,285.5
81331,4936,56100,276.9
81341,4940,57700,285.0
81351,4936,56100,276.9
81361,4940,57800,285.5
81371,4936,56100,276.9
81381,4920,57100,280.9
81391,4940,56800,280.6
81401,4940,57100,282.1
81411,4936,56800,280.4
81421,4940,57000,281.6
81431,4940,57600,284.5
81441,4936,56500,278.9
81451,4940,57700,285.0
81461,4940,56200,277.6
81471,4940,57700,285.0
81481,4936,56100,276.9
81491,4860,57700,280.4
81501,4936,56200,277.4
81511,4940,57700,285.0
81521,4936,56100,276.9
81531,4940,57800,285.5
81541,4936,56200,277.4
81551,4940,57000,281.6
81561,4936,56800,280.4
81571,4940,57100,282.1
81581,4936,56800,280.4
81591,4820,142600,687.3
81601,4936,57100,281.8
81611,4936,57000,281.4
81621,4940,57700,285.0
81631,4936,56100,276.9
81641,4940,57700,285.0
81651,4936,56100,276.9
81661,4940,57700,285.0
81671,4936,56100,276.9
81681,4940,57700,285.0
81691,4936,56100,276.9
81701,4892,57700,282.3
81711,4936,56200,277.4
81721,4940,57100,282.1
81731,4936,56800,280.4
81741,4940,57000,281.6
81751,4940,56800,280.6
81761,4940,57100,282.1
81771,4936,56900,280.9
81781,4940,57200,282.6
81791,4940,57800,285.5
81801,4816,145700,701.7
81811,4940,57700,285.0
81821,4936,56100,276.9
81831,4940,57800,285.5
81841,4936,56200,277.4
81851,4940,57700,285.0
81861,4936,56100,276.9
81871,4940,57700,285.0
81881,4936,56100,276.9
81891,4940,57400,283.6
81901,4936,56900,280.9
81911,4824,134800,650.3
81921,4940,56800,280.6
81931,4940,57000,281.6
81941,4936,56800,280.4
81951,4936,57100,281.8
81961,4940,57700,285.0
81971,4936,56100,276.9
81981,4940,57600,284.5
81991,4936,56200,277.4
82001,4940,57700,285.0
82011,4832,133800,646.5
82021,4940,57700,285.0
82031,4936,56100,276.9
82041,4936,57800,285.3
82051,4936,56200,277.4
82061,4940,57700,285.0
82071,4936,56600,279.4
82081,4940,57600,284.5
82091,4940,56700,280.1
82101,4940,57000,281.6
82111,4820,165600,798.2
82121,4940,57100,282.1
82131,4940,57700,285.0
82141,4936,56200,277.4
82151,4940,57700,285.0
82161,4936,56100,276.9
82171,4940,57800,285.5
82181,4936,56200,277.4
82191,4940,57700,285.0
82201,4936,56200,277.4
82211,4824,211100,1018.3
82222,4936,56200,277.4
82231,4940,57700,285.0
82241,4936,56200,277.4
82251,4940,57100,282.1
82261,4936,56800,280.4
82271,4936,57100,281.8
82281,4936,56800,280.4
82291,4940,57100,282.1
82301,4940,57600,284.5
82311,4764,133700,636.9
82321,4940,57700,285.0
82331,4936,56100,276.9
82341,4940,57700,285.0
82351,4936,56200,277.4
82361,4940,57700,285.0
82371,4936,56100,276.9
82381,4940,57600,284.5
82391,4936,56200,277.4
82401,4940,57700,285.0
82411,4828,205000,989.7
82421,4940,57100,282.1
82431,4940,56800,280.6
82441,4940,57100,282.1
82451,4936,56800,280.4
82461,4940,57100,282.1
82471,4940,57700,285.0
82481,4936,56200,277.4
82491,4940,57700,285.0
82501,4936,56100,276.9
82511,4904,161600,792.5
82521,4936,56200,277.4
82531,4940,57700,285.0
82541,4936,56100,276.9
82551,4940,57700,285.0
82561,4936,56100,276.9
82571,4940,57700,285.0
82581,4936,56100,276.9
82591,4940,57100,282.1
82601,4936,56800,280.4
82611,4940,57100,282.1
82621,4808,193300,929.4
82631,4940,57100,282.1
82641,4940,57700,285.0
82651,4940,56400,278.6
82661,4940,57800,285.5
82671,4936,56100,276.9
82681,4940,57700,285.0
82691,4936,56100,276.9
82701,4940,57700,285.0
82711,4940,56200,277.6
82721,4940,60600,299.4
82731,4936,56200,277.4
82741,4940,57700,285.0
82751,4936,56100,276.9
82761,4936,101800,502.5
82771,4936,56800,280.4
82781,4940,57200,282.6
82791,4940,56800,280.6
82801,4940,57100,282.1
82811,4936,57200,282.3
82821,4940,56900,281.1
82831,4940,57700,285.0
82841,4936,56100,276.9
82851,4940,57700,285.0
82861,4936,56200,277.4
82871,4940,57800,285.5
82881,4940,56100,277.1
82891,4940,57700,285.0
82901,4940,56100,277.1
82911,4940,57700,285.0
82921,4936,56100,276.9
82931,4940,57000,281.6
82941,4940,56800,280.6
82951,4936,57100,281.8
82961,4940,56800,280.6
82971,4940,57000,281.6
82981,4940,57000,281.6
82991,4936,57000,281.4
83001,4940,57600,284.5
83011,4936,56100,276.9
83021,4936,57700,284.8
83031,4936,56100,276.9
83041,4940,57700,285.0
83051,4936,56100,276.9
83061,4940,57700,285.0
83071,4936,56100,276.9
83081,4940,57700,285.0
83091,4936,56100,276.9
83101,4940,57000,281.6
83111,4936,56700,279.9
83121,4936,57000,281.4
83131,4940,56800,280.6
83141,4940,57000,281.6
83151,4940,56900,281.1
83161,4940,57000,281.6
83171,4940,57600,284.5
83181,4936,56000,276.4
83191,4940,57700,285.0
83201,4936,56100,276.9
83211,4940,57700,285.0
83221,4936,56100,276.9
83231,4940,57700,285.0
83241,4940,56100,277.1
83251,4940,57600,284.5
83261,4936,56100,276.9
83271,4828,217000,1047.7
83281,4936,56900,280.9
83291,4940,57100,282.1
83301,4940,56800,280.6
83311,4936,57100,281.8
83321,4936,56800,280.4
83331,4940,57100,282.1
83341,4940,57700,285.0
83351,4936,56100,276.9
83361,4940,57700,285.0
83371,4936,56100,276.9
83381,4940,57700,285.0
83391,4936,56200,277.4
83401,4940,57700,285.0
83411,4936,56200,277.4
83421,4940,57700,285.0
83431,4936,56100,276.9
83441,4940,57400,283.6
83451,4940,56800,280.6
83461,4940,57100,282.1
83471,4940,56800,280.6
83481,4940,57000,281.6
83491,4940,56800,280.6
83501,4940,57000,281.6
83511,4940,57700,285.0
83521,4936,56100,276.9
83531,4940,57700,285.0
83541,4936,56100,276.9
83551,4940,57700,285.0
83561,4936,56200,277.4
83571,4940,57700,285.0
83581,4936,56100,276.9
83591,4940,57700,285.0
83601,4936,56100,276.9
83611,4940,57500,284.1
83621,4936,56700,279.9
83631,4940,57100,282.1
83641,4940,56700,280.1
83651,4940,57000,281.6
83661,4940,56800,280.6
83671,4940,57000,281.6
83681,4940,57700,285.0
83691,4936,56100,276.9
83701,4940,57700,285.0
83711,4936,56100,276.9
83721,4940,57700,285.0
83731,4936,56100,276.9
83741,4940,57600,284.5
83751,4936,56100,276.9
83761,4940,57700,285.0
83771,4820,177100,853.6
83781,4940,57700,285.0
83791,4936,56700,279.9
83801,4936,57500,283.8
83811,4936,56800,280.4
83821,4940,56900,281.1
83831,4940,56800,280.6
83841,4940,57000,281.6
83851,4940,57700,285.0
83861,4936,56200,277.4
83871,4940,57600,284.5
83881,4936,56200,277.4
83891,4940,57700,285.0
83901,4936,56100,276.9
83911,4940,57600,284.5
83922,4936,56100,276.9
83931,4940,57700,285.0
83941,4936,56000,276.4
83951,4940,57700,285.0
83961,4936,56400,278.4
83971,4936,57600,284.3
83981,4936,56800,280.4
83991,4940,57000,281.6
84001,4940,56700,280.1
84011,4940,57100,282.1
84021,4940,57600,284.5
84031,4936,56100,276.9
84041,4940,57700,285.0
84051,4940,56100,277.1
84061,4940,57600,284.5
84071,4936,56200,277.4
84081,4940,57700,285.0
84091,4940,56100,277.1
84101,4940,57800,285.5
84111,4940,56100,277.1
84121,4940,57600,284.5
84131,4936,56200,277.4
84141,4940,57600,284.5
84151,4940,56700,280.1
84161,4936,57100,281.8
84171,4940,56700,280.1
84181,4940,57100,282.1
84191,4936,57600,284.3
84201,4936,56100,276.9
84211,4940,57700,285.0
84221,4936,56200,277.4
84231,4940,57700,285.0
84241,4936,56100,276.9
84251,4940,57700,285.0
84261,4936,56100,276.9
84271,4816,144400,695.4
84281,4936,56100,276.9
84291,4940,57800,285.5
84301,4936,56200,277.4
84311,4940,57700,285.0
84321,4940,56700,280.1
84331,4940,57100,282.1
84341,4940,56800,280.6
84351,4936,57100,281.8
84361,4940,57700,285.0
84371,4936,56100,276.9
84381,4940,57700,285.0
84391,4936,56100,276.9
84401,4940,57700,285.0
84411,4940,56100,277.1
84421,4940,57700,285.0
84431,4936,56100,276.9
84441,4940,57700,285.0
84451,4940,56100,277.1
84461,4940,57700,285.0
84471,4936,56100,276.9
84481,4940,57700,285.0
84491,4940,56700,280.1
84501,4940,57100,282.1
84511,4936,56800,280.4
84521,4936,57000,281.4
84531,4936,57700,284.8
84541,4940,56100,277.1
84551,4940,57700,285.0
84561,4940,56200,277.6
84571,4940,57700,285.0
84581,4936,56200,277.4
84591,4940,57700,285.0
84601,4936,56100,276.9
84611,4936,57700,284.8
84621,4936,56100,276.9
84631,4940,57600,284.5
84641,4936,56100,276.9
84651,4940,57000,281.6
84661,4936,56700,279.9
84671,4940,56900,281.1
84681,4936,56700,279.9
84691,4940,57000,281.6
84701,4940,57700,285.0
84711,4940,56100,277.1
84721,4940,57700,285.0
84731,4936,56100,276.9
84741,4940,57700,285.0
84751,4940,56100,277.1
84761,4940,57700,285.0
84771,4936,56100,276.9
84781,4812,143300,689.6
84791,4936,56200,277.4
84801,4940,57700,285.0
84811,4936,56200,277.4
84821,4936,57100,281.8
84831,4940,56800,280.6
84841,4940,57100,282.1
84851,4940,56800,280.6
84861,4940,57100,282.1
84871,4940,57700,285.0
84881,4940,56300,278.1
84891,4940,57700,285.0
84901,4936,56100,276.9
84911,4940,57700,285.0
84921,4936,56100,276.9
84931,4940,57800,285.5
84941,4936,56100,276.9
84951,4940,57700,285.0
84961,4936,56100,276.9
84971,4940,57700,285.0
84981,4936,56000,276.4
84991,4940,57100,282.1
85001,4936,56700,279.9
85011,4940,57100,282.1
85021,4940,56800,280.6
85031,4936,57100,281.8
85041,4940,57700,285.0
85051,4940,56400,278.6
85061,4940,57700,285.0
85071,4940,56100,277.1
85081,4940,57700,285.0
85091,4936,56100,276.9
85101,4940,57700,285.0
85111,4936,56100,276.9
85121,4940,57700,285.0
85131,4936,56100,276.9
85141,4940,57700,285.0
85151,4936,56100,276.9
85161,4940,57100,282.1
85171,4936,56700,279.9
85181,4936,57100,281.8
85191,4940,56800,280.6
85201,4940,57000,281.6
85211,4936,57500,283.8
85221,4940,56500,279.1
85231,4940,57700,285.0
85241,4936,56200,277.4
85251,4940,57700,285.0
85261,4936,56200,277.4
85271,4940,57700,285.0
85281,4936,56100,276.9
85291,4868,57700,280.9
85301,4936,56100,276.9
85311,4940,57700,285.0
85321,4936,56100,276.9
85331,4940,57000,281.6
85341,4936,56700,279.9
85351,4940,57100,282.1
85361,4940,56800,280.6
85371,4940,57000,281.6
85381,4936,57200,282.3
85391,4940,56800,280.6
85401,4940,57700,285.0
85411,4936,56100,276.9
85421,4940,57600,284.5
85431,4940,56100,277.1
85441,4940,57700,285.0
85451,4936,56000,276.4
85461,4940,57700,285.0
85471,4936,56200,277.4
85481,4940,57700,285.0
85491,4940,56000,276.6
85501,4940,56900,281.1
85511,4936,56700,279.9
85521,4940,57000,281.6
85531,4940,56700,280.1
85541,4940,57000,281.6
85551,4936,57000,281.4
85561,4936,57000,281.4
85571,4940,57600,284.5
85581,4936,56100,276.9
85591,4940,57600,284.5
85601,4936,56100,276.9
85611,4940,57700,285.0
85622,4936,56200,277.4
85631,4940,57700,285.0
85641,4936,56100,276.9
85651,4940,57700,285.0
85661,4936,56100,276.9
85671,4940,57000,281.6
85681,4936,56700,279.9
85691,4940,57000,281.6
85701,4936,56800,280.4
85711,4940,57100,282.1
85721,4936,56900,280.9
85731,4940,57000,281.6
85741,4940,57600,284.5
85751,4940,56100,277.1
85761,4940,57800,285.5
85771,4936,56100,276.9
85781,4940,57700,285.0
85791,4812,144800,696.8
85801,4940,57700,285.0
85811,4936,56100,276.9
85821,4940,57700,285.0
85831,4936,56100,276.9
85841,4940,57200,282.6
85851,4936,56800,280.4
85861,4936,56900,280.9
85871,4940,56800,280.6
85881,4936,57100,281.8
85891,4940,56800,280.6
85901,4940,57000,281.6
85911,4940,57700,285.0
85921,4936,56100,276.9
85931,4940,57700,285.0
85941,4936,56100,276.9
85951,4940,57700,285.0
85961,4936,56100,276.9
85971,4940,57700,285.0
85981,4936,56100,276.9
85991,4940,57700,285.0
86001,4936,56100,276.9
86011,4940,57300,283.1
86021,4936,56800,280.4
86031,4940,57100,282.1
86041,4936,56800,280.4
86051,4940,57000,281.6
86061,4940,56800,280.6
86071,4940,57000,281.6
86081,4940,57700,285.0
86091,4936,56100,276.9
86101,4940,57700,285.0
86111,4936,56200,277.4
86121,4940,57700,285.0
86131,4936,56100,276.9
86141,4940,57700,285.0
86151,4936,56100,276.9
86161,4940,57700,285.0
86171,4936,56000,276.4
86181,4940,57500,284.1
86191,4936,56700,279.9
86201,4940,57200,282.6
86211,4940,56800,280.6
86221,4940,57000,281.6
86231,4940,56800,280.6
86241,4940,57000,281.6
86251,4940,57700,285.0
86261,4936,56100,276.9
86271,4940,57700,285.0
86281,4936,56100,276.9
86291,4940,57700,285.0
86301,4820,139800,673.8
86311,4940,57800,285.5
86321,4936,56100,276.9
86331,4940,57700,285.0
86341,4936,56100,276.9
86351,4940,57700,285.0
86361,4936,56500,278.9
86371,4940,57500,284.1
86381,4940,56700,280.1
86391,4936,57000,281.4
86401,4936,56700,279.9
86411,4940,57000,281.6
86421,4940,57700,285.0
86431,4936,56100,276.9
86441,4940,57700,285.0
86451,4936,56100,276.9
86461,4940,57800,285.5
86471,4936,56000,276.4
86481,4940,57600,284.5
86491,4936,56100,276.9
86501,4940,57700,285.0
86511,4940,56100,277.1
86521,4940,57600,284.5
86531,4936,56300,277.9
86541,4940,57700,285.0
86551,4940,56700,280.1
86561,4940,57100,282.1
86571,4936,56700,279.9
86581,4940,57000,281.6
86591,4940,57600,284.5
86601,4936,56100,276.9
86611,4940,57700,285.0
86621,4936,56100,276.9
86631,4940,57700,285.0
86641,4936,56100,276.9
86651,4940,57700,285.0
86661,4936,56100,276.9
86671,4940,57600,284.5
86681,4936,56100,276.9
86691,4940,57700,285.0
86701,4936,56200,277.4
86711,4940,57700,285.0
86721,4936,56700,279.9
86731,4936,57000,281.4
86741,4940,56700,280.1
86751,4940,57000,281.6
86761,4936,57700,284.8
86771,4940,56100,277.1
86781,4940,57700,285.0
86791,4936,56100,276.9
86801,4940,57800,285.5
86811,4704,124200,584.2
86821,4940,57700,285.0
86831,4936,56100,276.9
86841,4940,57700,285.0
86851,4936,56100,276.9
86861,4940,57700,285.0
86871,4936,56100,276.9
86881,4940,57700,285.0
86891,4940,56700,280.1
86901,4940,57000,281.6
86911,4936,56800,280.4
86921,4940,57000,281.6
86931,4940,57800,285.5
86941,4940,56000,276.6
86951,4940,57700,285.0
86961,4936,56200,277.4
86971,4940,57700,285.0
86981,4940,56100,277.1
86991,4940,57700,285.0
87001,4936,56100,276.9
87011,4940,57700,285.0
87021,4936,56100,276.9
87031,4940,57800,285.5
87041,4936,56100,276.9
87051,4940,57700,285.0
87061,4936,56800,280.4
87071,4940,57000,281.6
87081,4940,56800,280.6
87091,4940,57000,281.6
87101,4940,57700,285.0
87111,4940,56100,277.1
87121,4940,57700,285.0
87131,4936,56100,276.9
87141,4940,57600,284.5
87151,4936,56100,276.9
87161,4940,57700,285.0
87171,4936,56000,276.4
87181,4940,57700,285.0
87191,4936,56100,276.9
87201,4940,57700,285.0
87211,4936,56100,276.9
87221,4936,57700,284.8
87231,4940,56800,280.6
87241,4936,57000,281.4
87251,4940,56700,280.1
87261,4940,57100,282.1
87271,4936,57700,284.8
87281,4936,56200,277.4
87291,4940,57700,285.0
87301,4936,56000,276.4
87311,4912,159000,781.0
87321,4936,56100,276.9
87332,4940,57700,285.0
87341,4936,56100,276.9
87351,4940,57700,285.0
87361,4936,56200,277.4
87371,4940,57700,285.0
87381,4940,56100,277.1
87391,4940,57100,282.1
87401,4936,56800,280.4
87411,4936,57100,281.8
87421,4940,56700,280.1
87431,4936,57100,281.8
87441,4940,57500,284.1
87451,4940,56500,279.1
87461,4940,57700,285.0
87471,4936,56100,276.9
87481,4940,57700,285.0
87491,4936,56100,276.9
87501,4940,57600,284.5
87511,4936,56100,276.9
87521,4940,57700,285.0
87531,4936,56100,276.9
87541,4936,57700,284.8
87551,4936,56100,276.9
87561,4940,57100,282.1
87571,4936,56700,279.9
87581,4940,57100,282.1
87591,4940,56700,280.1
87601,4940,57000,281.6
87611,4936,57300,282.8
87621,4940,56700,280.1
87631,4940,57700,285.0
87641,4936,56100,276.9
87651,4940,57700,285.0
87661,4940,56100,277.1
87671,4940,57700,285.0
87681,4936,56100,276.9
87691,4940,57800,285.5
87701,4936,56000,276.4
87711,4936,57700,284.8
87721,4936,56100,276.9
87731,4940,57000,281.6
87741,4936,56700,279.9
87751,4940,57000,281.6
87761,4936,56700,279.9
87771,4940,57000,281.6
87781,4940,57000,281.6
87791,4940,56900,281.1
87801,4940,57600,284.5
87811,4932,69800,344.3
87821,4940,57700,285.0
87831,4936,56100,276.9
87841,4940,57700,285.0
87851,4936,56000,276.4
87861,4940,57600,284.5
87871,4936,56100,276.9
87881,4940,57700,285.0
87891,4936,56100,276.9
87901,4940,57000,281.6
87911,4936,56800,280.4
87921,4940,57000,281.6
87931,4940,56700,280.1
87941,4940,57000,281.6
87951,4936,56800,280.4
87961,4936,57000,281.4
87971,4940,57600,284.5
87981,4936,56100,276.9
87991,4940,57700,285.0
88001,4936,56100,276.9
88011,4940,57600,284.5
88021,4936,56100,276.9
88031,4940,57700,285.0
88041,4936,56100,276.9
88051,4940,57700,285.0
88061,4936,56100,276.9
88071,4940,57200,282.6
88081,4936,56800,280.4
88091,4940,56900,281.1
88101,4936,56700,279.9
88111,4940,57100,282.1
88121,4940,56700,280.1
88131,4940,57100,282.1
88141,4940,57700,285.0
88151,4936,56100,276.9
88161,4940,57700,285.0
88171,4936,56100,276.9
88181,4940,57800,285.5
88191,4936,56100,276.9
88201,4940,57700,285.0
88211,4940,56200,277.6
88221,4940,57700,285.0
88231,4936,56100,276.9
88241,4940,57300,283.1
88251,4936,56800,280.4
88261,4936,57100,281.8
88271,4940,56800,280.6
88281,4940,57000,281.6
88291,4940,56700,280.1
88301,4940,57000,281.6
88311,4940,57700,285.0
88321,4936,56100,276.9
88331,4940,57700,285.0
88341,4936,56100,276.9
88351,4940,57700,285.0
88361,4936,56000,276.4
88371,4940,57700,285.0
88381,4940,56100,277.1
88391,4940,57700,285.0
88401,4936,56100,276.9
88411,4940,57600,284.5
88421,4936,56500,278.9
88431,4940,57500,284.1
88441,4936,56800,280.4
88451,4936,57100,281.8
88461,4940,56800,280.6
88471,4940,57000,281.6
88481,4936,57700,284.8
88491,4940,56100,277.1
88501,4940,57700,285.0
88511,4936,56100,276.9
88521,4940,57700,285.0
88531,4936,56100,276.9
88541,4940,57700,285.0
88551,4936,56000,276.4
88561,4940,57700,285.0
88571,4936,56100,276.9
88581,4940,57700,285.0
88591,4936,56400,278.4
88601,4936,57600,284.3
88611,4936,56800,280.4
88621,4936,57100,281.8
88631,4940,56700,280.1
88641,4940,57000,281.6
88651,4940,57600,284.5
88661,4936,56100,276.9
88671,4940,57700,285.0
88681,4936,56200,277.4
88691,4940,57700,285.0
88701,4940,56000,276.6
88711,4940,57700,285.0
88721,4940,56100,277.1
88731,4940,57700,285.0
88741,4936,56000,276.4
88751,4940,57700,285.0
88761,4936,56200,277.4
88771,4936,57700,284.8
88781,4936,56700,279.9
88791,4940,57000,281.6
88801,4940,56800,280.6
88811,4940,57000,281.6
88821,4808,142700,686.1
88831,4936,56100,276.9
88841,4940,57700,285.0
88851,4936,56200,277.4
88861,4940,57700,285.0
88871,4936,56100,276.9
88881,4940,57700,285.0
88891,4936,56100,276.9
88901,4940,57700,285.0
88911,4936,56100,276.9
88921,4940,57700,285.0
88931,4936,56200,277.4
88941,4940,57700,285.0
88951,4940,56800,280.6
88961,4940,57100,282.1
88971,4940,56800,280.6
88981,4940,57100,282.1
88991,4940,57700,285.0
89001,4936,56100,276.9
89011,4940,57700,285.0
89021,4936,56000,276.4
89031,4940,57700,285.0
89042,4940,56200,277.6
89051,4940,57700,285.0
89061,4936,56100,276.9
89071,4940,57700,285.0
89081,4936,56100,276.9
89091,4940,57700,285.0
89101,4936,56200,277.4
89111,4936,57700,284.8
89121,4940,56800,280.6
89131,4940,57000,281.6
89141,4940,56800,280.6
89151,4936,57100,281.8
89161,4936,57800,285.3
89171,4940,56100,277.1
89181,4940,57700,285.0
89191,4936,56100,276.9
89201,4940,57700,285.0
89211,4936,56100,276.9
89221,4940,57600,284.5
89231,4936,56100,276.9
89241,4940,57700,285.0
89251,4936,56100,276.9
89261,4940,57700,285.0
89271,4936,56100,276.9
89281,4940,57700,285.0
89291,4936,56800,280.4
89301,4940,57100,282.1
89311,4936,56800,280.4
89321,4940,57000,281.6
89331,4800,183500,880.8
89341,4936,56400,278.4
89351,4940,57600,284.5
89361,4936,56100,276.9
89371,4940,57600,284.5
89381,4936,56100,276.9
89391,4940,57700,285.0
89401,4940,56100,277.1
89411,4940,57700,285.0
89421,4936,56100,276.9
89431,4940,57700,285.0
89441,4936,56100,276.9
89451,4936,57700,284.8
89461,4936,56800,280.4
89471,4940,57100,282.1
89481,4940,56800,280.6
89491,4940,57000,281.6
89501,4936,57400,283.3
89511,4940,56700,280.1
89521,4940,57700,285.0
89531,4936,56200,277.4
89541,4940,57700,285.0
89551,4936,56200,277.4
89561,4940,57700,285.0
89571,4936,56100,276.9
89581,4940,57700,285.0
89591,4936,56100,276.9
89601,4940,57700,285.0
89611,4936,56100,276.9
89621,4940,57700,285.0
89631,4936,56700,279.9
89641,4940,57000,281.6
89651,4940,56700,280.1
89661,4940,57000,281.6
89671,4940,57100,282.1
89681,4936,56900,280.9
89691,4940,57700,285.0
89701,4936,56100,276.9
89711,4940,57700,285.0
89721,4936,56100,276.9
89731,4940,57700,285.0
89741,4936,56000,276.4
89751,4940,57700,285.0
89761,4936,56100,276.9
89771,4940,57700,285.0
89781,4936,56100,276.9
89791,4940,56900,281.1
89801,4936,56700,279.9
89811,4936,57000,281.4
89821,4936,56700,279.9
89831,4936,57000,281.4
89841,4804,57900,278.2
89851,4940,57000,281.6
89861,4940,57800,285.5
89871,4940,56100,277.1
89881,4940,57800,285.5
89891,4936,56100,276.9
89901,4940,57700,285.0
89911,4936,56100,276.9
89921,4940,57700,285.0
89931,4936,56100,276.9
89941,4940,57800,285.5
89951,4940,56100,277.1
89961,4940,57200,282.6
89971,4936,56800,280.4
89981,4940,57000,281.6
89991,4940,56700,280.1
90001,4940,57000,281.6
90011,4936,56800,280.4
90021,4940,57000,281.6
90031,4940,57800,285.5
90041,4936,56100,276.9
90051,4940,57700,285.0
90061,4936,56100,276.9
90071,4940,57700,285.0
90081,4936,56100,276.9
90091,4940,57700,285.0
90101,4936,56000,276.4
90111,4940,57600,284.5
90121,4936,56100,276.9
90131,4940,57400,283.6
90141,4936,56800,280.4
90151,4940,57100,282.1
90161,4940,56700,280.1
90171,4940,56900,281.1
90181,4940,56700,280.1
90191,4940,57000,281.6
90201,4940,57700,285.0
90211,4936,56100,276.9
90221,4940,57600,284.5
90231,4936,56100,276.9
90241,4940,57700,285.0
90251,4936,56100,276.9
90261,4924,74100,364.9
90271,4940,56100,277.1
90281,4940,57700,285.0
90291,4936,56100,276.9
90301,4940,57700,285.0
90311,4936,56500,278.9
90321,4940,57700,285.0
90331,4936,56700,279.9
90341,4940,57000,281.6
90351,4940,56700,280.1
90361,4940,57000,281.6
90371,4824,167200,806.6
90381,4936,56100,276.9
90391,4940,57700,285.0
90401,4936,56100,276.9
90411,4940,57700,285.0
90421,4936,56100,276.9
90431,4940,57700,285.0
90441,4936,56100,276.9
90451,4940,57700,285.0
90461,4936,56100,276.9
90471,4940,57700,285.0
90481,4752,89400,424.8
90491,4940,57700,285.0
90501,4940,56800,280.6
90511,4940,57100,282.1
90521,4936,56700,279.9
90531,4940,57100,282.1
90541,4936,57800,285.3
90551,4940,56100,277.1
90561,4940,57700,285.0
90571,4936,56100,276.9
90581,4828,57700,278.6
90591,4936,56100,276.9
90601,4940,57700,285.0
90611,4936,56100,276.9
90621,4940,57700,285.0
90631,4936,56100,276.9
90641,4940,57700,285.0
90651,4936,56200,277.4
90661,4940,57700,285.0
90671,4936,56700,279.9
90681,4940,57000,281.6
90691,4940,56800,280.6
90701,4940,57100,282.1
90711,4940,57700,285.0
90721,4940,56300,278.1
90731,4936,57700,284.8
90742,4936,56200,277.4
90751,4940,57700,285.0
90761,4936,56100,276.9
90771,4940,57700,285.0
90781,4940,56100,277.1
90791,4720,131800,622.1
90801,4936,56100,276.9
90811,4940,57700,285.0
90821,4936,56100,276.9
90831,4940,57700,285.0
90841,4940,56700,280.1
90851,4940,57100,282.1
90861,4936,56800,280.4
90871,4936,57100,281.8
90881,4940,57400,283.6
90891,4940,56700,280.1
90901,4812,57700,277.7
90911,4936,56100,276.9
90921,4940,57700,285.0
90931,4936,56200,277.4
90941,4940,57700,285.0
90951,4936,56100,276.9
90961,4940,57700,285.0
90971,4936,56100,276.9
90981,4940,57700,285.0
90991,4936,56100,276.9
91001,4732,144200,682.4
91011,4936,56800,280.4
91021,4940,57100,282.1
91031,4940,56700,280.1
91041,4936,57000,281.4
91051,4936,56900,280.9
91061,4936,57000,281.4
91071,4940,57600,284.5
91081,4936,56100,276.9
91091,4940,57600,284.5
91101,4932,72900,359.5
91111,4940,57600,284.5
91121,4936,56100,276.9
91131,4936,57700,284.8
91141,4940,56100,277.1
91151,4940,57700,285.0
91161,4936,56200,277.4
91171,4940,57300,283.1
91181,4936,56900,280.9
91191,4940,57000,281.6
91201,4936,128900,636.3
91211,4940,57100,282.1
91221,4940,56700,280.1
91231,4940,57100,282.1
91241,4940,57700,285.0
91251,4936,56100,276.9
91261,4940,57700,285.0
91271,4936,56100,276.9
91281,4940,57800,285.5
91291,4936,56100,276.9
91301,4940,57700,285.0
91311,4824,138000,665.7
91321,4940,57800,285.5
91331,4936,56100,276.9
91341,4936,57700,284.8
91351,4936,56500,278.9
91361,4940,57600,284.5
91371,4936,56700,279.9
91381,4940,57100,282.1
91391,4940,56700,280.1
91401,4940,57100,282.1
91411,4932,147500,727.5
91421,4936,56200,277.4
91431,4940,57800,285.5
91441,4936,56100,276.9
91451,4940,57700,285.0
91461,4936,56200,277.4
91471,4940,57700,285.0
91481,4936,56200,277.4
91491,4940,57700,285.0
91501,4936,56100,276.9
91511,4940,57700,285.0
91521,4812,145600,700.6
91531,4940,57700,285.0
91541,4940,56700,280.1
91551,4940,57000,281.6
91561,4940,56800,280.6
91571,4940,57000,281.6
91581,4940,57800,285.5
91591,4936,56100,276.9
91601,4940,57700,285.0
91611,4936,56100,276.9
91621,4940,60400,298.4
91631,4936,56200,277.4
91641,4940,57800,285.5
91651,4936,56100,276.9
91661,4940,57700,285.0
91671,4936,56100,276.9
91681,4940,57600,284.5
91691,4936,56100,276.9
91701,4940,57700,285.0
91711,4940,56800,280.6
91721,4940,57000,281.6
91731,4788,70800,339.0
91741,4940,57100,282.1
91751,4940,57700,285.0
91761,4940,56400,278.6
91771,4940,57700,285.0
91781,4936,56200,277.4
91791,4940,57700,285.0
91801,4936,56200,277.4
91811,4940,57800,285.5
91821,4940,56000,276.6
91831,4816,143700,692.1
91841,4940,56000,276.6
91851,4940,57700,285.0
91861,4936,56100,276.9
91871,4940,57700,285.0
91881,4936,56800,280.4
91891,4940,57100,282.1
91901,4936,56700,279.9
91911,4936,57100,281.8
91921,4940,57400,283.6
91931,4940,56800,280.6
91941,4824,166700,804.2
91951,4936,56200,277.4
91961,4940,57800,285.5
91971,4936,56200,277.4
91981,4940,57800,285.5
91991,4940,56000,276.6
92001,4940,57700,285.0
92011,4936,56100,276.9
92021,4940,57700,285.0
92031,4936,56200,277.4
92041,4732,140100,663.0
92051,4936,56800,280.4
92061,4936,56900,280.9
92071,4936,56800,280.4
92081,4940,57000,281.6
92091,4936,56800,280.4
92101,4940,57100,282.1
92111,4940,57800,285.5
92121,4936,56100,276.9
92131,4940,57700,285.0
92141,4936,56100,276.9
92151,4748,146800,697.0
92161,4936,56200,277.4
92171,4940,57600,284.5
92181,4936,56100,276.9
92191,4940,57700,285.0
92201,4936,56100,276.9
92211,4940,57400,283.6
92221,4936,56800,280.4
92231,4940,57100,282.1
92241,4940,56800,280.6
92251,4812,143300,689.6
92261,4940,56800,280.6
92271,4940,57100,282.1
92281,4940,57800,285.5
92291,4936,56100,276.9
92301,4940,57700,285.0
92311,4936,56100,276.9
92321,4940,57700,285.0
92331,4936,56100,276.9
92341,4940,57700,285.0
92351,4936,56100,276.9
92361,4852,57700,280.0
92371,4936,56100,276.9
92381,4940,57700,285.0
92391,4936,56400,278.4
92401,4940,57600,284.5
92411,4940,56700,280.1
92421,4940,57100,282.1
92431,4940,56800,280.6
92442,4940,56000,276.6
92451,4940,57700,285.0
92461,4816,144700,696.9
92471,4940,57700,285.0
92481,4936,56100,276.9
92491,4940,57700,285.0
92501,4936,56100,276.9
92511,4940,57700,285.0
92521,4936,56100,276.9
92531,4940,57700,285.0
92541,4936,56100,276.9
92551,4940,57700,285.0
92561,4816,141200,680.0
92571,4940,57800,285.5
92581,4936,56800,280.4
92591,4940,57000,281.6
92601,4940,56800,280.6
92611,4940,57100,282.1
92621,4936,57700,284.8
92631,4940,56100,277.1
92641,4940,57700,285.0
92651,4936,56100,276.9
92661,4940,57700,285.0
92671,4708,136100,640.8
92681,4940,57700,285.0
92691,4936,56100,276.9
92701,4940,57700,285.0
92711,4936,56100,276.9
92721,4940,57700,285.0
92731,4936,56200,277.4
92741,4940,57700,285.0
92751,4936,56800,280.4
92761,4940,57000,281.6
92771,4940,56800,280.6
92781,4940,57100,282.1
92791,4940,57600,284.5
92801,4940,56400,278.6
92811,4940,57700,285.0
92821,4936,56100,276.9
92831,4940,57700,285.0
92841,4936,56100,276.9
92851,4940,57600,284.5
92861,4936,56100,276.9
92871,4940,57700,285.0
92881,4768,144000,686.6
92891,4940,57700,285.0
92901,4936,56200,277.4
92911,4940,57700,285.0
92921,4940,56700,280.1
92931,4940,57100,282.1
92941,4940,56700,280.1
92951,4936,57000,281.4
92961,4940,57200,282.6
92971,4936,56800,280.4
92981,4812,144100,693.4
92991,4936,56100,276.9
93001,4940,57700,285.0
93011,4936,56200,277.4
93021,4936,57800,285.3
93031,4936,56100,276.9
93041,4940,57700,285.0
93051,4936,56100,276.9
93061,4940,57700,285.0
93071,4936,56100,276.9
93081,4872,60600,295.2
93091,4936,56800,280.4
93101,4936,57000,281.4
93111,4936,56800,280.4
93121,4940,57100,282.1
93131,4940,56800,280.6
93141,4936,57000,281.4
93151,4940,57700,285.0
93161,4936,56100,276.9
93171,4940,57700,285.0
93181,4936,56100,276.9
93191,4820,57700,278.1
93201,4940,56200,277.6
93211,4940,57800,285.5
93221,4936,56100,276.9
93231,4940,57700,285.0
93241,4936,56100,276.9
93251,4940,57500,284.1
93261,4940,56800,280.6
93271,4940,57200,282.6
93281,4936,56800,280.4
93291,4808,143400,689.5
93301,4940,56800,280.6
93311,4940,57100,282.1
93321,4940,57700,285.0
93331,4936,56200,277.4
93341,4940,57700,285.0
93351,4936,56100,276.9
93361,4940,57700,285.0
93371,4936,56100,276.9
93381,4940,57800,285.5
93391,4936,56100,276.9
93401,4852,57700,280.0
93411,4940,56100,277.1
93421,4940,57800,285.5
93431,4936,56400,278.4
93441,4940,57700,285.0
93451,4940,56700,280.1
93461,4936,84100,415.1
93471,4936,56700,279.9
93481,4940,57100,282.1
93491,4940,57700,285.0
93501,4936,56200,277.4
93511,4940,57700,285.0
93521,4936,56200,277.4
93531,4940,57700,285.0
93541,4936,56000,276.4
93551,4940,57700,285.0
93561,4936,56100,276.9
93571,4940,57600,284.5
93581,4936,56100,276.9
93591,4940,57700,285.0
93601,4936,56100,276.9
93611,4936,57700,284.8
93621,4940,56700,280.1
93631,4936,57000,281.4
93641,4940,56700,280.1
93651,4940,57000,281.6
93661,4940,57600,284.5
93671,4936,56000,276.4
93681,4940,57700,285.0
93691,4936,56100,276.9
93701,4940,57700,285.0
93711,4936,56100,276.9
93721,4940,57700,285.0
93731,4936,56100,276.9
93741,4940,57700,285.0
93751,4936,56100,276.9
93761,4940,57700,285.0
93771,4936,56100,276.9
93781,4940,57700,285.0
93791,4936,56700,279.9
93801,4940,57000,281.6
93811,4940,56800,280.6
93821,4940,57000,281.6
93831,4940,57700,285.0
93841,4940,56000,276.6
93851,4940,57600,284.5
93861,4940,56100,277.1
93871,4940,57600,284.5
93881,4936,56100,276.9
93891,4940,57700,285.0
93901,4936,56100,276.9
93911,4940,57700,285.0
93921,4936,56000,276.4
93931,4940,57700,285.0
93941,4936,56100,276.9
93951,4940,57700,285.0
93961,4940,56800,280.6
93971,4900,182500,894.2
93981,4940,56800,280.6
93991,4940,57000,281.6
94001,4936,57600,284.3
94011,4940,56400,278.6
94021,4940,57700,285.0
94031,4936,56100,276.9
94041,4940,57700,285.0
94051,4940,56100,277.1
94061,4940,57700,285.0
94071,4940,56000,276.6
94081,4940,57700,285.0
94091,4940,56100,277.1
94101,4940,57700,285.0
94111,4936,56100,276.9
94121,4940,57700,285.0
94131,4936,56800,280.4
94141,4936,57100,281.8
94152,4940,57200,282.6
94161,4940,57100,282.1
94171,4936,57400,283.3
94181,4940,56600,279.6
94191,4940,57700,285.0
94201,4936,56100,276.9
94211,4940,57800,285.5
94221,4936,56100,276.9
94231,4940,57700,285.0
94241,4936,56000,276.4
94251,4940,57600,284.5
94261,4936,56100,276.9
94271,4940,57700,285.0
94281,4936,56100,276.9
94291,4940,57700,285.0
94301,4936,56700,279.9
94311,4940,57100,282.1
94321,4940,56700,280.1
94331,4940,57000,281.6
94341,4940,57200,282.6
94351,4940,56800,280.6
94361,4940,57700,285.0
94371,4940,56100,277.1
94381,4940,57800,285.5
94391,4940,56100,277.1
94401,4940,57700,285.0
94411,4936,56100,276.9
94421,4940,57600,284.5
94431,4940,56100,277.1
94441,4940,57700,285.0
94451,4940,56100,277.1
94461,4940,57700,285.0
94471,4828,170700,824.1
94481,4936,57000,281.4
94491,4936,56800,280.4
94501,4940,57100,282.1
94511,4940,56900,281.1
94521,4940,57000,281.6
94531,4940,57700,285.0
94541,4936,56100,276.9
94551,4940,57700,285.0
94561,4936,56100,276.9
94571,4940,57600,284.5
94581,4936,56100,276.9
94591,4940,57600,284.5
94601,4936,56100,276.9
94611,4940,57700,285.0
94621,4936,56100,276.9
94631,4940,57700,285.0
94641,4936,56800,280.4
94651,4940,57000,281.6
94661,4940,56700,280.1
94671,4940,57000,281.6
94681,4936,56700,279.9
94691,4940,57000,281.6
94701,4940,57700,285.0
94711,4936,56200,277.4
94721,4940,57700,285.0
94731,4936,56100,276.9
94741,4940,57700,285.0
94751,4936,56100,276.9
94761,4940,57600,284.5
94771,4936,56100,276.9
94781,4940,57700,285.0
94791,4936,56100,276.9
94801,4940,57700,285.0
94811,4936,56800,280.4
94821,4936,57100,281.8
94831,4940,56800,280.6
94841,4940,57000,281.6
94851,4936,56700,279.9
94861,4940,57000,281.6
94871,4940,57700,285.0
94881,4936,56100,276.9
94891,4940,57600,284.5
94901,4940,56100,277.1
94911,4940,57700,285.0
94921,4940,56000,276.6
94931,4940,57700,285.0
94941,4936,56100,276.9
94951,4940,57600,284.5
94961,4936,56100,276.9
94971,4940,57700,285.0
94981,4936,56500,278.9
94991,4940,57500,284.1
95001,4936,56800,280.4
95011,4940,57000,281.6
95021,4940,56800,280.6
95031,4940,57100,282.1
95041,4940,57700,285.0
95051,4936,56200,277.4
95061,4940,57700,285.0
95071,4936,56100,276.9
95081,4940,57700,285.0
95091,4936,56000,276.4
95101,4940,57700,285.0
95111,4940,56100,277.1
95121,4940,57700,285.0
95131,4936,56200,277.4
95141,4940,57700,285.0
95151,4936,56300,277.9
95161,4940,57700,285.0
95171,4940,56700,280.1
95181,4940,57100,282.1
95191,4940,56800,280.6
95201,4940,57100,282.1
95211,4936,57700,284.8
95221,4936,56100,276.9
95231,4940,57700,285.0
95241,4936,56100,276.9
95251,4940,57600,284.5
95261,4936,56000,276.4
95271,4940,57700,285.0
95281,4936,56100,276.9
95291,4940,57700,285.0
95301,4940,56100,277.1
95311,4940,57600,284.5
95321,4940,56200,277.6
95331,4940,57700,285.0
95341,4936,56700,279.9
95351,4940,57000,281.6
95361,4940,56800,280.6
95371,4940,57000,281.6
95381,4936,57700,284.8
95391,4940,56100,277.1
95401,4940,57700,285.0
95411,4936,56200,277.4
95421,4940,57600,284.5
95431,4936,56100,276.9
95441,4940,57700,285.0
95451,4936,56100,276.9
95461,4940,57700,285.0
95471,4936,56100,276.9
95481,4720,134700,635.8
95491,4940,56100,277.1
95501,4936,57700,284.8
95511,4940,56800,280.6
95521,4940,57000,281.6
95531,4936,56800,280.4
95541,4936,57000,281.4
95551,4940,57700,285.0
95561,4940,56100,277.1
95571,4936,57700,284.8
95581,4936,56100,276.9
95591,4940,57600,284.5
95601,4936,56100,276.9
95611,4940,57700,285.0
95621,4940,56100,277.1
95631,4940,57700,285.0
95641,4936,56000,276.4
95651,4940,57600,284.5
95661,4936,56100,276.9
95671,4940,57700,285.0
95681,4936,56800,280.4
95691,4940,57000,281.6
95701,4940,56700,280.1
95711,4940,57000,281.6
95721,4940,57700,285.0
95731,4940,56300,278.1
95741,4940,57700,285.0
95751,4936,56100,276.9
95761,4940,57700,285.0
95771,4936,56100,276.9
95781,4940,57700,285.0
95791,4936,56100,276.9
95801,4940,57600,284.5
95811,4936,56100,276.9
95821,4940,57700,285.0
95831,4936,56100,276.9
95841,4940,57700,285.0
95852,4940,56800,280.6
95861,4940,57100,282.1
95871,4940,56700,280.1
95881,4940,57000,281.6
95891,4940,57500,284.1
95901,4936,56500,278.9
95911,4940,57700,285.0
95921,4936,56100,276.9
95931,4936,57700,284.8
95941,4936,56100,276.9
95951,4936,57700,284.8
95961,4936,56100,276.9
95971,4940,57600,284.5
95981,4812,145000,697.7
95991,4940,57700,285.0
96001,4936,56100,276.9
96011,4940,57700,285.0
96021,4940,56700,280.1
96031,4936,57100,281.8
96041,4940,56700,280.1
96051,4936,57000,281.4
96061,4940,57100,282.1
96071,4940,56900,281.1
96081,4940,57700,285.0
96091,4936,56100,276.9
96101,4940,57600,284.5
96111,4936,56100,276.9
96121,4940,57700,285.0
96131,4936,56100,276.9
96141,4940,57700,285.0
96151,4936,56100,276.9
96161,4940,57700,285.0
96171,4936,56100,276.9
96181,4940,57700,285.0
96191,4936,56700,279.9
96201,4940,57000,281.6
96211,4936,56700,279.9
96221,4940,57000,281.6
96231,4940,56900,281.1
96241,4940,57000,281.6
96251,4940,57600,284.5
96261,4936,56100,276.9
96271,4936,57700,284.8
96281,4936,56100,276.9
96291,4940,57600,284.5
96301,4936,56100,276.9
96311,4940,57700,285.0
96321,4936,56000,276.4
96331,4940,57600,284.5
96341,4936,56100,276.9
96351,4940,57700,285.0
96361,4936,56800,280.4
96371,4940,56900,281.1
96381,4940,56700,280.1
96391,4940,57100,282.1
96401,4940,56800,280.6
96411,4940,57100,282.1
96421,4940,57600,284.5
96431,4940,56100,277.1
96441,4940,57700,285.0
96451,4936,56100,276.9
96461,4936,57700,284.8
96471,4936,56000,276.4
96481,4912,159600,784.0
96491,4936,56200,277.4
96501,4940,57700,285.0
96511,4936,56100,276.9
96521,4940,57700,285.0
96531,4936,56800,280.4
96541,4936,57200,282.3
96551,4940,56700,280.1
96561,4940,57000,281.6
96571,4936,56800,280.4
96581,4936,57100,281.8
96591,4940,57700,285.0
96601,4936,56100,276.9
96611,4940,57600,284.5
96621,4940,56100,277.1
96631,4940,57700,285.0
96641,4936,56100,276.9
96651,4940,57700,285.0
96661,4936,56100,276.9
96671,4940,57600,284.5
96681,4936,56000,276.4
96691,4940,57700,285.0
96701,4936,56600,279.4
96711,4940,57500,284.1
96721,4936,56700,279.9
96731,4940,57000,281.6
96741,4940,56700,280.1
96751,4940,57100,282.1
96761,4940,57600,284.5
96771,4936,56100,276.9
96781,4940,57700,285.0
96791,4936,56100,276.9
96801,4940,57600,284.5
96811,4936,56000,276.4
96821,4940,57600,284.5
96831,4936,56100,276.9
96841,4940,57600,284.5
96851,4936,56100,276.9
96861,4940,57700,285.0
96871,4936,56400,278.4
96881,4940,57700,285.0
96891,4940,56700,280.1
96901,4940,57000,281.6
96911,4940,56800,280.6
96921,4940,57000,281.6
96931,4936,57600,284.3
96941,4936,56100,276.9
96951,4940,57700,285.0
96961,4936,56100,276.9
96971,4940,57700,285.0
96981,4936,56100,276.9
96991,4940,57700,285.0
97001,4936,56100,276.9
97011,4940,57700,285.0
97021,4936,56100,276.9
97031,4940,57700,285.0
97041,4936,56100,276.9
97051,4936,57700,284.8
97061,4936,56700,279.9
97071,4940,57000,281.6
97081,4936,56700,279.9
97091,4940,57000,281.6
97101,4940,57600,284.5
97111,4936,56000,276.4
97121,4940,57700,285.0
97131,4936,56000,276.4
97141,4940,57700,285.0
97151,4936,56100,276.9
97161,4940,57700,285.0
97171,4936,56000,276.4
97181,4940,57700,285.0
97191,4936,56100,276.9
97201,4940,57700,285.0
97211,4936,56100,276.9
97221,4940,57700,285.0
97231,4936,56800,280.4
97241,4940,57000,281.6
97251,4936,56800,280.4
97261,4940,57000,281.6
97271,4936,57700,284.8
97281,4940,56000,276.6
97291,4940,57700,285.0
97301,4936,56100,276.9
97311,4940,57600,284.5
97321,4936,56000,276.4
97331,4940,57700,285.0
97341,4936,56100,276.9
97351,4940,57700,285.0
97361,4936,56100,276.9
97371,4940,57700,285.0
97381,4936,56100,276.9
97391,4940,57700,285.0
97401,4940,56800,280.6
97411,4936,57000,281.4
97421,4936,56700,279.9
97431,4940,57000,281.6
97441,4940,57700,285.0
97451,4940,56200,277.6
97461,4936,143200,706.8
97471,4936,56100,276.9
97481,4940,57700,285.0
97491,4936,56100,276.9
97501,4940,57700,285.0
97511,4936,56100,276.9
97521,4940,57700,285.0
97531,4936,56100,276.9
97541,4940,57700,285.0
97551,4936,56100,276.9
97562,4936,57100,281.8
97571,4912,56700,278.5
97581,4940,57100,282.1
97591,4936,56700,279.9
97601,4940,57000,281.6
97611,4940,57300,283.1
97621,4940,56800,280.6
97631,4940,57800,285.5
97641,4936,56100,276.9
97651,4940,57700,285.0
97661,4940,56100,277.1
97671,4720,137600,649.5
97681,4936,56100,276.9
97691,4940,57700,285.0
97701,4936,56100,276.9
97711,4940,57700,285.0
97721,4936,56100,276.9
97731,4936,57700,284.8
97741,4940,56700,280.1
97751,4940,57000,281.6
97761,4940,56700,280.1
97771,4940,57000,281.6
97781,4792,193900,929.2
97791,4936,57100,281.8
97801,4940,57700,285.0
97811,4936,56100,276.9
97821,4940,57600,284.5
97831,4936,56000,276.4
97841,4940,57700,285.0
97851,4936,56100,276.9
97861,4940,57700,285.0
97871,4936,56000,276.4
97881,4816,147100,708.4
97891,4936,56100,276.9
97901,4940,57700,285.0
97911,4940,56800,280.6
97921,4940,57000,281.6
97931,4940,56800,280.6
97941,4936,57000,281.4
97951,4940,56800,280.6
97961,4940,57100,282.1
97971,4940,57600,284.5
97981,4936,56100,276.9
97991,4716,138800,654.6
98001,4936,56100,276.9
98011,4940,57700,285.0
98021,4940,56100,277.1
98031,4940,57700,285.0
98041,4936,56000,276.4
98051,4940,57700,285.0
98061,4936,56100,276.9
98071,4940,57700,285.0
98081,4936,56600,279.4
98091,4816,143700,692.1
98101,4940,56800,280.6
98111,4940,57100,282.1
98121,4940,56700,280.1
98131,4940,57100,282.1
98141,4940,57600,284.5
98151,4936,56100,276.9
98161,4940,57700,285.0
98171,4936,56100,276.9
98181,4940,57700,285.0
98191,4816,141700,682.4
98201,4940,57700,285.0
98211,4936,56200,277.4
98221,4940,57700,285.0
98231,4936,56100,276.9
98241,4940,57700,285.0
98251,4936,56200,277.4
98261,4940,57700,285.0
98271,4940,56700,280.1
98281,4940,57100,282.1
98291,4816,148200,713.7
98301,4940,57100,282.1
98311,4936,57700,284.8
98321,4936,56100,276.9
98331,4940,57600,284.5
98341,4936,56100,276.9
98351,4940,57700,285.0
98361,4936,56100,276.9
98371,4940,57700,285.0
98381,4936,56100,276.9
98391,4940,57700,285.0
98401,4716,135800,640.4
98411,4940,57700,285.0
98421,4936,56100,276.9
98431,4940,57700,285.0
98441,4936,56800,280.4
98451,4936,57000,281.4
98461,4940,56800,280.6
98471,4940,57000,281.6
98481,4936,57700,284.8
98491,4940,56100,277.1
98501,4940,57700,285.0
98511,4828,188000,907.7
98521,4940,57700,285.0
98531,4936,56100,276.9
98541,4940,57700,285.0
98551,4936,56100,276.9
98561,4940,57700,285.0
98571,4936,56000,276.4
98581,4940,57700,285.0
98591,4936,56100,276.9
98601,4940,57700,285.0
98611,4812,143400,690.0
98621,4940,57100,282.1
98631,4940,56700,280.1
98641,4940,57000,281.6
98651,4936,57400,283.3
98661,4940,56800,280.6
98671,4940,57700,285.0
98681,4936,56200,277.4
98691,4940,57700,285.0
98701,4936,56100,276.9
98711,4940,57700,285.0
98721,4828,205400,991.7
98731,4940,57800,285.5
98741,4936,56100,276.9
98751,4940,57700,285.0
98761,4936,56100,276.9
98771,4940,57700,285.0
98781,4936,56700,279.9
98791,4940,57100,282.1
98801,4936,56800,280.4
98811,4940,57000,281.6
98821,4712,134600,634.2
98831,4940,57100,282.1
98841,4940,57700,285.0
98851,4936,56100,276.9
98861,4940,57700,285.0
98871,4936,56000,276.4
98881,4940,57800,285.5
98891,4936,56100,276.9
98901,4940,57700,285.0
98911,4936,56100,276.9
98921,4936,70300,347.0
98931,4936,56200,277.4
98941,4940,57700,285.0
98951,4936,56800,280.4
98961,4940,57100,282.1
98971,4940,56700,280.1
98981,4936,57000,281.4
98991,4940,56700,280.1
99001,4936,57000,281.4
99011,4940,57700,285.0
99021,4936,56100,276.9
99031,4752,171600,815.4
99041,4936,56100,276.9
99051,4940,57700,285.0
99061,4936,56100,276.9
99071,4936,57700,284.8
99081,4936,56100,276.9
99091,4940,57700,285.0
99101,4940,56100,277.1
99111,4940,57700,285.0
99121,4936,56600,279.4
99131,4828,207900,1003.7
99141,4936,56700,279.9
99151,4936,57100,281.8
99161,4940,56800,280.6
99171,4940,57000,281.6
99181,4940,57800,285.5
99191,4936,56100,276.9
99201,4940,57700,285.0
99211,4936,56100,276.9
99221,4940,57700,285.0
99231,4940,56100,277.1
99241,4940,57700,285.0
99251,4936,56100,276.9
99262,4940,57800,285.5
99271,4936,56100,276.9
99281,4940,57800,285.5
99291,4936,56100,276.9
99301,4940,57700,285.0
99311,4936,56800,280.4
99321,4936,57100,281.8
99331,4936,56700,279.9
99341,4936,143100,706.3
99351,4936,57800,285.3
99361,4936,56100,276.9
99371,4940,57700,285.0
99381,4936,56100,276.9
99391,4940,57600,284.5
99401,4936,56200,277.4
99411,4936,57700,284.8
99421,4936,56100,276.9
99431,4940,57700,285.0
99441,4936,56100,276.9
99451,4796,143400,687.7
99461,4936,56100,276.9
99471,4940,57600,284.5
99481,4940,56800,280.6
99491,4940,57100,282.1
99501,4936,56700,279.9
99511,4940,57100,282.1
99521,4940,57700,285.0
99531,4936,56200,277.4
99541,4940,57700,285.0
99551,4936,56000,276.4
99561,4816,136900,659.3
99571,4936,56100,276.9
99581,4940,57700,285.0
99591,4936,56100,276.9
99601,4936,57700,284.8
99611,4936,56200,277.4
99621,4940,57700,285.0
99631,4936,56100,276.9
99641,4940,57700,285.0
99651,4936,56800,280.4
99661,4940,57100,282.1
99671,4916,56800,279.2
99681,4940,57000,281.6
99691,4936,57300,282.8
99701,4940,56700,280.1
99711,4940,57700,285.0
99721,4936,56100,276.9
99731,4940,57700,285.0
99741,4936,56200,277.4
99751,4940,57700,285.0
99761,4936,56100,276.9
99771,4940,57800,285.5
99781,4936,56200,277.4
99791,4940,57800,285.5
99801,4940,56100,277.1
99811,4940,57800,285.5
99821,4936,56700,279.9
99831,4936,57000,281.4
99841,4940,56700,280.1
99851,4936,57000,281.4
99861,4940,56900,281.1
99871,4808,191500,920.7
99881,4940,57700,285.0
99891,4936,56000,276.4
99901,4940,57700,285.0
99911,4936,56100,276.9
99921,4940,57700,285.0
99931,4936,56100,276.9
99941,4940,57700,285.0
99951,4936,56100,276.9
99961,4940,57800,285.5
99971,4936,56000,276.4
99981,4712,139000,655.0
99991,4936,56800,280.4
100001,4940,57200,282.6
100011,4936,56800,280.4
100021,4940,57100,282.1
100031,4936,56800,280.4
100041,4940,57100,282.1
100051,4940,57700,285.0
100061,4936,56100,276.9
100071,4940,57700,285.0
100081,4936,56100,276.9
100091,4940,57700,285.0
100101,4936,56100,276.9
100111,4940,57800,285.5
100121,4936,56100,276.9
100131,4940,57700,285.0
100141,4936,56100,276.9
100151,4940,57700,285.0
100161,4940,56500,279.1
100171,4936,57600,284.3
100181,4940,56800,280.6
100191,4936,131100,647.1
100201,4936,56800,280.4
100211,4940,57100,282.1
100221,4940,57700,285.0
100231,4936,56200,277.4
100241,4940,57700,285.0
100251,4936,56100,276.9
100261,4940,57700,285.0
100271,4936,56100,276.9
100281,4940,57700,285.0
100291,4936,56100,276.9
100301,4828,139600,674.0
100311,4936,56100,276.9
100321,4940,57700,285.0
100331,4940,56100,277.1
100341,4940,57600,284.5
100351,4940,56700,280.1
100361,4940,57000,281.6
100371,4940,56700,280.1
100381,4940,57100,282.1
100391,4936,57700,284.8
100401,4940,56000,276.6
100411,4940,57700,285.0
100421,4936,56100,276.9
100431,4940,57700,285.0
100441,4936,56100,276.9
100451,4940,57700,285.0
100461,4936,56100,276.9
100471,4940,57700,285.0
100481,4940,56100,277.1
100491,4940,57700,285.0
100501,4936,56100,276.9
100511,4936,91500,451.6
100521,4936,56800,280.4
100531,4940,57100,282.1
100541,4936,56800,280.4
100551,4936,57000,281.4
100561,4940,57700,285.0
100571,4936,56300,277.9
100581,4940,57700,285.0
100591,4936,56100,276.9
100601,4940,57600,284.5
100611,4820,56100,270.4
100621,4940,57800,285.5
100631,4936,56000,276.4
100641,4940,57700,285.0
100651,4936,56100,276.9
100661,4940,57700,285.0
100671,4936,56000,276.4
100681,4940,57800,285.5
100691,4936,56700,279.9
100701,4940,57000,281.6
100711,4732,140100,663.0
100721,4940,57100,282.1
100731,4936,57200,282.3
100741,4940,56900,281.1
100751,4940,57700,285.0
100761,4936,56100,276.9
100771,4940,57700,285.0
100781,4936,56100,276.9
100791,4940,57700,285.0
100801,4936,56100,276.9
100811,4832,135800,656.2
100821,4936,56100,276.9
100831,4940,57700,285.0
100841,4936,56200,277.4
100851,4940,57700,285.0
100861,4936,56700,279.9
100871,4940,57000,281.6
100881,4940,56800,280.6
100891,4940,57000,281.6
100901,4940,56800,280.6
100911,4816,142500,686.3
100922,4940,57700,285.0
100931,4936,56100,276.9
100941,4940,57600,284.5
100951,4936,56000,276.4
100961,4940,57700,285.0
100971,4936,56100,276.9
100981,4940,57700,285.0
100991,4936,56200,277.4
101001,4940,57700,285.0
101011,4936,56100,276.9
101021,4768,164900,786.2
101031,4936,56800,280.4
101041,4940,57200,282.6
101051,4940,56700,280.1
101061,4936,57100,281.8
101071,4936,56800,280.4
101081,4940,57100,282.1
101091,4940,57700,285.0
101101,4936,56100,276.9
101111,4940,57700,285.0
101121,4936,56100,276.9
101131,4940,57700,285.0
101141,4936,56100,276.9
101151,4940,57700,285.0
101161,4936,56100,276.9
101171,4940,57600,284.5
101181,4936,56100,276.9
101191,4940,57700,285.0
101201,4936,56300,277.9
101211,4936,57600,284.3
101221,4940,56700,280.1
101231,4940,57100,282.1
101241,4936,56800,280.4
101251,4940,57000,281.6
101261,4940,57700,285.0
101271,4936,56100,276.9
101281,4940,57700,285.0
101291,4936,56100,276.9
101301,4940,57700,285.0
101311,4936,56100,276.9
101321,4936,57700,284.8
101331,4936,56100,276.9
101341,4728,140200,662.9
101351,4936,56100,276.9
101361,4940,57700,285.0
101371,4936,56100,276.9
101381,4940,57700,285.0
101391,4940,56700,280.1
101401,4940,57000,281.6
101411,4940,56800,280.6
101421,4940,57000,281.6
101431,4936,57700,284.8
101441,4816,140900,678.6
101451,4940,57700,285.0
101461,4936,56100,276.9
101471,4940,57700,285.0
101481,4936,56100,276.9
101491,4940,57700,285.0
101501,4936,56000,276.4
101511,4940,57700,285.0
101521,4936,56100,276.9
101531,4940,57800,285.5
101541,4936,56100,276.9
101551,4820,206000,992.9
101561,4940,56900,281.1
101571,4940,57100,282.1
101581,4936,56800,280.4
101591,4940,57000,281.6
101601,4936,57600,284.3
101611,4940,56400,278.6
101621,4940,57700,285.0
101631,4936,56100,276.9
101641,4940,57700,285.0
101651,4936,57500,283.8
101661,4940,57700,285.0
101671,4936,56100,276.9
101681,4940,57700,285.0
101691,4936,56100,276.9
101701,4940,57600,284.5
101711,4936,56100,276.9
101721,4940,57700,285.0
101731,4936,56700,279.9
101741,4940,57000,281.6
101751,4940,56800,280.6
101761,4936,130900,646.1
101771,4940,57100,282.1
101781,4940,57000,281.6
101791,4940,57700,285.0
101801,4936,56000,276.4
101811,4940,57700,285.0
101821,4936,56100,276.9
101831,4940,57700,285.0
101841,4936,56100,276.9
101851,4940,57700,285.0
101861,4936,56100,276.9
101871,4704,146900,691.0
101881,4936,56100,276.9
101891,4940,57700,285.0
101901,4936,56800,280.4
101911,4940,57000,281.6
101921,4940,56700,280.1
101931,4940,57100,282.1
101941,4936,56700,279.9
101951,4940,57000,281.6
101961,4940,57800,285.5
101971,4932,146600,723.0
101981,4940,57800,285.5
101991,4936,56100,276.9
102001,4940,57700,285.0
102011,4936,56100,276.9
102021,4940,57700,285.0
102031,4936,56000,276.4
102041,4940,57600,284.5
102051,4936,56100,276.9
102061,4940,57600,284.5
102071,4936,56800,280.4
102081,4708,138200,650.6
102091,4940,56800,280.6
102101,4940,57100,282.1
102111,4936,56800,280.4
102121,4936,57100,281.8
102131,4940,57700,285.0
102141,4936,56100,276.9
102151,4940,57600,284.5
102161,4936,56000,276.4
102171,4940,57600,284.5
102181,4756,154700,735.8
102191,4940,57700,285.0
102201,4936,56100,276.9
102211,4940,57700,285.0
102221,4936,56100,276.9
102231,4940,57700,285.0
102241,4936,56300,277.9
102251,4940,57600,284.5
102261,4940,56800,280.6
102271,4940,57000,281.6
102281,4936,56700,279.9
102291,4788,69300,331.8
102301,4940,57700,285.0
102311,4936,56100,276.9
102321,4940,57700,285.0
102331,4936,56100,276.9
102341,4940,57700,285.0
102351,4936,56100,276.9
102361,4936,57700,284.8
102371,4936,56000,276.4
102381,4940,57700,285.0
102391,4712,130300,614.0
102401,4940,57700,285.0
102411,4936,56100,276.9
102421,4936,57700,284.8
102431,4940,56700,280.1
102441,4940,57000,281.6
102451,4936,56800,280.4
102461,4940,57100,282.1
102471,4936,57700,284.8
102481,4936,56200,277.4
102491,4936,57700,284.8
102501,4808,56100,269.7
102511,4940,57800,285.5
102521,4936,56000,276.4
102531,4940,57700,285.0
102541,4936,56100,276.9
102551,4940,57700,285.0
102562,4936,56200,277.4
102571,4940,57700,285.0
102581,4940,56100,277.1
102591,4940,57700,285.0
102601,4724,136600,645.3
102611,4936,57100,281.8
102621,4940,56700,280.1
102631,4940,57000,281.6
102641,4940,57600,284.5
102651,4940,56500,279.1
102661,4940,57700,285.0
102671,4936,56000,276.4
102681,4940,57600,284.5
102691,4936,56000,276.4
102701,4796,139600,669.5
102711,4936,56200,277.4
102721,4940,57700,285.0
102731,4936,56100,276.9
102741,4940,57700,285.0
102751,4936,56100,276.9
102761,4936,57800,285.3
102771,4936,56700,279.9
102781,4940,57000,281.6
102791,4936,56800,280.4
102801,4940,57100,282.1
102811,4916,57000,280.2
102821,4940,57000,281.6
102831,4940,57700,285.0
102841,4940,56100,277.1
102851,4940,57700,285.0
102861,4940,56200,277.6
102871,4940,57600,284.5
102881,4940,56100,277.1
102891,4940,57700,285.0
102901,4940,56100,277.1
102911,4728,140700,665.2
102921,4936,56100,276.9
102931,4940,57700,285.0
102941,4936,56800,280.4
102951,4940,57100,282.1
102961,4940,56800,280.6
102971,4936,57000,281.4
102981,4936,56800,280.4
102991,4940,57000,281.6
103001,4940,57700,285.0
103011,4820,212900,1026.2
103021,4940,57700,285.0
103031,4936,56100,276.9
103041,4940,57700,285.0
103051,4936,56100,276.9
103061,4940,57700,285.0
103071,4936,56100,276.9
103081,4940,57700,285.0
103091,4936,56200,277.4
103101,4940,57700,285.0
103111,4876,156700,764.1
103121,4936,57500,283.8
103131,4940,56800,280.6
103141,4940,57100,282.1
103151,4936,56800,280.4
103161,4940,57100,282.1
103171,4936,57700,284.8
103181,4936,56100,276.9
103191,4940,57700,285.0
103201,4936,56100,276.9
103211,4940,57700,285.0
103221,4760,160600,764.5
103231,4940,57700,285.0
103241,4936,56100,276.9
103251,4940,57700,285.0
103261,4936,56100,276.9
103271,4940,57600,284.5
103281,4940,56200,277.6
103291,4940,57700,285.0
103301,4940,56700,280.1
103311,4940,57100,282.1
103321,4816,142800,687.7
103331,4936,57100,281.8
103341,4936,57700,284.8
103351,4936,56200,277.4
103361,4936,57700,284.8
103371,4936,56100,276.9
103381,4940,57700,285.0
103391,4936,56100,276.9
103401,4940,57700,285.0
103411,4936,56200,277.4
103421,4792,142700,683.8
103431,4936,56200,277.4
103441,4940,57700,285.0
103451,4936,56100,276.9
103461,4940,57800,285.5
103471,4936,56800,280.4
103481,4940,57000,281.6
103491,4936,56800,280.4
103501,4940,57000,281.6
103511,4940,57800,285.5
103521,4936,56100,276.9
103531,4816,143000,688.7
103541,4936,56100,276.9
103551,4940,57700,285.0
103561,4936,56100,276.9
103571,4940,57700,285.0
103581,4936,56200,277.4
103591,4940,57700,285.0
103601,4936,56100,276.9
103611,4940,57700,285.0
103621,4936,56100,276.9
103631,4816,143400,690.6
103641,4940,56800,280.6
103651,4940,57000,281.6
103661,4940,56800,280.6
103671,4940,57100,282.1
103681,4936,57500,283.8
103691,4940,56500,279.1
103701,4940,57600,284.5
103711,4936,56200,277.4
103721,4940,57700,285.0
103731,4936,56100,276.9
103741,4816,139400,671.4
103751,4936,56100,276.9
103761,4940,57700,285.0
103771,4940,56100,277.1
103781,4940,57700,285.0
103791,4936,56100,276.9
103801,4940,57700,285.0
103811,4936,56700,279.9
103821,4940,57000,281.6
103831,4936,56800,280.4
103841,4940,57100,282.1
103851,4812,141900,682.8
103861,4940,57100,282.1
103871,4940,57800,285.5
103881,4940,56200,277.6
103891,4940,57700,285.0
103901,4936,56100,276.9
103911,4940,57700,285.0
103921,4940,56100,277.1
103931,4940,57700,285.0
103941,4940,56200,277.6
103951,4940,57700,285.0
103961,4716,132200,623.5
103971,4940,57700,285.0
103981,4936,56900,280.9
103991,4936,57000,281.4
104001,4936,56800,280.4
104011,4940,57100,282.1
104021,4940,56800,280.6
104031,4940,57100,282.1
104041,4940,57700,285.0
104051,4936,56100,276.9
104061,4812,145300,699.2
104071,4936,56100,276.9
104081,4940,57700,285.0
104091,4936,56100,276.9
104101,4940,57700,285.0
104111,4936,56100,276.9
104121,4940,57700,285.0
104131,4940,56100,277.1
104141,4940,57600,284.5
104151,4940,56700,280.1
104161,4940,57400,283.6
104171,4828,212800,1027.4
104181,4940,57100,282.1
104192,4940,57700,285.0
104201,4940,57000,281.6
104211,4940,57800,285.5
104221,4936,56200,277.4
104231,4940,57700,285.0
104241,4936,56100,276.9
104251,4940,57700,285.0
104261,4936,56100,276.9
104271,4940,57700,285.0
104281,4828,56100,270.9
104291,4940,57700,285.0
104301,4936,56100,276.9
104311,4940,57700,285.0
104321,4936,56200,277.4
104331,4936,57700,284.8
104341,4940,56700,280.1
104351,4940,57000,281.6
104361,4936,56800,280.4
104371,4940,57100,282.1
104381,4712,135300,637.5
104391,4936,56100,276.9
104401,4940,57700,285.0
104411,4936,56200,277.4
104421,4940,57600,284.5
104431,4936,56100,276.9
104441,4940,57600,284.5
104451,4936,56100,276.9
104461,4940,57700,285.0
104471,4936,56100,276.9
104481,4936,57700,284.8
104491,4812,193500,931.1
104501,4940,57700,285.0
104511,4936,56700,279.9
104521,4940,57000,281.6
104531,4936,56800,280.4
104541,4936,57000,281.4
104551,4940,57800,285.5
104561,4936,56200,277.4
104571,4940,57600,284.5
104581,4936,56100,276.9
104591,4940,57700,285.0
104601,4824,208100,1003.9
104611,4940,57700,285.0
104621,4936,56100,276.9
104631,4940,57700,285.0
104641,4940,56100,277.1
104651,4940,57700,285.0
104661,4936,56100,276.9
104671,4936,57700,284.8
104681,4940,56800,280.6
104691,4940,57100,282.1
104701,4816,140200,675.2
104711,4940,57100,282.1
104721,4940,57500,284.1
104731,4940,56500,279.1
104741,4940,57700,285.0
104751,4936,56100,276.9
104761,4940,57700,285.0
104771,4936,56100,276.9
104781,4940,57700,285.0
104791,4936,56100,276.9
104801,4820,140700,678.2
104811,4936,56200,277.4
104821,4940,57700,285.0
104831,4936,56100,276.9
104841,4940,57700,285.0
104851,4936,56800,280.4
104861,4940,57100,282.1
104871,4936,56700,279.9
104881,4940,57100,282.1
104891,4940,57100,282.1
104901,4940,57000,281.6
104911,4928,57700,284.3
104921,4936,56100,276.9
104931,4940,57700,285.0
104941,4936,56100,276.9
104951,4940,57700,285.0
104961,4936,56100,276.9
104971,4940,57800,285.5
104981,4940,56100,277.1
104991,4940,57700,285.0
105001,4936,56100,276.9
105011,4940,116400,575.0
105021,4936,56800,280.4
105031,4940,57000,281.6
105041,4936,56800,280.4
105051,4936,57100,281.8
105061,4936,56900,280.9
105071,4940,57100,282.1
105081,4940,57700,285.0
105091,4936,56100,276.9
105101,4940,57700,285.0
105111,4828,156700,756.5
105121,4940,57700,285.0
105131,4936,56100,276.9
105141,4940,57700,285.0
105151,4940,56100,277.1
105161,4940,57700,285.0
105171,4936,56100,276.9
105181,4940,57700,285.0
105191,4940,56700,280.1
105201,4940,57300,283.1
105211,4936,56700,279.9
105221,4744,93900,445.5
105231,4936,56800,280.4
105241,4940,57000,281.6
105251,4940,57700,285.0
105261,4936,56100,276.9
105271,4940,57700,285.0
105281,4936,56100,276.9
105291,4940,57700,285.0
105301,4936,56100,276.9
105311,4940,57700,285.0
105321,4820,195400,941.8
105331,4940,57700,285.0
105341,4936,56100,276.9
105351,4940,57700,285.0
105361,4936,56300,277.9
105371,4940,57700,285.0
105381,4936,56800,280.4
105391,4940,57100,282.1
105401,4940,56800,280.6
105411,4940,57000,281.6
105421,4936,60600,299.1
105431,4936,56100,276.9
105441,4940,57700,285.0
105451,4936,56100,276.9
105461,4940,57700,285.0
105471,4936,56100,276.9
105481,4940,57800,285.5
105491,4936,56100,276.9
105501,4940,57700,285.0
105511,4940,56100,277.1
105521,4940,57700,285.0
105531,4824,217500,1049.2
105541,4940,57700,285.0
105551,4940,56800,280.6
105561,4940,57100,282.1
105571,4936,56800,280.4
105581,4940,57200,282.6
105591,4936,57800,285.3
105601,4940,56200,277.6
105611,4940,57700,285.0
105621,4940,56100,277.1
105631,4812,146300,704.0
105641,4936,56200,277.4
105651,4940,57700,285.0
105661,4936,56200,277.4
105671,4940,57600,284.5
105681,4936,56100,276.9
105691,4940,57800,285.5
105701,4936,56100,276.9
105711,4940,57700,285.0
105721,4940,56800,280.6
105731,4940,57100,282.1
105741,4940,56800,280.6
105751,4940,57000,281.6
105761,4936,57600,284.3
105771,4940,56500,279.1
105781,4940,57700,285.0
105791,4940,56100,277.1
105801,4940,57700,285.0
105811,4936,56100,276.9
105822,4940,57700,285.0
105831,4936,56100,276.9
105841,4716,135800,640.4
105851,4936,56100,276.9
105861,4940,57700,285.0
105871,4940,56100,277.1
105881,4940,57800,285.5
105891,4936,56700,279.9
105901,4936,57100,281.8
105911,4936,56800,280.4
105921,4940,57000,281.6
105931,4940,57100,282.1
105941,4824,197200,951.3
105951,4936,57800,285.3
105961,4936,56100,276.9
105971,4940,57600,284.5
105981,4936,56100,276.9
105991,4940,57700,285.0
106001,4936,56100,276.9
106011,4940,57700,285.0
106021,4936,56100,276.9
106031,4940,57700,285.0
106041,4936,56100,276.9
106051,4940,120800,596.8
106061,4936,56900,280.9
106071,4940,57000,281.6
106081,4936,56700,279.9
106091,4940,56900,281.1
106101,4936,56800,280.4
106111,4940,57000,281.6
106121,4940,57700,285.0
106131,4936,56100,276.9
106141,4940,57700,285.0
106151,4816,141600,681.9
106161,4940,57800,285.5
106171,4936,56100,276.9
106181,4940,57700,285.0
106191,4936,56100,276.9
106201,4940,57700,285.0
106211,4936,56100,276.9
106221,4940,57700,285.0
106231,4936,56800,280.4
106241,4940,57200,282.6
106251,4876,156400,762.6
106261,4936,57100,281.8
106271,4936,56700,279.9
106281,4936,57100,281.8
106291,4940,57700,285.0
106301,4936,56100,276.9
106311,4940,57700,285.0
106321,4936,56100,276.9
106331,4940,57800,285.5
106341,4940,56200,277.6
106351,4940,57600,284.5
106361,4824,209100,1008.7
106371,4940,57800,285.5
106381,4936,56200,277.4
106391,4940,57700,285.0
106401,4936,56200,277.4
106411,4936,57700,284.8
106421,4940,56800,280.6
106431,4936,57100,281.8
106441,4936,56800,280.4
106451,4940,57000,281.6
106461,4808,142400,684.7
106471,4936,56100,276.9
106481,4940,57700,285.0
106491,4936,56100,276.9
106501,4940,57700,285.0
106511,4936,56200,277.4
106521,4940,57700,285.0
106531,4936,56100,276.9
106541,4940,57700,285.0
106551,4936,56100,276.9
106561,4792,80400,385.3
106571,4936,56100,276.9
106581,4940,57700,285.0
106591,4940,56800,280.6
106601,4940,57100,282.1
106611,4940,56700,280.1
106621,4940,57000,281.6
106631,4936,57800,285.3
106641,4940,56200,277.6
106651,4940,57700,285.0
106661,4940,56200,277.6
106671,4816,147500,710.4
106681,4936,56200,277.4
106691,4940,57700,285.0
106701,4936,56100,276.9
106711,4940,57700,285.0
106721,4940,56100,277.1
106731,4940,57700,285.0
106741,4936,56100,276.9
106751,4936,57700,284.8
106761,4940,56800,280.6
106771,4936,57100,281.8
106781,4816,142000,683.9
106791,4936,57100,281.8
106801,4936,57400,283.3
106811,4940,56600,279.6
106821,4940,57600,284.5
106831,4940,56100,277.1
106841,4940,57700,285.0
106851,4936,56100,276.9
106861,4940,57700,285.0
106871,4936,56000,276.4
106881,4940,57800,285.5
106891,4824,56000,270.1
106901,4940,57700,285.0
106911,4936,56200,277.4
106921,4940,57800,285.5
106931,4936,56800,280.4
106941,4940,57000,281.6
106951,4936,56700,279.9
106961,4940,57100,282.1
106971,4940,57000,281.6
106981,4940,57000,281.6
106991,4836,151400,732.2
107001,4936,56100,276.9
107011,4940,57700,285.0
107021,4936,56200,277.4
107031,4940,57700,285.0
107041,4936,56000,276.4
107051,4940,57700,285.0
107061,4940,56200,277.6
107071,4936,57700,284.8
107081,4936,56100,276.9
107091,4940,57600,284.5
107101,4852,56800,275.6
107111,4940,57100,282.1
107121,4936,56800,280.4
107131,4940,57000,281.6
107141,4940,56700,280.1
107151,4940,57000,281.6
107161,4940,57800,285.5
107171,4936,56100,276.9
107181,4940,57700,285.0
107191,4936,56100,276.9
107201,4940,60600,299.4
107211,4936,56100,276.9
107221,4940,57700,285.0
107231,4936,56100,276.9
107241,4940,57700,285.0
107251,4936,56100,276.9
107261,4940,57700,285.0
107271,4936,56600,279.4
107281,4936,57400,283.3
107291,4940,56800,280.6
107301,4936,57000,281.4
107311,4884,56800,277.4
107321,4940,57000,281.6
107331,4940,57700,285.0
107341,4940,56200,277.6
107351,4940,57700,285.0
107361,4936,56200,277.4
107371,4940,57700,285.0
107381,4936,56100,276.9
107391,4940,57700,285.0
107401,4936,56100,276.9
107411,4940,57700,285.0
107421,4832,56100,271.1
107431,4940,57800,285.5
107441,4936,56200,277.4
107451,4940,57700,285.0
107465,4940,57700,285.0
107471,4940,57000,281.6
107481,4940,56700,280.1
107491,4940,57100,282.1
107501,4940,57700,285.0
107511,4936,56100,276.9
107521,4720,134400,634.4
107531,4936,56100,276.9
107541,4940,57700,285.0
107551,4936,56100,276.9
107561,4940,57700,285.0
107571,4936,56200,277.4
107581,4940,57700,285.0
107591,4936,56100,276.9
107601,4940,57700,285.0
107611,4936,56100,276.9
107621,4936,57700,284.8
107631,4940,56800,280.6
107641,4940,57000,281.6
107651,4940,56700,280.1
107661,4936,57000,281.4
107671,4940,57700,285.0
107681,4940,56100,277.1
107691,4940,57700,285.0
107701,4936,56100,276.9
107711,4940,57800,285.5
107721,4936,56100,276.9
107731,4940,60600,299.4
107741,4936,56200,277.4
107751,4940,57700,285.0
107761,4936,56200,277.4
107771,4940,57700,285.0
107781,4936,56100,276.9
107791,4936,57700,284.8
107801,4936,56800,280.4
107811,4940,57100,282.1
107821,4936,56700,279.9
107831,4936,57000,281.4
107841,4816,142500,686.3
107851,4936,56700,279.9
107861,4940,57700,285.0
107871,4936,56100,276.9
107881,4940,57700,285.0
107891,4936,56100,276.9
107901,4940,57700,285.0
107911,4936,56100,276.9
107921,4936,57700,284.8
107931,4940,56100,277.1
107941,4792,75100,359.9
107951,4936,56200,277.4
107961,4940,57700,285.0
107971,4940,56800,280.6
107981,4940,57000,281.6
107991,4940,56800,280.6
108001,4940,57100,282.1
108011,4936,57000,281.4
108021,4936,57000,281.4
108031,4940,57600,284.5
108041,4936,129700,640.2
108051,4940,57700,285.0
108061,4940,56100,277.1
108071,4940,57700,285.0
108081,4936,56000,276.4
108091,4940,57800,285.5
108101,4936,56100,276.9
108111,4940,57700,285.0
108121,4936,56100,276.9
108131,4940,57700,285.0
108141,4936,56800,280.4
108151,4828,209800,1012.9
108161,4940,56800,280.6
108171,4936,57100,281.8
108181,4936,56700,279.9
108191,4940,57100,282.1
108201,4940,57700,285.0
108211,4936,56000,276.4
108221,4940,57700,285.0
108231,4940,56200,277.6
108241,4940,57700,285.0
108251,4812,141000,678.5
108261,4936,57700,284.8
108271,4936,56100,276.9
108281,4940,57700,285.0
108291,4940,56100,277.1
108301,4940,57700,285.0
108311,4940,56700,280.1
108321,4940,57500,284.1
108331,4940,56800,280.6
108341,4940,57100,282.1
108351,4936,56800,280.4
108361,4816,146700,706.5
108371,4940,57700,285.0
108381,4936,56100,276.9
108391,4940,57700,285.0
108401,4936,56100,276.9
108411,4940,57700,285.0
108421,4936,56100,276.9
108431,4940,57700,285.0
108441,4940,56100,277.1
108451,4940,57700,285.0
108461,4936,56200,277.4
108471,4812,194000,933.5
108481,4936,56200,277.4
108491,4936,57700,284.8
108501,4940,56700,280.1
108511,4936,57200,282.3
108521,4940,56800,280.6
108531,4940,57100,282.1
108541,4940,57800,285.5
108551,4936,56100,276.9
108561,4940,57700,285.0
108571,4828,210700,1017.3
108581,4940,57800,285.5
108591,4936,56000,276.4
108601,4940,57700,285.0
108611,4936,56100,276.9
108621,4940,57700,285.0
108631,4936,56100,276.9
108641,4940,57800,285.5
108651,4940,56100,277.1
108661,4936,57700,284.8
108671,4716,133500,629.6
108681,4936,57100,281.8
108691,4940,56800,280.6
108701,4936,57100,281.8
108711,4940,57800,285.5
108721,4940,56200,277.6
108731,4940,57700,285.0
108741,4940,56100,277.1
108751,4940,57700,285.0
108761,4936,56100,276.9
108771,4940,57700,285.0
108781,4828,209200,1010.0
108791,4940,57700,285.0
108801,4936,56100,276.9
108811,4940,57700,285.0
108821,4936,56100,276.9
108831,4940,57700,285.0
108841,4936,56800,280.4
108851,4940,57100,282.1
108861,4936,56800,280.4
108871,4940,57000,281.6
108881,4936,57400,283.3
108891,4820,137300,661.8
108901,4940,57700,285.0
108911,4936,56100,276.9
108921,4940,57700,285.0
108931,4936,56200,277.4
108941,4940,57700,285.0
108951,4936,56100,276.9
108961,4940,57800,285.5
108971,4936,56100,276.9
108981,4940,57700,285.0
108991,4824,213600,1030.4
109001,4940,57700,285.0
109011,4936,56800,280.4
109021,4940,57000,281.6
109031,4940,56800,280.6
109041,4936,57100,281.8
109051,4940,56800,280.6
109061,4940,57100,282.1
109071,4940,57700,285.0
109081,4936,56200,277.4
109092,4940,57700,285.0
109101,4796,63600,305.0
109111,4940,57700,285.0
109121,4940,56000,276.6
109131,4940,57700,285.0
109141,4936,56100,276.9
109151,4940,57700,285.0
109161,4936,56200,277.4
109171,4940,57700,285.0
109181,4936,56900,280.9
109191,4936,57100,281.8
109201,4808,193400,929.9
109211,4940,57100,282.1
109221,4940,56800,280.6
109231,4940,57100,282.1
109241,4940,57700,285.0
109251,4936,56100,276.9
109261,4940,57700,285.0
109271,4940,56100,277.1
109281,4940,57700,285.0
109291,4936,56100,276.9
109301,4940,57700,285.0
109311,4824,173800,838.4
109321,4940,57700,285.0
109331,4936,56100,276.9
109341,4940,57800,285.5
109351,4936,56400,278.4
109361,4936,57600,284.3
109371,4936,56700,279.9
109381,4940,57100,282.1
109391,4940,56800,280.6
109401,4940,57000,281.6
109411,4812,143000,688.1
109421,4936,56100,276.9
109431,4940,57800,285.5
109441,4936,56100,276.9
109451,4940,57700,285.0
109461,4940,56200,277.6
109471,4940,57700,285.0
109481,4936,56100,276.9
109491,4940,57700,285.0
109501,4936,56100,276.9
109511,4940,57700,285.0
109521,4832,56000,270.6
109531,4940,57700,285.0
109541,4940,56700,280.1
109551,4940,57000,281.6
109561,4936,56700,279.9
109571,4940,57000,281.6
109581,4940,57700,285.0
109591,4940,56000,276.6
109601,4940,57700,285.0
109611,4936,56100,276.9
109621,4816,142900,688.2
109631,4936,56100,276.9
109641,4940,57800,285.5
109651,4940,56100,277.1
109661,4940,57700,285.0
109671,4936,56000,276.4
109681,4940,57700,285.0
109691,4936,56100,276.9
109701,4936,57800,285.3
109711,4940,56800,280.6
109721,4940,57000,281.6
109731,4816,141900,683.4
109741,4940,57100,282.1
109751,4936,57700,284.8
109761,4940,56500,279.1
109771,4940,57700,285.0
109781,4936,56100,276.9
109791,4940,57700,285.0
109801,4940,56100,277.1
109811,4940,57700,285.0
109821,4936,56100,276.9
109831,4940,60700,299.9
109841,4936,56200,277.4
109851,4940,57700,285.0
109861,4940,56100,277.1
109871,4940,57700,285.0
109881,4936,56700,279.9
109891,4936,57100,281.8
109901,4940,56800,280.6
109911,4940,57000,281.6
109921,4936,57200,282.3
109931,4940,56800,280.6
109941,4940,57700,285.0
109951,4936,56100,276.9
109961,4940,57800,285.5
109971,4936,56100,276.9
109981,4940,57700,285.0
109991,4936,56100,276.9
110001,4940,57700,285.0
110011,4936,56100,276.9
110021,4940,57700,285.0
110031,4936,56100,276.9
110041,4816,145000,698.3
110051,4936,56800,280.4
110061,4856,67800,329.2
110071,4936,56800,280.4
110081,4940,57000,281.6
110091,4936,56800,280.4
110101,4940,57100,282.1
110111,4940,57800,285.5
110121,4936,56100,276.9
110131,4936,57700,284.8
110141,4936,56100,276.9
110151,4940,57700,285.0
110161,4936,56100,276.9
110171,4940,57800,285.5
110181,4936,56100,276.9
110191,4940,57700,285.0
110201,4936,56000,276.4
110211,4940,57700,285.0
110221,4936,56800,280.4
110231,4940,57200,282.6
110241,4940,56800,280.6
110251,4940,57100,282.1
110261,4936,56700,279.9
110271,4940,57100,282.1
110281,4940,57800,285.5
110291,4936,56200,277.4
110301,4940,57700,285.0
110311,4936,56100,276.9
110321,4940,57700,285.0
110331,4936,56000,276.4
110341,4940,57700,285.0
110351,4936,56100,276.9
110361,4940,57700,285.0
110371,4936,56100,276.9
110381,4940,57800,285.5
110391,4936,56600,279.4
110401,4940,57500,284.1
110411,4936,56800,280.4
110421,4936,57000,281.4
110431,4936,56800,280.4
110441,4940,57000,281.6
110451,4936,57600,284.3
110461,4936,56200,277.4
110471,4940,57700,285.0
110481,4940,56200,277.6
110491,4940,57700,285.0
110501,4940,56100,277.1
110511,4940,57700,285.0
110521,4936,56000,276.4
110531,4936,57700,284.8
110541,4936,56100,276.9
110551,4940,57700,285.0
110561,4936,56300,277.9
110571,4708,136700,643.6
110581,4936,56800,280.4
110591,4940,57100,282.1
110601,4936,56800,280.4
110611,4936,57100,281.8
110621,4936,57600,284.3
110631,4936,56100,276.9
110641,4940,57700,285.0
110651,4936,56000,276.4
110661,4940,57700,285.0
110671,4936,56100,276.9
110681,4940,57600,284.5
110691,4936,56100,276.9
110701,4940,57700,285.0
110711,4936,56100,276.9
110722,4940,57800,285.5
110731,4936,56100,276.9
110741,4940,57700,285.0
110751,4940,56700,280.1
110761,4936,57100,281.8
110771,4940,56700,280.1
110781,4936,57000,281.4
110791,4940,57700,285.0
110801,4936,56000,276.4
110811,4940,57700,285.0
110821,4936,56100,276.9
110831,4940,57700,285.0
110841,4936,56200,277.4
110851,4940,57700,285.0
110861,4936,56100,276.9
110871,4940,57800,285.5
110881,4936,56100,276.9
110891,4940,57700,285.0
110901,4936,56100,276.9
110911,4936,57700,284.8
110921,4940,56700,280.1
110931,4936,57000,281.4
110941,4936,56800,280.4
110951,4940,57000,281.6
110961,4940,57800,285.5
110971,4940,56000,276.6
110981,4940,57700,285.0
110991,4936,56100,276.9
111001,4940,57600,284.5
111011,4936,56100,276.9
111021,4940,57700,285.0
111031,4936,56100,276.9
111041,4940,57700,285.0
111051,4936,56100,276.9
111061,4940,57700,285.0
111071,4820,212200,1022.8
111081,4940,57700,285.0
111091,4936,56800,280.4
111101,4940,57000,281.6
111111,4940,56800,280.6
111121,4940,57100,282.1
111131,4936,57600,284.3
111141,4940,56400,278.6
111151,4940,57600,284.5
111161,4936,56100,276.9
111171,4940,57700,285.0
111181,4936,56100,276.9
111191,4940,57600,284.5
111201,4936,56100,276.9
111211,4940,57700,285.0
111221,4936,56100,276.9
111231,4940,57700,285.0
111241,4936,56100,276.9
111251,4936,57600,284.3
111261,4936,56800,280.4
111271,4940,57000,281.6
111281,4936,56700,279.9
111291,4940,57000,281.6
111301,4940,57300,283.1
111311,4940,56800,280.6
111321,4940,57700,285.0
111331,4936,56100,276.9
111341,4940,57700,285.0
111351,4936,56100,276.9
111361,4940,57700,285.0
111371,4936,56100,276.9
111381,4940,57600,284.5
111391,4936,56000,276.4
111401,4940,57700,285.0
111411,4940,56100,277.1
111421,4940,57700,285.0
111431,4936,56700,279.9
111441,4940,57000,281.6
111451,4940,56800,280.6
111461,4940,57000,281.6
111471,4936,57100,281.8
111481,4940,56900,281.1
111491,4940,57700,285.0
111501,4936,56100,276.9
111511,4940,57700,285.0
111521,4936,56100,276.9
111531,4940,57600,284.5
111541,4936,56100,276.9
111551,4940,57700,285.0
111561,4936,56200,277.4
111571,4800,68600,329.3
111581,4936,56100,276.9
111591,4940,57700,285.0
111601,4936,56800,280.4
111611,4940,57000,281.6
111621,4936,56800,280.4
111631,4940,57000,281.6
111641,4936,56800,280.4
111651,4940,57100,282.1
111661,4940,57700,285.0
111671,4940,56100,277.1
111681,4940,57700,285.0
111691,4936,56100,276.9
111701,4940,57700,285.0
111711,4936,56100,276.9
111721,4940,57600,284.5
111731,4936,56200,277.4
111741,4940,57700,285.0
111751,4936,56100,276.9
111761,4940,57700,285.0
111771,4936,56900,280.9
111781,4940,57100,282.1
111791,4936,56800,280.4
111801,4936,57100,281.8
111811,4940,56800,280.6
111821,4940,57000,281.6
111831,4940,57700,285.0
111841,4936,56100,276.9
111851,4940,57700,285.0
111861,4936,56100,276.9
111871,4940,57600,284.5
111881,4936,56100,276.9
111891,4940,57700,285.0
111901,4936,56100,276.9
111911,4940,57600,284.5
111921,4936,56000,276.4
111931,4940,57700,285.0
111941,4940,56700,280.1
111951,4940,57400,283.6
111961,4936,56800,280.4
111971,4940,57000,281.6
111981,4940,56700,280.1
111991,4940,57000,281.6
112001,4940,57600,284.5
112011,4936,56100,276.9
112021,4940,57600,284.5
112031,4936,56000,276.4
112041,4940,57600,284.5
112051,4940,56000,276.6
112061,4940,57700,285.0
112071,4936,56100,276.9
112081,4940,144700,714.8
112091,4936,56100,276.9
112101,4940,57700,285.0
112111,4936,56200,277.4
112121,4940,57700,285.0
112131,4936,56800,280.4
112141,4940,57100,282.1
112151,4940,56800,280.6
112161,4936,57100,281.8
112171,4936,57700,284.8
112181,4936,56100,276.9
112191,4940,57700,285.0
112201,4936,56100,276.9
112211,4940,57700,285.0
112221,4936,56100,276.9
112231,4940,57700,285.0
112241,4936,56100,276.9
112251,4940,57700,285.0
112261,4936,56200,277.4
112271,4940,57600,284.5
112281,4936,56200,277.4
112291,4936,57700,284.8
112301,4940,56700,280.1
112311,4940,57100,282.1
112321,4940,56800,280.6
112331,4940,57000,281.6
112341,4940,57700,285.0
112351,4936,56100,276.9
112362,4940,57600,284.5
112371,4940,56100,277.1
112381,4940,57600,284.5
112391,4936,56100,276.9
112401,4940,57700,285.0
112411,4940,56100,277.1
112421,4940,57700,285.0
112431,4936,56100,276.9
112441,4940,57700,285.0
112451,4940,56100,277.1
112461,4940,57700,285.0
112471,4940,56700,280.1
112481,4940,57000,281.6
112491,4940,56800,280.6
112501,4936,57000,281.4
112511,4940,57700,285.0
112521,4940,56100,277.1
112531,4940,57600,284.5
112541,4936,56100,276.9
112551,4940,57600,284.5
112561,4936,56100,276.9
112571,4940,57700,285.0
112581,4940,56100,277.1
112591,4940,57800,285.5
112601,4936,56100,276.9
112611,4940,57800,285.5
112621,4940,56100,277.1
112631,4936,57700,284.8
112641,4940,56800,280.6
112651,4940,57000,281.6
112661,4936,56700,279.9
112671,4940,57000,281.6
112681,4940,57600,284.5
112691,4936,56400,278.4
112701,4940,57700,285.0
112711,4936,56100,276.9
112721,4940,57700,285.0
112731,4936,56100,276.9
112741,4940,57700,285.0
112751,4936,56100,276.9
112761,4940,57600,284.5
112771,4936,56100,276.9
112781,4940,57800,285.5
112791,4936,56000,276.4
112801,4940,57700,285.0
112811,4936,56800,280.4
112821,4936,57000,281.4
112831,4940,56800,280.6
112841,4936,57000,281.4
112851,4940,57300,283.1
112861,4936,56700,279.9
112871,4940,57700,285.0
112881,4940,56100,277.1
112891,4940,57700,285.0
112901,4936,56100,276.9
112911,4940,57700,285.0
112921,4936,56000,276.4
112931,4940,57700,285.0
112941,4936,56100,276.9
112951,4940,57700,285.0
112961,4936,56100,276.9
112971,4940,57700,285.0
112981,4936,56700,279.9
112991,4940,57100,282.1
113001,4940,56800,280.6
113011,4936,57000,281.4
113021,4940,57100,282.1
113031,4940,57000,281.6
113041,4940,57700,285.0
113051,4936,56000,276.4
113061,4940,57700,285.0
113071,4936,56100,276.9
113081,4940,57700,285.0
113091,4812,142200,684.3
113101,4940,57700,285.0
113111,4936,56200,277.4
113121,4940,57700,285.0
113131,4936,56100,276.9
113141,4940,57700,285.0
113151,4936,56800,280.4
113161,4940,57000,281.6
113171,4936,56700,279.9
113181,4940,57100,282.1
113191,4940,56800,280.6
113201,4936,57000,281.4
113211,4940,57700,285.0
113221,4936,56100,276.9
113231,4940,57700,285.0
113241,4940,56200,277.6
113251,4940,57700,285.0
113261,4940,56000,276.6
113271,4940,57600,284.5
113281,4936,56100,276.9
113291,4940,57700,285.0
113301,4936,56000,276.4
113311,4940,57700,285.0
113321,4936,56800,280.4
113331,4940,57100,282.1
113341,4936,56800,280.4
113351,4940,57000,281.6
113361,4940,56700,280.1
113371,4940,57000,281.6
113381,4940,57700,285.0
113391,4940,56100,277.1
113401,4940,57700,285.0
113411,4936,56100,276.9
113421,4940,57700,285.0
113431,4940,56100,277.1
113441,4940,57700,285.0
113451,4936,56000,276.4
113461,4940,57700,285.0
113471,4936,56100,276.9
113481,4940,57700,285.0
113491,4936,56700,279.9
113501,4940,57400,283.6
113511,4936,56700,279.9
113521,4940,57000,281.6
113531,4940,56700,280.1
113541,4940,57000,281.6
113551,4940,57700,285.0
113561,4936,56100,276.9
113571,4940,57700,285.0
113581,4936,56100,276.9
113591,4940,57700,285.0
113601,4824,202500,976.9
113611,4940,57800,285.5
113621,4936,56000,276.4
113631,4940,57700,285.0
113641,4940,56100,277.1
113651,4940,57700,285.0
113661,4936,56300,277.9
113671,4940,57600,284.5
113681,4940,56700,280.1
113691,4936,57100,281.8
113701,4940,56700,280.1
113711,4936,57000,281.4
113721,4936,57500,283.8
113731,4936,56000,276.4
113741,4940,57700,285.0
113751,4936,56100,276.9
113761,4940,57700,285.0
113771,4936,56000,276.4
113781,4940,57700,285.0
113791,4936,56100,276.9
113801,4940,57700,285.0
113811,4936,56000,276.4
113821,4936,57700,284.8
113831,4936,56100,276.9
113841,4940,57700,285.0
113851,4940,56700,280.1
113861,4940,57100,282.1
113871,4940,56700,280.1
113881,4940,57100,282.1
113891,4940,57700,285.0
113901,4940,56100,277.1
113911,4940,57700,285.0
113921,4940,56100,277.1
113931,4940,57600,284.5
113941,4936,56100,276.9
113951,4940,57700,285.0
113961,4936,56100,276.9
113971,4940,57700,285.0
113981,4936,56100,276.9
113991,4940,57700,285.0
114002,4936,56800,280.4
114011,4936,57800,285.3
114021,4940,56700,280.1
114031,4940,57000,281.6
114041,4940,56700,280.1
114051,4940,57000,281.6
114061,4940,57800,285.5
114071,4940,56000,276.6
114081,4940,57700,285.0
114091,4936,56100,276.9
114101,4940,57700,285.0
114111,4820,133500,643.5
114121,4940,57700,285.0
114131,4936,56000,276.4
114141,4940,57600,284.5
114151,4936,56100,276.9
114161,4940,57700,285.0
114171,4936,56100,276.9
114181,4940,57600,284.5
114191,4940,56800,280.6
114201,4940,57000,281.6
114211,4940,56700,280.1
114221,4936,57100,281.8
114231,4940,57600,284.5
114241,4940,56400,278.6
114251,4940,57700,285.0
114261,4936,56100,276.9
114271,4940,57600,284.5
114281,4936,56000,276.4
114291,4940,57600,284.5
114301,4936,56000,276.4
114311,4940,57600,284.5
114321,4936,56100,276.9
114331,4936,57700,284.8
114341,4936,56200,277.4
114351,4940,57800,285.5
114361,4936,56800,280.4
114371,4940,57100,282.1
114381,4940,56700,280.1
114391,4940,57100,282.1
114401,4940,57300,283.1
114411,4940,56800,280.6
114421,4940,57700,285.0
114431,4936,56100,276.9
114441,4936,57700,284.8
114451,4936,56100,276.9
114461,4940,57700,285.0
114471,4940,56100,277.1
114481,4940,57700,285.0
114491,4936,56100,276.9
114501,4940,57600,284.5
114511,4936,56100,276.9
114521,4940,57700,285.0
114531,4936,56700,279.9
114541,4940,57100,282.1
114551,4940,56800,280.6
114561,4940,57100,282.1
114571,4936,57000,281.4
114581,4936,57000,281.4
114591,4940,57700,285.0
114601,4936,56000,276.4
114611,4820,136500,657.9
114621,4936,56100,276.9
114631,4940,57700,285.0
114641,4940,56100,277.1
114651,4940,57700,285.0
114661,4936,56100,276.9
114671,4940,57700,285.0
114681,4940,56100,277.1
114691,4940,57700,285.0
114701,4936,56700,279.9
114711,4940,57000,281.6
114721,4940,56700,280.1
114731,4936,57000,281.4
114741,4940,56800,280.6
114751,4940,57000,281.6
114761,4940,57600,284.5
114771,4936,56000,276.4
114781,4940,57600,284.5
114791,4936,56200,277.4
114801,4940,57700,285.0
114811,4936,56100,276.9
114821,4940,57700,285.0
114831,4936,56100,276.9
114841,4940,57700,285.0
114851,4936,56100,276.9
114861,4940,57700,285.0
114871,4940,56900,281.1
114881,4940,57100,282.1
114891,4940,56700,280.1
114901,4940,57000,281.6
114911,4936,56800,280.4
114921,4940,57000,281.6
114931,4940,57600,284.5
114941,4936,56100,276.9
114951,4940,57600,284.5
114961,4936,56000,276.4
114971,4940,57700,285.0
114981,4936,56100,276.9
114991,4940,57700,285.0
115001,4936,56000,276.4
115011,4940,57600,284.5
115021,4936,56100,276.9
115031,4940,57700,285.0
115041,4936,56700,279.9
115051,4940,57400,283.6
115061,4936,56800,280.4
115071,4936,57000,281.4
115081,4940,56700,280.1
115091,4940,57000,281.6
115101,4940,57600,284.5
115111,4936,56100,276.9
115121,4828,219400,1059.3
115131,4936,56100,276.9
115141,4940,57700,285.0
115151,4936,56100,276.9
115161,4940,57700,285.0
115171,4936,56200,277.4
115181,4940,57600,284.5
115191,4936,56100,276.9
115201,4940,57700,285.0
115211,4936,56200,277.4
115221,4940,57700,285.0
115231,4940,56700,280.1
115241,4936,57100,281.8
115251,4940,56700,280.1
115261,4940,57000,281.6
115271,4940,57700,285.0
115281,4936,56100,276.9
115291,4940,57700,285.0
115301,4936,56100,276.9
115311,4940,57700,285.0
115321,4936,56100,276.9
115331,4940,57700,285.0
115341,4936,56100,276.9
115351,4940,57600,284.5
115361,4940,56100,277.1
115371,4940,57700,285.0
115381,4936,56000,276.4
115391,4940,57600,284.5
115401,4936,56700,279.9
115411,4936,57000,281.4
115421,4940,56700,280.1
115431,4936,57000,281.4
115441,4936,57700,284.8
115451,4940,56000,276.6
115461,4940,57700,285.0
115471,4936,56000,276.4
115481,4940,57600,284.5
115491,4936,56100,276.9
115501,4940,57500,284.1
115511,4936,56100,276.9
115521,4940,57700,285.0
115531,4936,56100,276.9
115541,4940,57700,285.0
115551,4936,56000,276.4
115561,4928,71100,350.4
115571,4940,56800,280.6
115581,4936,57100,281.8
115591,4940,56800,280.6
115601,4936,57100,281.8
115611,4940,57700,285.0
115621,4940,56300,278.1
115631,4940,57700,285.0
115642,4936,56100,276.9
115651,4940,57700,285.0
115661,4936,56200,277.4
115671,4816,143500,691.1
115681,4936,56100,276.9
115691,4940,57700,285.0
115701,4936,56100,276.9
115711,4940,57700,285.0
115721,4936,56000,276.4
115731,4940,57700,285.0
115741,4940,56700,280.1
115751,4940,57100,282.1
115761,4936,56800,280.4
115771,4940,57000,281.6
115781,4792,184100,882.2
115791,4940,56900,281.1
115801,4940,57700,285.0
115811,4936,56100,276.9
115821,4940,57700,285.0
115831,4936,56100,276.9
115841,4940,57600,284.5
115851,4940,56100,277.1
115861,4940,57700,285.0
115871,4940,56200,277.6
115881,4940,57700,285.0
115891,4816,56200,270.7
115901,4940,57700,285.0
115911,4936,56800,280.4
115921,4940,57000,281.6
115931,4940,56800,280.6
115941,4940,57100,282.1
115951,4940,56800,280.6
115961,4940,57100,282.1
115971,4940,57700,285.0
115981,4936,56100,276.9
115991,4724,135200,638.7
116001,4936,56100,276.9
116011,4940,57700,285.0
116021,4936,56200,277.4
116031,4940,57700,285.0
116041,4936,56200,277.4
116051,4940,57700,285.0
116061,4936,56100,276.9
116071,4940,57700,285.0
116081,4936,56800,280.4
116091,4940,57300,283.1
116101,4824,218600,1054.5
116111,4940,57100,282.1
116121,4940,56800,280.6
116131,4940,57100,282.1
116141,4940,57700,285.0
116151,4936,56100,276.9
116161,4940,57700,285.0
116171,4936,56100,276.9
116181,4940,57600,284.5
116191,4936,56000,276.4
116201,4816,205600,990.2
116211,4936,56100,276.9
116221,4940,57700,285.0
116231,4936,56100,276.9
116241,4940,57700,285.0
116251,4936,56200,277.4
116261,4940,57700,285.0
116271,4940,56800,280.6
116281,4940,57000,281.6
116291,4936,56800,280.4
116301,4816,144900,697.8
116311,4940,57700,285.0
116321,4940,56100,277.1
116331,4940,57700,285.0
116341,4936,56200,277.4
116351,4940,57700,285.0
116361,4936,56100,276.9
116371,4940,57700,285.0
116381,4936,56100,276.9
116391,4940,57700,285.0
116401,4928,149300,735.8
116411,4940,57800,285.5
116421,4936,56200,277.4
116431,4940,57700,285.0
116441,4940,56800,280.6
116451,4940,57100,282.1
116461,4940,56800,280.6
116471,4940,57100,282.1
116481,4940,57700,285.0
116491,4936,56200,277.4
116501,4940,57700,285.0
116511,4820,183900,886.4
116521,4940,57700,285.0
116531,4940,56100,277.1
116541,4940,57700,285.0
116551,4936,56100,276.9
116561,4940,57700,285.0
116571,4936,56000,276.4
116581,4940,57700,285.0
116591,4936,56100,276.9
116601,4940,57600,284.5
116611,4936,56800,280.4
116621,4824,129300,623.7
116631,4936,56800,280.4
116641,4936,57200,282.3
116651,4936,57500,283.8
116661,4936,56700,279.9
116671,4940,57600,284.5
116681,4936,56100,276.9
116691,4940,57700,285.0
116701,4936,56100,276.9
116711,4940,57700,285.0
116721,4936,56100,276.9
116731,4940,57700,285.0
116741,4936,56200,277.4
116751,4940,57700,285.0
116761,4936,56100,276.9
116771,4940,57700,285.0
116781,4936,56700,279.9
116791,4940,57100,282.1
116801,4940,56700,280.1
116811,4940,57100,282.1
116821,4936,56900,280.9
116831,4816,209300,1008.0
116841,4940,57700,285.0
116851,4940,56100,277.1
116861,4940,57700,285.0
116871,4940,56100,277.1
116881,4940,57700,285.0
116891,4936,56100,276.9
116901,4940,57700,285.0
116911,4936,56100,276.9
116921,4940,57700,285.0
116931,4812,140600,676.6
116941,4940,57700,285.0
116951,4936,56800,280.4
116961,4940,57200,282.6
116971,4936,56800,280.4
116981,4936,57000,281.4
116991,4940,56800,280.6
117001,4940,57100,282.1
117011,4936,57700,284.8
117021,4936,56100,276.9
117031,4940,57700,285.0
117041,4820,188600,909.1
117051,4940,57700,285.0
117061,4936,56200,277.4
117071,4940,57800,285.5
117081,4936,56100,276.9
117091,4940,57700,285.0
117101,4940,56000,276.6
117111,4940,57700,285.0
117121,4936,56400,278.4
117131,4940,57600,284.5
117141,4820,142600,687.3
117151,4940,57100,282.1
117161,4940,56800,280.6
117171,4940,57100,282.1
117181,4940,57700,285.0
117191,4940,56100,277.1
117201,4940,57700,285.0
117211,4940,56100,277.1
117221,4940,57800,285.5
117231,4940,56200,277.6
117241,4940,60400,298.4
117251,4936,56200,277.4
117261,4940,57600,284.5
117272,4936,56200,277.4
117281,4940,57700,285.0
117291,4936,56200,277.4
117301,4940,57800,285.5
117311,4936,56800,280.4
117321,4940,57100,282.1
117331,4936,56700,279.9
117341,4940,57000,281.6
117351,4808,144300,693.8
117361,4940,56100,277.1
117371,4940,57800,285.5
117381,4936,56000,276.4
117391,4940,57700,285.0
117401,4936,56100,276.9
117411,4940,57700,285.0
117421,4940,56100,277.1
117431,4940,57700,285.0
117441,4936,56100,276.9
117451,4816,142500,686.3
117461,4936,56200,277.4
117471,4940,57700,285.0
117481,4936,56800,280.4
117491,4936,57100,281.8
117501,4940,56700,280.1
117511,4940,57100,282.1
117521,4940,57600,284.5
117531,4940,56500,279.1
117541,4940,57700,285.0
117551,4936,56100,276.9
117561,4812,141900,682.8
117571,4936,56200,277.4
117581,4940,57700,285.0
117591,4936,56200,277.4
117601,4940,57600,284.5
117611,4936,56200,277.4
117621,4940,57700,285.0
117631,4936,56100,276.9
117641,4940,57700,285.0
117651,4936,56700,279.9
117661,4816,143100,689.2
117671,4936,56800,280.4
117681,4940,57100,282.1
117691,4940,56900,281.1
117701,4940,57000,281.6
117711,4940,57700,285.0
117721,4936,56100,276.9
117731,4940,57700,285.0
117741,4936,56200,277.4
117751,4940,57700,285.0
117761,4936,56100,276.9
117771,4728,139000,657.2
117781,4936,56000,276.4
117791,4940,57700,285.0
117801,4936,56100,276.9
117811,4940,57800,285.5
117821,4936,56800,280.4
117831,4940,57100,282.1
117841,4940,56800,280.6
117851,4940,57000,281.6
117861,4940,56800,280.6
117871,4940,57100,282.1
117881,4796,184500,884.9
117891,4936,56200,277.4
117901,4936,57800,285.3
117911,4936,56200,277.4
117921,4940,57700,285.0
117931,4936,56100,276.9
117941,4940,57700,285.0
117951,4940,56100,277.1
117961,4940,57700,285.0
117971,4936,56100,276.9
117981,4800,66400,318.7
117991,4936,56300,277.9
118001,4940,57700,285.0
118011,4940,56800,280.6
118021,4936,57000,281.4
118031,4936,56800,280.4
118041,4940,57100,282.1
118051,4940,57700,285.0
118061,4936,56100,276.9
118071,4940,57600,284.5
118081,4936,56100,276.9
118091,4720,135200,638.1
118101,4936,56100,276.9
118111,4940,57800,285.5
118121,4936,56100,276.9
118131,4940,57700,285.0
118141,4936,56100,276.9
118151,4940,57800,285.5
118161,4936,56100,276.9
118171,4940,57700,285.0
118181,4940,56700,280.1
118191,4816,145700,701.7
118201,4940,56800,280.6
118211,4936,57100,281.8
118221,4940,57800,285.5
118231,4940,56000,276.6
118241,4940,57700,285.0
118251,4936,56000,276.4
118261,4940,57700,285.0
118271,4936,56100,276.9
118281,4940,57800,285.5
118291,4936,56200,277.4
118301,4732,140900,666.7
118311,4936,56200,277.4
118321,4940,57700,285.0
118331,4940,56100,277.1
118341,4940,57800,285.5
118351,4936,56800,280.4
118361,4940,56900,281.1
118371,4940,56700,280.1
118381,4940,57100,282.1
118391,4940,57600,284.5
118401,4940,56500,279.1
118411,4940,57700,285.0
118421,4936,56100,276.9
118431,4940,57700,285.0
118441,4936,56100,276.9
118451,4940,57700,285.0
118461,4936,56100,276.9
118471,4940,57700,285.0
118481,4936,56100,276.9
118491,4940,57700,285.0
118501,4940,56000,276.6
118511,4940,145900,720.7
118521,4936,56800,280.4
118531,4940,57000,281.6
118541,4936,56800,280.4
118551,4936,57000,281.4
118561,4940,57000,281.6
118571,4940,57000,281.6
118581,4940,57600,284.5
118591,4936,56100,276.9
118601,4940,57700,285.0
118611,4940,56100,277.1
118621,4940,57700,285.0
118631,4936,56100,276.9
118641,4936,57700,284.8
118651,4940,56100,277.1
118661,4940,57700,285.0
118671,4936,56000,276.4
118681,4940,57700,285.0
118691,4936,56900,280.9
118701,4940,57000,281.6
118711,4940,56800,280.6
118721,4704,128800,605.9
118731,4940,56800,280.6
118741,4940,57100,282.1
118751,4940,57700,285.0
118761,4936,56000,276.4
118771,4940,57700,285.0
118781,4936,56100,276.9
118791,4940,57700,285.0
118801,4936,56100,276.9
118811,4940,57700,285.0
118821,4936,56100,276.9
118831,4940,57700,285.0
118841,4936,56200,277.4
118851,4940,57700,285.0
118861,4936,56500,278.9
118871,4940,57600,284.5
118881,4936,56700,279.9
118891,4940,57100,282.1
118902,4940,57700,285.0
118911,4936,57100,281.8
118921,4940,57800,285.5
118931,4816,143000,688.7
118941,4940,57700,285.0
118951,4936,56100,276.9
118961,4940,57700,285.0
118971,4940,56100,277.1
118981,4940,57700,285.0
118991,4936,56200,277.4
119001,4940,57700,285.0
119011,4936,56100,276.9
119021,4940,57700,285.0
119031,4936,56100,276.9
119041,4816,175700,846.2
119051,4940,56700,280.1
119061,4940,57100,282.1
119071,4936,56800,280.4
119081,4936,57000,281.4
119091,4940,57700,285.0
119101,4940,56000,276.6
119111,4940,57700,285.0
119121,4936,56100,276.9
119131,4940,57600,284.5
119141,4816,137700,663.2
119151,4940,57700,285.0
119161,4940,56200,277.6
119171,4940,57700,285.0
119181,4936,56100,276.9
119191,4940,57700,285.0
119201,4936,56100,276.9
119211,4940,57700,285.0
119221,4940,56800,280.6
119231,4936,57100,281.8
119241,4908,158300,776.9
119251,4940,57000,281.6
119261,4936,57700,284.8
119271,4940,56400,278.6
119281,4940,57600,284.5
119291,4936,56100,276.9
119301,4940,57700,285.0
119311,4936,56100,276.9
119321,4940,57600,284.5
119331,4936,56100,276.9
119341,4940,57700,285.0
119351,4816,141900,683.4
119361,4940,57800,285.5
119371,4940,56200,277.6
119381,4940,57700,285.0
119391,4936,56800,280.4
119401,4940,57000,281.6
119411,4940,56800,280.6
119421,4940,57000,281.6
119431,4936,57200,282.3
119441,4940,56900,281.1
119451,4940,57700,285.0
119461,4816,138500,667.0
119471,4940,57800,285.5
119481,4936,56200,277.4
119491,4940,57700,285.0
119501,4936,56100,276.9
119511,4940,57700,285.0
119521,4936,56100,276.9
119531,4940,57700,285.0
119541,4936,56100,276.9
119551,4940,57700,285.0
119561,4916,57500,282.7
119571,4940,57100,282.1
119581,4940,56800,280.6
119591,4940,57100,282.1
119601,4936,56700,279.9
119611,4940,57100,282.1
119621,4940,57700,285.0
119631,4936,56100,276.9
119641,4940,57700,285.0
119651,4936,56100,276.9
119661,4940,57700,285.0
119671,4936,56200,277.4
119681,4940,57600,284.5
119691,4936,56200,277.4
119701,4940,57700,285.0
119711,4936,56100,276.9
119721,4940,57700,285.0
119731,4936,56700,279.9
119741,4940,57300,283.1
119751,4936,56700,279.9
119761,4936,57100,281.8
119771,4936,56700,279.9
119781,4940,57100,282.1
119791,4940,57800,285.5
119801,4936,56100,276.9
119811,4940,57700,285.0
119821,4936,56100,276.9
119831,4940,57800,285.5
119841,4936,56100,276.9
119851,4940,57700,285.0
119861,4936,56100,276.9
119871,4940,57700,285.0
119881,4936,56100,276.9
119891,4940,57700,285.0
119901,4940,56400,278.6
119911,4940,57600,284.5
119921,4940,56800,280.6
119931,4940,57000,281.6
119941,4940,56800,280.6
119951,4940,57000,281.6
119961,4940,57700,285.0
119971,4936,56100,276.9
119981,4940,57700,285.0
119991,4936,56100,276.9
120001,4936,57700,284.8
120011,4936,56100,276.9
120021,4940,57700,285.0
120031,4936,56100,276.9
120041,4940,57700,285.0
120051,4936,56100,276.9
120061,4940,57700,285.0
120071,4812,56100,270.0
120081,4940,57700,285.0
120091,4940,56800,280.6
120101,4940,57000,281.6
120111,4936,56800,280.4
120121,4940,57100,282.1
120131,4940,57600,284.5
120141,4940,56100,277.1
120151,4940,57600,284.5
120161,4936,56100,276.9
120171,4940,57700,285.0
120181,4940,56100,277.1
120191,4940,57700,285.0
120201,4936,56100,276.9
120211,4940,57700,285.0
120221,4936,56100,276.9
120231,4940,57700,285.0
120241,4936,56100,276.9
120251,4940,57700,285.0
120261,4936,56800,280.4
120271,4940,57000,281.6
120281,4940,56700,280.1
120291,4940,57100,282.1
120301,4936,57700,284.8
120311,4940,56200,277.6
120321,4940,57700,285.0
120331,4936,56100,276.9
120341,4940,57700,285.0
120351,4940,56100,277.1
120361,4940,57700,285.0
120371,4936,56100,276.9
120381,4940,57700,285.0
120391,4936,56100,276.9
120401,4940,57700,285.0
120411,4936,56100,276.9
120421,4940,57700,285.0
120431,4940,56800,280.6
120441,4940,57100,282.1
120451,4936,56700,279.9
120461,4940,57000,281.6
120471,4940,57600,284.5
120481,4940,56400,278.6
120491,4940,57800,285.5
120501,4936,56100,276.9
120511,4940,57600,284.5
120521,4940,56100,277.1
120531,4940,57700,285.0
120542,4936,56100,276.9
120551,4940,57600,284.5
120561,4936,56100,276.9
120571,4744,146400,694.5
120581,4936,56100,276.9
120591,4940,57700,285.0
120601,4940,56700,280.1
120611,4940,57100,282.1
120621,4940,56700,280.1
120631,4940,57000,281.6
120641,4940,57200,282.6
120651,4940,56800,280.6
120661,4940,57700,285.0
120671,4936,56200,277.4
120681,4940,57700,285.0
120691,4936,56100,276.9
120701,4940,57700,285.0
120711,4940,56100,277.1
120721,4940,57700,285.0
120731,4936,56100,276.9
120741,4940,57800,285.5
120751,4936,56100,276.9
120761,4940,57700,285.0
120771,4936,56700,279.9
120781,4936,57000,281.4
120791,4940,56800,280.6
120801,4940,57000,281.6
120811,4936,56900,280.9
120821,4940,57000,281.6
120831,4940,57700,285.0
120841,4936,56200,277.4
120851,4940,57700,285.0
120861,4936,56100,276.9
120871,4940,57700,285.0
120881,4940,56100,277.1
120891,4940,57700,285.0
120901,4936,56100,276.9
120911,4940,57800,285.5
120921,4936,56100,276.9
120931,4940,57700,285.0
120941,4936,56800,280.4
120951,4940,57000,281.6
120961,4940,56800,280.6
120971,4940,57000,281.6
120981,4936,56800,280.4
120991,4940,57100,282.1
121001,4940,57600,284.5
121011,4936,56100,276.9
121021,4940,57700,285.0
121031,4936,56100,276.9
121041,4940,57700,285.0
121051,4940,56100,277.1
121061,4940,57700,285.0
121071,4940,56100,277.1
121081,4712,138200,651.2
121091,4936,56100,276.9
121101,4940,57700,285.0
121111,4936,56700,279.9
121121,4940,57400,283.6
121131,4936,56800,280.4
121141,4940,57000,281.6
121151,4940,56800,280.6
121161,4940,57100,282.1
121171,4936,57700,284.8
121181,4936,56200,277.4
121191,4940,57700,285.0
121201,4936,56100,276.9
121211,4940,57700,285.0
121221,4940,56100,277.1
121231,4940,57600,284.5
121241,4936,56200,277.4
121251,4940,57700,285.0
121261,4936,56100,276.9
121271,4940,57700,285.0
121281,4936,56400,278.4
121291,4940,57600,284.5
121301,4936,56700,279.9
121311,4940,57000,281.6
121321,4936,56700,279.9
121331,4936,57000,281.4
121341,4940,57700,285.0
121351,4936,56000,276.4
121361,4940,57700,285.0
121371,4940,56100,277.1
121381,4940,57700,285.0
121391,4936,56100,276.9
121401,4940,57700,285.0
121411,4936,56100,276.9
121421,4940,57700,285.0
121431,4936,56000,276.4
121441,4940,57700,285.0
121451,4940,56100,277.1
121461,4940,57600,284.5
121471,4936,56700,279.9
121481,4940,57000,281.6
121491,4940,56800,280.6
121501,4940,56900,281.1
121511,4940,57600,284.5
121521,4936,56000,276.4
121531,4940,57700,285.0
121541,4936,56100,276.9
121551,4940,57700,285.0
121561,4892,59700,292.1
121571,4940,57700,285.0
121581,4936,56100,276.9
121591,4940,57700,285.0
121601,4936,56000,276.4
121611,4940,57700,285.0
121621,4940,56100,277.1
121631,4940,57700,285.0
121641,4940,56800,280.6
121651,4940,57000,281.6
121661,4912,158400,778.1
121671,4940,57100,282.1
121681,4940,57700,285.0
121691,4936,56400,278.4
121701,4940,57700,285.0
121711,4936,56100,276.9
121721,4940,57700,285.0
121731,4936,56100,276.9
121741,4940,57700,285.0
121751,4940,56100,277.1
121761,4832,57800,279.3
121771,4936,56100,276.9
121781,4940,57600,284.5
121791,4936,56200,277.4
121801,4940,57700,285.0
121811,4936,56800,280.4
121821,4940,57000,281.6
121831,4936,56700,279.9
121841,4936,57100,281.8
121851,4940,57200,282.6
121861,4932,85100,419.7
121871,4940,57700,285.0
121881,4936,56200,277.4
121891,4940,57700,285.0
121901,4936,56100,276.9
121911,4940,57700,285.0
121921,4936,56100,276.9
121931,4940,57700,285.0
121941,4940,56100,277.1
121951,4940,57700,285.0
121961,4932,145000,715.1
121971,4940,57700,285.0
121981,4936,56800,280.4
121991,4940,57000,281.6
122001,4940,56700,280.1
122011,4940,57100,282.1
122021,4936,56800,280.4
122031,4940,57000,281.6
122041,4940,57700,285.0
122051,4936,56100,276.9
122061,4940,57700,285.0
122071,4816,204500,984.9
122081,4940,57700,285.0
122091,4936,56100,276.9
122101,4940,57800,285.5
122111,4940,56100,277.1
122121,4940,57700,285.0
122131,4936,56100,276.9
122141,4940,57700,285.0
122151,4936,56700,279.9
122161,4940,57300,283.1
122172,4820,203600,981.4
122181,4936,57100,281.8
122191,4936,56700,279.9
122201,4940,57100,282.1
122211,4940,57700,285.0
122221,4936,56100,276.9
122231,4940,57700,285.0
122241,4936,56200,277.4
122251,4940,57700,285.0
122261,4936,56100,276.9
122271,4844,152700,739.7
122281,4936,56100,276.9
122291,4940,57800,285.5
122301,4936,56100,276.9
122311,4940,57700,285.0
122321,4936,56200,277.4
122331,4940,57700,285.0
122341,4936,56800,280.4
122351,4940,57000,281.6
122361,4936,56800,280.4
122371,4940,57000,281.6
122381,4720,131600,621.2
122391,4940,56000,276.6
122401,4940,57700,285.0
122411,4940,56100,277.1
122421,4940,57800,285.5
122431,4940,56100,277.1
122441,4940,57700,285.0
122451,4936,56100,276.9
122461,4940,57700,285.0
122471,4936,56200,277.4
122481,4940,57800,285.5
122491,4800,186100,893.3
122501,4940,57700,285.0
122511,4940,56800,280.6
122521,4940,57000,281.6
122531,4936,56800,280.4
122541,4940,57100,282.1
122551,4940,57800,285.5
122561,4936,56200,277.4
122571,4940,57700,285.0
122581,4936,56100,276.9
122591,4820,143000,689.3
122601,4936,56200,277.4
122611,4940,57700,285.0
122621,4936,56100,276.9
122631,4940,57700,285.0
122641,4936,56100,276.9
122651,4940,57700,285.0
122661,4936,56100,276.9
122671,4940,57700,285.0
122681,4936,56800,280.4
122691,4936,57100,281.8
122701,4820,56800,273.8
122711,4940,57100,282.1
122721,4940,57300,283.1
122731,4940,56800,280.6
122741,4940,57700,285.0
122751,4936,56100,276.9
122761,4940,57700,285.0
122771,4940,56100,277.1
122781,4940,57700,285.0
122791,4936,56100,276.9
122801,4940,57700,285.0
122811,4936,56200,277.4
122821,4940,57800,285.5
122831,4936,56100,276.9
122841,4940,57700,285.0
122851,4936,56700,279.9
122861,4940,57000,281.6
122871,4936,56800,280.4
122881,4940,57100,282.1
122891,4936,56900,280.9
122901,4940,57000,281.6
122911,4716,133900,631.5
122921,4936,56100,276.9
122931,4940,57700,285.0
122941,4936,56100,276.9
122951,4940,57700,285.0
122961,4936,56100,276.9
122971,4940,57700,285.0
122981,4940,56000,276.6
122991,4940,57700,285.0
123001,4940,56100,277.1
123011,4940,57700,285.0
123021,4828,211000,1018.7
123031,4940,57300,283.1
123041,4940,56800,280.6
123051,4940,57100,282.1
123061,4940,56800,280.6
123071,4940,57100,282.1
123081,4940,57600,284.5
123091,4936,56100,276.9
123101,4940,57700,285.0
123111,4936,56200,277.4
123121,4808,144700,695.7
123131,4940,56200,277.6
123141,4940,57700,285.0
123151,4936,56100,276.9
123161,4940,57700,285.0
123171,4936,56100,276.9
123181,4940,57700,285.0
123191,4936,56300,277.9
123201,4940,57700,285.0
123211,4940,56800,280.6
123221,4936,57100,281.8
123231,4936,56800,280.4
123241,4936,57100,281.8
123251,4940,57700,285.0
123261,4936,56100,276.9
123271,4940,57700,285.0
123281,4936,56100,276.9
123291,4940,57800,285.5
123301,4936,56100,276.9
123311,4940,57700,285.0
123321,4940,56100,277.1
123331,4832,139100,672.1
123341,4936,56200,277.4
123351,4940,57700,285.0
123361,4940,56100,277.1
123371,4940,57700,285.0
123381,4940,56800,280.6
123391,4940,57000,281.6
123401,4940,56700,280.1
123411,4940,57000,281.6
123421,4940,57700,285.0
123431,4936,82100,405.2
123441,4940,57700,285.0
123451,4936,56100,276.9
123461,4940,57700,285.0
123471,4936,56100,276.9
123481,4940,57700,285.0
123491,4936,56200,277.4
123501,4940,57700,285.0
123511,4936,56100,276.9
123521,4940,57700,285.0
123531,4936,56100,276.9
123541,4724,133000,628.3
123551,4940,56700,280.1
123561,4940,57100,282.1
123571,4940,56700,280.1
123581,4940,57100,282.1
123591,4940,57400,283.6
123601,4940,56700,280.1
123611,4940,57700,285.0
123621,4936,56100,276.9
123631,4940,57700,285.0
123641,4940,56100,277.1
123651,4888,57800,282.5
123661,4936,56200,277.4
123671,4940,57700,285.0
123681,4940,56100,277.1
123691,4940,57700,285.0
123701,4936,56100,276.9
123711,4940,57700,285.0
123721,4940,56700,280.1
123731,4940,57000,281.6
123741,4936,56700,279.9
123751,4796,143300,687.3
123761,4936,56900,280.9
123771,4940,57000,281.6
123781,4940,57700,285.0
123791,4936,56100,276.9
123801,4940,57700,285.0
123812,4936,56100,276.9
123821,4940,57700,285.0
123831,4940,56100,277.1
123841,4940,57700,285.0
123851,4936,125400,619.0
123861,4940,57700,285.0
123871,4936,56100,276.9
123881,4940,57700,285.0
123891,4936,56800,280.4
123901,4940,57100,282.1
123911,4940,56800,280.6
123921,4940,57100,282.1
123931,4940,56700,280.1
123941,4936,57000,281.4
123951,4940,57700,285.0
123961,4816,209600,1009.4
123971,4940,57700,285.0
123981,4936,56100,276.9
123991,4940,57700,285.0
124001,4940,56100,277.1
124011,4940,57700,285.0
124021,4936,56100,276.9
124031,4940,57700,285.0
124041,4940,56200,277.6
124051,4940,57700,285.0
124061,4936,56400,278.4
124071,4828,139400,673.0
124081,4940,56700,280.1
124091,4936,57100,281.8
124101,4940,56800,280.6
124111,4936,57100,281.8
124121,4936,57700,284.8
124131,4936,56100,276.9
124141,4940,57700,285.0
124151,4936,56100,276.9
124161,4940,57700,285.0
124171,4936,56200,277.4
124181,4892,57700,282.3
124191,4936,56200,277.4
124201,4940,57700,285.0
124211,4936,56100,276.9
124221,4940,57700,285.0
124231,4936,56100,276.9
124241,4940,57700,285.0
124251,4940,56700,280.1
124261,4940,57000,281.6
124271,4940,56800,280.6
124281,4936,74400,367.2
124291,4940,57800,285.5
124301,4940,56200,277.6
124311,4940,57700,285.0
124321,4936,56200,277.4
124331,4940,57700,285.0
124341,4940,56200,277.6
124351,4940,57700,285.0
124361,4936,56100,276.9
124371,4940,57700,285.0
124381,4936,129200,637.7
124391,4940,57700,285.0
124401,4936,56100,276.9
124411,4940,57700,285.0
124421,4940,56800,280.6
124431,4940,57100,282.1
124441,4940,56700,280.1
124451,4940,57100,282.1
124461,4940,57500,284.1
124471,4936,56600,279.4
124481,4940,57700,285.0
124491,4700,114300,537.2
124501,4940,57800,285.5
124511,4936,56100,276.9
124521,4940,57800,285.5
124531,4936,56100,276.9
124541,4940,57700,285.0
124551,4936,56100,276.9
124561,4940,57700,285.0
124571,4936,56100,276.9
124581,4940,57700,285.0
124591,4816,141100,679.5
124601,4940,57000,281.6
124611,4936,56800,280.4
124621,4940,57100,282.1
124631,4940,56900,281.1
124641,4936,57100,281.8
124651,4940,57700,285.0
124661,4940,56000,276.6
124671,4940,57700,285.0
124681,4940,56100,277.1
124691,4940,57800,285.5
124701,4828,133700,645.5
124711,4940,57700,285.0
124721,4936,56200,277.4
124731,4940,57700,285.0
124741,4936,56100,276.9
124751,4940,57700,285.0
124761,4936,56900,280.9
124771,4940,57100,282.1
124781,4936,56800,280.4
124791,4940,57100,282.1
124801,4812,141600,681.4
124811,4936,57100,281.8
124821,4940,57700,285.0
124831,4936,56100,276.9
124841,4940,57700,285.0
124851,4940,56100,277.1
124861,4940,57700,285.0
124871,4936,56100,276.9
124881,4940,57700,285.0
124891,4936,56100,276.9
124901,4940,57700,285.0
124911,4936,56100,276.9
124921,4940,57800,285.5
124931,4936,56400,278.4
124941,4940,57700,285.0
124951,4936,56800,280.4
124961,4940,57100,282.1
124971,4940,56800,280.6
124981,4940,57100,282.1
124991,4940,57700,285.0
125001,4936,56100,276.9
125011,4852,57700,280.0
125021,4936,56100,276.9
125031,4940,57700,285.0
125041,4936,56100,276.9
125051,4940,57800,285.5
125061,4940,56100,277.1
125071,4940,57700,285.0
125081,4936,56100,276.9
125091,4940,57700,285.0
125101,4936,56100,276.9
125111,4792,142800,684.3
125121,4940,56700,280.1
125131,4940,57000,281.6
125141,4940,56700,280.1
125151,4940,57100,282.1
125161,4940,57700,285.0
125171,4936,56100,276.9
125181,4940,57700,285.0
125191,4936,56100,276.9
125201,4940,57600,284.5
125211,4936,56200,277.4
125221,4812,143400,690.0
125231,4940,56100,277.1
125241,4940,57700,285.0
125251,4936,56100,276.9
125261,4940,57600,284.5
125271,4936,56100,276.9
125281,4940,57700,285.0
125291,4936,56800,280.4
125301,4940,57000,281.6
125311,4936,56800,280.4
125321,4940,57000,281.6
125331,4828,57500,277.6
125341,4940,56600,279.6
125351,4940,57700,285.0
125361,4936,56200,277.4
125371,4940,57700,285.0
125381,4940,56000,276.6
125391,4940,57700,285.0
125401,4936,56100,276.9
125411,4940,57700,285.0
125421,4936,56100,276.9
125431,4716,137700,649.4
125442,4936,56700,279.9
125451,4940,57700,285.0
125461,4940,56700,280.1
125471,4936,57100,281.8
125481,4940,56700,280.1
125491,4940,57100,282.1
125501,4940,57000,281.6
125511,4936,56900,280.9
125521,4940,57700,285.0
125531,4936,56100,276.9
125541,4824,219500,1058.9
125551,4936,56100,276.9
125561,4940,57700,285.0
125571,4936,56200,277.4
125581,4940,57700,285.0
125591,4936,56100,276.9
125601,4940,57700,285.0
125611,4940,56200,277.6
125621,4940,57700,285.0
125631,4936,56800,280.4
125641,4940,57000,281.6
125651,4940,56700,280.1
125661,4940,57100,282.1
125671,4940,56800,280.6
125681,4940,57100,282.1
125691,4940,57800,285.5
125701,4936,56100,276.9
125711,4940,57700,285.0
125721,4940,56100,277.1
125731,4940,57600,284.5
125741,4940,56100,277.1
125751,4768,135300,645.1
125761,4936,56000,276.4
125771,4940,57700,285.0
125781,4940,56100,277.1
125791,4940,57700,285.0
125801,4936,56600,279.4
125811,4940,57500,284.1
125821,4940,56700,280.1
125831,4940,57100,282.1
125841,4940,56800,280.6
125851,4940,57000,281.6
125861,4828,215700,1041.4
125871,4936,56200,277.4
125881,4940,57700,285.0
125891,4936,56100,276.9
125901,4940,57700,285.0
125911,4936,56100,276.9
125921,4940,57700,285.0
125931,4936,56000,276.4
125941,4940,57800,285.5
125951,4936,56100,276.9
125961,4812,143100,688.6
125971,4940,56100,277.1
125981,4940,57700,285.0
125991,4936,56800,280.4
126001,4940,57000,281.6
126011,4940,56700,280.1
126021,4940,57100,282.1
126031,4940,57700,285.0
126041,4936,56100,276.9
126051,4940,57700,285.0
126061,4816,140200,675.2
126071,4940,57800,285.5
126081,4936,56100,276.9
126091,4940,57800,285.5
126101,4940,56100,277.1
126111,4940,57700,285.0
126121,4936,56100,276.9
126131,4940,57700,285.0
126141,4936,56100,276.9
126151,4940,57700,285.0
126161,4940,56800,280.6
126171,4732,136000,643.6
126181,4936,56800,280.4
126191,4940,57100,282.1
126201,4936,57600,284.3
126211,4940,56400,278.6
126221,4940,57700,285.0
126231,4936,56100,276.9
126241,4940,57700,285.0
126251,4936,56100,276.9
126261,4940,57700,285.0
126271,4812,204000,981.6
126281,4940,57700,285.0
126291,4936,56100,276.9
126301,4940,57800,285.5
126311,4936,56100,276.9
126321,4940,57700,285.0
126331,4936,56700,279.9
126341,4936,57100,281.8
126351,4940,56700,280.1
126361,4940,57100,282.1
126371,4916,155800,765.9
126381,4940,57000,281.6
126391,4940,57700,285.0
126401,4936,56100,276.9
126411,4940,57700,285.0
126421,4936,56100,276.9
126431,4940,57700,285.0
126441,4936,56100,276.9
126451,4940,57700,285.0
126461,4940,56000,276.6
126471,4940,57700,285.0
126481,4820,204700,986.7
126491,4940,57800,285.5
126501,4936,56800,280.4
126511,4940,57100,282.1
126521,4936,56800,280.4
126531,4940,57000,281.6
126541,4936,56800,280.4
126551,4940,57000,281.6
126561,4940,57700,285.0
126571,4936,56100,276.9
126581,4900,161100,789.4
126591,4936,56100,276.9
126601,4940,57700,285.0
126611,4936,56100,276.9
126621,4940,57700,285.0
126631,4936,56000,276.4
126641,4940,57700,285.0
126651,4936,56100,276.9
126661,4940,57700,285.0
126671,4936,56700,279.9
126681,4940,57400,283.6
126691,4816,141500,681.5
126701,4940,57100,282.1
126711,4936,56800,280.4
126721,4940,57100,282.1
126731,4940,57700,285.0
126741,4936,56200,277.4
126751,4940,57800,285.5
126761,4936,56100,276.9
126771,4940,57700,285.0
126781,4940,56100,277.1
126791,4940,57700,285.0
126801,4812,145500,700.1
126811,4940,57700,285.0
126821,4940,56100,277.1
126831,4940,57700,285.0
126841,4936,56100,276.9
126851,4940,57700,285.0
126861,4940,56700,280.1
126871,4940,57100,282.1
126881,4940,56700,280.1
126891,4936,57100,281.8
126901,4936,57700,284.8
126911,4812,192200,924.9
126921,4940,57700,285.0
126931,4936,56000,276.4
126941,4940,57700,285.0
126951,4936,56100,276.9
126961,4940,57700,285.0
126971,4936,56100,276.9
126981,4940,57700,285.0
126991,4936,56100,276.9
127001,4940,57700,285.0
127011,4816,141200,680.0
127021,4940,57700,285.0
127031,4940,56700,280.1
127041,4940,57100,282.1
127051,4940,56800,280.6
127061,4940,57000,281.6
127072,4940,57600,284.5
127081,4936,56200,277.4
127091,4940,57800,285.5
127101,4940,56200,277.6
127111,4940,57700,285.0
127121,4812,209400,1007.6
127131,4940,57800,285.5
127141,4936,56200,277.4
127151,4940,57700,285.0
127161,4896,58600,286.9
127171,4936,57700,284.8
127181,4936,56100,276.9
127191,4940,57700,285.0
127201,4936,56700,279.9
127211,4940,57100,282.1
127221,4940,56800,280.6
127231,4940,57000,281.6
127241,4940,57200,282.6
127251,4940,56800,280.6
127261,4940,57700,285.0
127271,4936,56200,277.4
127281,4940,57700,285.0
127291,4936,56100,276.9
127301,4940,57700,285.0
127311,4936,56100,276.9
127321,4940,57700,285.0
127331,4936,56100,276.9
127341,4940,57700,285.0
127351,4936,56100,276.9
127361,4940,57700,285.0
127371,4936,56800,280.4
127381,4940,57000,281.6
127391,4940,56800,280.6
127401,4940,57100,282.1
127411,4936,56900,280.9
127421,4940,57000,281.6
127431,4940,57700,285.0
127441,4936,56100,276.9
127451,4940,57600,284.5
127461,4940,56200,277.6
127471,4940,57700,285.0
127481,4940,56100,277.1
127491,4940,57700,285.0
127501,4936,56100,276.9
127511,4940,57700,285.0
127521,4936,56100,276.9
127531,4940,57700,285.0
127541,4936,56800,280.4
127551,4940,56900,281.1
127561,4936,56700,279.9
127571,4940,57100,282.1
127581,4936,56800,280.4
127591,4940,57100,282.1
127601,4940,57700,285.0
127611,4936,56100,276.9
127621,4940,57700,285.0
127631,4940,56100,277.1
127641,4940,57700,285.0
127651,4940,56100,277.1
127661,4940,57700,285.0
127671,4824,176400,851.0
127681,4940,57800,285.5
127691,4936,56200,277.4
127701,4940,57700,285.0
127711,4936,56700,279.9
127721,4940,57300,283.1
127731,4940,56700,280.1
127741,4940,57100,282.1
127751,4940,56800,280.6
127761,4940,57000,281.6
127771,4940,57600,284.5
127781,4936,56200,277.4
127791,4940,57700,285.0
127801,4936,56100,276.9
127811,4940,57600,284.5
127821,4936,56100,276.9
127831,4940,57600,284.5
127841,4936,56100,276.9
127851,4940,57700,285.0
127861,4936,56100,276.9
127871,4940,57700,285.0
127881,4936,56300,277.9
127891,4940,57700,285.0
127901,4940,56800,280.6
127911,4940,57000,281.6
127921,4940,56800,280.6
127931,4940,57100,282.1
127941,4940,57700,285.0
127951,4936,56100,276.9
127961,4940,57700,285.0
127971,4936,56000,276.4
127981,4940,57600,284.5
127991,4936,56100,276.9
128001,4940,57700,285.0
128011,4936,56000,276.4
128021,4940,57700,285.0
128031,4940,56100,277.1
128041,4940,57700,285.0
128051,4940,56200,277.6
128061,4940,57800,285.5
128071,4940,56700,280.1
128081,4940,57000,281.6
128091,4940,56800,280.6
128101,4940,57000,281.6
128111,4940,57700,285.0
128121,4936,56100,276.9
128131,4940,57700,285.0
128141,4936,56100,276.9
128151,4940,57600,284.5
128161,4936,56100,276.9
128171,4720,143800,678.7
128181,4936,56100,276.9
128191,4940,57700,285.0
128201,4936,56000,276.4
128211,4940,57700,285.0
128221,4936,56100,276.9
128231,4940,57600,284.5
128241,4936,56800,280.4
128251,4940,57000,281.6
128261,4940,56800,280.6
128271,4940,57100,282.1
128281,4936,57800,285.3
128291,4940,56200,277.6
128301,4940,57700,285.0
128311,4936,56100,276.9
128321,4940,57700,285.0
128331,4936,56100,276.9
128341,4940,57600,284.5
128351,4936,56100,276.9
128361,4940,57700,285.0
128371,4936,56000,276.4
128381,4940,57700,285.0
128391,4936,56100,276.9
128401,4940,57700,285.0
128411,4940,56800,280.6
128421,4940,57100,282.1
128431,4940,56700,280.1
128441,4940,57000,281.6
128451,4940,57600,284.5
128461,4940,56400,278.6
128471,4940,57800,285.5
128481,4936,56100,276.9
128491,4940,57700,285.0
128501,4936,56100,276.9
128511,4940,57700,285.0
128521,4940,56100,277.1
128531,4940,57700,285.0
128541,4936,56100,276.9
128551,4940,57700,285.0
128561,4936,56000,276.4
128571,4940,57800,285.5
128581,4940,56700,280.1
128591,4940,57100,282.1
128601,4940,56800,280.6
128611,4940,57100,282.1
128621,4940,57300,283.1
128631,4940,56700,280.1
128641,4940,57700,285.0
128651,4936,56100,276.9
128661,4940,57700,285.0
128671,4804,141800,681.2
128681,4940,57600,284.5
128691,4936,56100,276.9
128701,4940,57600,284.5
128712,4936,56100,276.9
128721,4940,57700,285.0
128731,4936,56100,276.9
128741,4940,57800,285.5
128751,4940,56700,280.1
128761,4936,57000,281.4
128771,4936,56700,279.9
128781,4936,57000,281.4
128791,4940,56800,280.6
128801,4940,57100,282.1
128811,4940,57600,284.5
128821,4936,56000,276.4
128831,4940,57700,285.0
128841,4936,56200,277.4
128851,4940,57700,285.0
128861,4936,56100,276.9
128871,4940,57800,285.5
128881,4940,56000,276.6
128891,4940,57700,285.0
128901,4936,56000,276.4
128911,4940,57600,284.5
128921,4936,56800,280.4
128931,4940,56900,281.1
128941,4940,56700,280.1
128951,4940,57000,281.6
128961,4936,56700,279.9
128971,4940,57100,282.1
128981,4940,57700,285.0
128991,4936,56100,276.9
129001,4940,57700,285.0
129011,4936,56000,276.4
129021,4940,57700,285.0
129031,4936,56000,276.4
129041,4940,57800,285.5
129051,4940,56100,277.1
129061,4940,57700,285.0
129071,4936,56100,276.9
129081,4940,57700,285.0
129091,4936,56700,279.9
129101,4940,57200,282.6
129111,4936,56800,280.4
129121,4940,57000,281.6
129131,4936,56700,279.9
129141,4940,57100,282.1
129151,4940,57700,285.0
129161,4936,56000,276.4
129171,4940,57700,285.0
129181,4816,208800,1005.6
129191,4940,57700,285.0
129201,4940,56100,277.1
129211,4940,57700,285.0
129221,4936,56100,276.9
129231,4940,57700,285.0
129241,4940,56200,277.6
129251,4940,57700,285.0
129261,4936,56300,277.9
129271,4940,57700,285.0
129281,4940,56700,280.1
129291,4940,57100,282.1
129301,4940,56800,280.6
129311,4940,57000,281.6
129321,4936,57700,284.8
129331,4936,56000,276.4
129341,4940,57700,285.0
129351,4936,56100,276.9
129361,4940,57700,285.0
129371,4936,56100,276.9
129381,4940,57600,284.5
129391,4940,56100,277.1
129401,4940,57700,285.0
129411,4936,56100,276.9
129421,4940,57700,285.0
129431,4936,56000,276.4
129441,4940,57700,285.0
129451,4940,56800,280.6
129461,4940,57100,282.1
129471,4940,56800,280.6
129481,4940,57000,281.6
129491,4940,57700,285.0
129501,4940,56000,276.6
129511,4940,57700,285.0
129521,4936,56100,276.9
129531,4940,57600,284.5
129541,4936,56200,277.4
129551,4940,57600,284.5
129561,4936,56000,276.4
129571,4940,57700,285.0
129581,4936,56000,276.4
129591,4940,57700,285.0
129601,4936,56100,276.9
129611,4940,57600,284.5
129621,4936,56800,280.4
129631,4940,56900,281.1
129641,4940,56800,280.6
129651,4940,57000,281.6
129661,4940,57800,285.5
129671,4940,56100,277.1
129681,4816,144900,697.8
129691,4936,56100,276.9
129701,4940,57700,285.0
129711,4936,56100,276.9
129721,4940,57800,285.5
129731,4936,56100,276.9
129741,4940,57700,285.0
129751,4940,56200,277.6
129761,4940,57800,285.5
129771,4940,56100,277.1
129781,4940,57600,284.5
129791,4936,56800,280.4
129801,4940,57000,281.6
129811,4936,56700,279.9
129821,4940,57000,281.6
129831,4940,57600,284.5
129841,4940,56500,279.1
129851,4940,57600,284.5
129861,4936,56100,276.9
129871,4940,57700,285.0
129881,4936,56100,276.9
129891,4940,57700,285.0
129901,4936,56000,276.4
129911,4940,57700,285.0
129921,4936,56200,277.4
129931,4940,57700,285.0
129941,4936,56000,276.4
129951,4940,57600,284.5
129961,4936,56700,279.9
129971,4940,57100,282.1
129981,4940,56700,280.1
129991,4940,57000,281.6
130001,4936,57100,281.8
130011,4940,56800,280.6
130021,4940,57700,285.0
130031,4936,56200,277.4
130041,4940,57700,285.0
130051,4936,56100,276.9
130061,4940,57600,284.5
130071,4936,56100,276.9
130081,4940,57600,284.5
130091,4936,56100,276.9
130101,4940,57700,285.0
130111,4936,56100,276.9
130121,4940,57700,285.0
130131,4936,56700,279.9
130141,4940,57000,281.6
130151,4940,56700,280.1
130161,4940,57000,281.6
130171,4936,56800,280.4
130181,4936,57000,281.4
130191,4824,137100,661.4
130201,4936,56100,276.9
130211,4940,57700,285.0
130221,4936,56100,276.9
130231,4940,57700,285.0
130241,4936,56100,276.9
130251,4936,57700,284.8
130261,4936,56100,276.9
130271,4940,57700,285.0
130281,4936,56100,276.9
130291,4940,57700,285.0
130301,4936,56800,280.4
130311,4940,57000,281.6
130321,4940,56800,280.6
130331,4940,57000,281.6
130341,4940,56800,280.6
130352,4936,56200,277.4
130361,4940,57700,285.0
130371,4936,56100,276.9
130381,4940,57600,284.5
130391,4936,56100,276.9
130401,4940,57600,284.5
130411,4936,56100,276.9
130421,4940,57700,285.0
130431,4936,56000,276.4
130441,4940,57600,284.5
130451,4936,56100,276.9
130461,4940,57700,285.0
130471,4936,56700,279.9
130481,4940,57400,283.6
130491,4936,56800,280.4
130501,4940,57000,281.6
130511,4936,56700,279.9
130521,4940,57000,281.6
130531,4940,57700,285.0
130541,4936,56100,276.9
130551,4940,57700,285.0
130561,4936,56100,276.9
130571,4940,57700,285.0
130581,4936,56000,276.4
130591,4940,57700,285.0
130601,4940,56100,277.1
130611,4940,57600,284.5
130621,4936,56000,276.4
130631,4940,57700,285.0
130641,4936,56300,277.9
130651,4940,57600,284.5
130661,4940,56800,280.6
130671,4936,57100,281.8
130681,4940,56700,280.1
130691,4940,57000,281.6
130701,4824,192700,929.6
130711,4940,56100,277.1
130721,4940,57700,285.0
130731,4936,56100,276.9
130741,4940,57700,285.0
130751,4936,56200,277.4
130761,4940,57700,285.0
130771,4936,56100,276.9
130781,4940,57700,285.0
130791,4940,56100,277.1
130801,4940,57600,284.5
130811,4936,56100,276.9
130821,4940,57700,285.0
130831,4936,56700,279.9
130841,4940,57100,282.1
130851,4940,56700,280.1
130861,4940,57000,281.6
130871,4936,57700,284.8
130881,4936,56000,276.4
130891,4940,57700,285.0
130901,4936,56100,276.9
130911,4940,57700,285.0
130921,4936,56100,276.9
130931,4940,57700,285.0
130941,4936,56100,276.9
130951,4940,57700,285.0
130961,4936,56100,276.9
130971,4940,57700,285.0
130981,4936,56100,276.9
130991,4940,57700,285.0
131001,4940,56800,280.6
131011,4940,57000,281.6
131021,4936,56700,279.9
131031,4940,57000,281.6
131041,4940,57700,285.0
131051,4940,56200,277.6
131061,4940,57700,285.0
131071,4936,56100,276.9
131081,4940,57700,285.0
131091,4936,56100,276.9
131101,4940,57600,284.5
131111,4936,56100,276.9
131121,4940,57600,284.5
131131,4940,56100,277.1
131141,4940,57700,285.0
131151,4936,56100,276.9
131161,4940,57700,285.0
131171,4936,56700,279.9
131181,4940,57100,282.1
131191,4940,56800,280.6
131201,4940,57000,281.6
131211,4816,57400,276.4
131221,4940,56700,280.1
131231,4940,57700,285.0
131241,4936,56100,276.9
131251,4940,57700,285.0
131261,4936,56100,276.9
131271,4940,57700,285.0
131281,4940,56100,277.1
131291,4940,57700,285.0
131301,4940,56100,277.1
131311,4940,57700,285.0
131321,4936,56100,276.9
131331,4940,57600,284.5
131341,4936,56800,280.4
131351,4940,57000,281.6
131361,4940,56800,280.6
131371,4940,57100,282.1
131381,4940,57000,281.6
131391,4940,57000,281.6
131401,4940,57600,284.5
131411,4940,56000,276.6
131421,4940,57700,285.0
131431,4936,56100,276.9
131441,4940,57600,284.5
131451,4940,56000,276.6
131461,4940,57700,285.0
131471,4936,56100,276.9
131481,4940,57700,285.0
131491,4940,56100,277.1
131501,4940,57700,285.0
131511,4936,56700,279.9
131521,4940,57000,281.6
131531,4940,56700,280.1
131541,4936,57100,281.8
131551,4936,56700,279.9
131561,4940,57000,281.6
131571,4940,57700,285.0
131581,4936,56100,276.9
131591,4940,57700,285.0
131601,4936,56100,276.9
131611,4940,57700,285.0
131621,4940,56100,277.1
131631,4940,57700,285.0
131641,4940,56100,277.1
131651,4940,57700,285.0
131661,4936,56100,276.9
131671,4940,57700,285.0
131681,4940,56800,280.6
131691,4940,57100,282.1
131701,4936,56800,280.4
131711,4816,144500,695.9
131721,4940,56700,280.1
131731,4936,57000,281.4
131741,4940,57700,285.0
131751,4940,56100,277.1
131761,4940,57700,285.0
131771,4936,56200,277.4
131781,4940,57700,285.0
131791,4936,56100,276.9
131801,4940,57600,284.5
131811,4936,56000,276.4
131821,4940,57800,285.5
131831,4936,56100,276.9
131841,4940,57700,285.0
131851,4936,56400,278.4
131861,4940,57600,284.5
131871,4940,56700,280.1
131881,4940,57000,281.6
131891,4940,56700,280.1
131901,4936,57000,281.4
131911,4940,57700,285.0
131921,4936,56100,276.9
131931,4940,57700,285.0
131941,4936,56200,277.4
131951,4940,57600,284.5
131961,4936,56000,276.4
131971,4940,57700,285.0
131982,4936,56000,276.4
131991,4940,57600,284.5
132001,4936,56000,276.4
132011,4936,57600,284.3
132021,4936,56200,277.4
132031,4940,57700,285.0
132041,4936,56700,279.9
132051,4940,57000,281.6
132061,4940,56700,280.1
132071,4940,57100,282.1
132081,4936,57600,284.3
132091,4940,56100,277.1
132101,4940,57700,285.0
132111,4936,56000,276.4
132121,4940,57700,285.0
132131,4936,56100,276.9
132141,4940,57700,285.0
132151,4936,56100,276.9
132161,4940,57700,285.0
132171,4936,56100,276.9
132181,4940,57700,285.0
132191,4936,56100,276.9
132201,4940,57700,285.0
132211,4820,136300,657.0
132221,4940,57000,281.6
132231,4940,56700,280.1
132241,4936,57000,281.4
132251,4940,57700,285.0
132261,4936,56100,276.9
132271,4940,57700,285.0
132281,4936,56100,276.9
132291,4940,57700,285.0
132301,4936,56100,276.9
132311,4940,57700,285.0
132321,4936,56100,276.9
132331,4940,57700,285.0
132341,4936,56000,276.4
132351,4940,57800,285.5
132361,4940,56100,277.1
132371,4940,57700,285.0
132381,4940,56800,280.6
132391,4940,57000,281.6
132401,4936,56700,279.9
132411,4940,57100,282.1
132421,4940,57600,284.5
132431,4940,56300,278.1
132441,4940,57700,285.0
132451,4940,56100,277.1
132461,4940,57700,285.0
132471,4936,56100,276.9
132481,4940,57700,285.0
132491,4940,56000,276.6
132501,4940,57600,284.5
132511,4936,56100,276.9
132521,4940,57700,285.0
132531,4936,56100,276.9
132541,4940,57600,284.5
132551,4936,56700,279.9
132561,4940,57000,281.6
132571,4936,56800,280.4
132581,4940,57000,281.6
132591,4940,57300,283.1
132601,4940,56700,280.1
132611,4940,57600,284.5
132621,4936,56100,276.9
132631,4940,57700,285.0
132641,4940,56100,277.1
132651,4940,57700,285.0
132661,4940,56100,277.1
132671,4940,57700,285.0
132681,4940,56100,277.1
132691,4940,57700,285.0
132701,4936,56100,276.9
132711,4940,57700,285.0
132721,4820,214400,1033.4
132731,4940,57000,281.6
132741,4940,56800,280.6
132751,4940,57000,281.6
132761,4940,56800,280.6
132771,4940,57000,281.6
132781,4940,57700,285.0
132791,4936,56100,276.9
132801,4940,57700,285.0
132811,4936,56100,276.9
132821,4940,57600,284.5
132831,4936,56100,276.9
132841,4940,57700,285.0
132851,4940,56100,277.1
132861,4940,57600,284.5
132871,4936,56000,276.4
132881,4940,57700,285.0
132891,4936,56900,280.9
132901,4940,57000,281.6
132911,4936,56700,279.9
132921,4940,57000,281.6
132931,4940,56700,280.1
132941,4940,57000,281.6
132951,4936,57700,284.8
132961,4940,56100,277.1
132971,4940,57700,285.0
132981,4936,56100,276.9
132991,4940,57700,285.0
133001,4936,56100,276.9
133011,4940,57700,285.0
133021,4936,56100,276.9
133031,4940,57600,284.5
133041,4936,56000,276.4
133051,4940,57700,285.0
133061,4936,56700,279.9
133071,4940,57300,283.1
133081,4940,56700,280.1
133091,4936,57000,281.4
133101,4936,56700,279.9
133111,4940,57000,281.6
133121,4940,57700,285.0
133131,4940,56100,277.1
133141,4940,57600,284.5
133151,4936,56100,276.9
133161,4940,57600,284.5
133171,4940,56100,277.1
133181,4940,57700,285.0
133191,4936,56100,276.9
133201,4940,57700,285.0
133211,4936,56000,276.4
133221,4940,57600,284.5
133231,4936,56200,277.4
133241,4940,57700,285.0
133251,4936,56700,279.9
133261,4940,57000,281.6
133271,4940,56700,280.1
133281,4940,57000,281.6
133291,4936,57600,284.3
133301,4936,56000,276.4
133311,4940,57700,285.0
133321,4936,56100,276.9
133331,4940,57600,284.5
133341,4936,56100,276.9
133351,4940,57700,285.0
133361,4936,56100,276.9
133371,4940,57700,285.0
133381,4936,56100,276.9
133391,4940,57700,285.0
133401,4936,56100,276.9
133411,4940,57600,284.5
133421,4940,56700,280.1
133431,4940,57000,281.6
133441,4936,56700,279.9
133451,4940,57000,281.6
133461,4936,57700,284.8
133471,4936,56000,276.4
133481,4940,57700,285.0
133491,4936,56100,276.9
133501,4940,57600,284.5
133511,4936,56000,276.4
133521,4940,57700,285.0
133531,4936,56100,276.9
133541,4940,57700,285.0
133551,4940,56100,277.1
133561,4940,57700,285.0
133571,4936,56100,276.9
133581,4940,57600,284.5
133591,4936,56800,280.4
133601,4940,57000,281.6
133611,4940,56700,280.1
133622,4940,56400,278.6
133631,4940,57700,285.0
133641,4940,56200,277.6
133651,4940,57600,284.5
133661,4848,68300,331.1
133671,4940,57700,285.0
133681,4940,56200,277.6
133691,4940,57700,285.0
133701,4936,56100,276.9
133711,4940,57700,285.0
133721,4936,56100,276.9
133731,4940,57700,285.0
133741,4936,56200,277.4
133751,4936,57700,284.8
133761,4936,56700,279.9
133771,4816,138300,666.1
133781,4940,56700,280.1
133791,4940,57100,282.1
133801,4936,57100,281.8
133811,4940,56900,281.1
133821,4940,57700,285.0
133831,4936,56100,276.9
133841,4940,57700,285.0
133851,4936,56100,276.9
133861,4940,57700,285.0
133871,4816,209300,1008.0
133881,4940,57700,285.0
133891,4936,56100,276.9
133901,4940,57700,285.0
133911,4940,56100,277.1
133921,4940,57600,284.5
133931,4936,56700,279.9
133941,4940,56900,281.1
133951,4936,56700,279.9
133961,4940,57000,281.6
133971,4936,56800,280.4
133981,4832,134700,650.9
133991,4940,57800,285.5
134001,4936,56100,276.9
134011,4940,57600,284.5
134021,4936,56100,276.9
134031,4940,57700,285.0
134041,4936,56100,276.9
134051,4940,57700,285.0
134061,4936,56000,276.4
134071,4940,57700,285.0
134081,4936,56100,276.9
134091,4940,57700,285.0
134101,4936,56600,279.4
134111,4940,57400,283.6
134121,4936,56800,280.4
134131,4936,57100,281.8
134141,4940,56800,280.6
134151,4940,57100,282.1
134161,4940,57700,285.0
134171,4936,56200,277.4
134181,4940,57600,284.5
134191,4796,137300,658.5
134201,4940,57700,285.0
134211,4936,56100,276.9
134221,4940,57700,285.0
134231,4936,56100,276.9
134241,4940,57700,285.0
134251,4940,56000,276.6
134261,4940,57700,285.0
134271,4940,56200,277.6
134281,4940,57700,285.0
134291,4936,56700,279.9
134301,4708,135000,635.6
134311,4940,56800,280.6
134321,4936,57000,281.4
134331,4936,57700,284.8
134341,4936,56000,276.4
134351,4940,57600,284.5
134361,4936,56100,276.9
134371,4940,57700,285.0
134381,4936,56100,276.9
134391,4940,57700,285.0
134401,4808,141300,679.4
134411,4940,57700,285.0
134421,4936,56100,276.9
134431,4940,57700,285.0
134441,4936,56100,276.9
134451,4940,57700,285.0
134461,4940,56800,280.6
134471,4940,57000,281.6
134481,4940,56700,280.1
134491,4940,57000,281.6
134501,4936,57700,284.8
134511,4824,169700,818.6
134521,4940,57700,285.0
134531,4936,56100,276.9
134541,4940,57700,285.0
134551,4936,56100,276.9
134561,4940,57600,284.5
134571,4936,56100,276.9
134581,4940,57700,285.0
134591,4936,56100,276.9
134601,4940,57700,285.0
134611,4816,205800,991.1
134621,4940,57700,285.0
134631,4936,56700,279.9
134641,4940,57100,282.1
134651,4940,56800,280.6
134661,4936,57000,281.4
134671,4940,57100,282.1
134681,4940,57000,281.6
134691,4940,57700,285.0
134701,4936,56100,276.9
134711,4940,57700,285.0
134721,4824,127700,616.0
134731,4940,57700,285.0
134741,4936,56200,277.4
134751,4940,57700,285.0
134761,4936,56200,277.4
134771,4940,57700,285.0
134781,4936,56100,276.9
134791,4940,57700,285.0
134801,4936,56800,280.4
134811,4940,56900,281.1
134821,4816,142000,683.9
134831,4940,57000,281.6
134841,4940,56700,280.1
134851,4940,57000,281.6
134861,4940,57700,285.0
134871,4936,56100,276.9
134881,4940,57700,285.0
134891,4936,56100,276.9
134901,4940,57700,285.0
134911,4940,56000,276.6
134921,4940,57700,285.0
134931,4812,145200,698.7
134941,4940,57800,285.5
134951,4936,56100,276.9
134961,4940,57700,285.0
134971,4936,56400,278.4
134981,4940,57600,284.5
134991,4936,56800,280.4
135001,4940,57000,281.6
135011,4940,56700,280.1
135021,4940,57000,281.6
135031,4812,142800,687.2
135041,4936,56100,276.9
135051,4940,57700,285.0
135061,4936,56000,276.4
135071,4940,57700,285.0
135081,4936,56100,276.9
135091,4940,57600,284.5
135101,4936,56100,276.9
135111,4940,57700,285.0
135121,4936,56100,276.9
135131,4940,57700,285.0
135141,4820,192000,925.4
135151,4940,57700,285.0
135161,4940,56700,280.1
135171,4940,57100,282.1
135181,4940,56800,280.6
135191,4940,57100,282.1
135201,4940,57800,285.5
135211,4940,56100,277.1
135221,4940,57700,285.0
135231,4936,56000,276.4
135241,4940,60600,299.4
135252,4940,56100,277.1
135261,4940,57800,285.5
135271,4936,56100,276.9
135281,4940,57700,285.0
135291,4936,56100,276.9
135301,4940,57700,285.0
135311,4940,56100,277.1
135321,4940,57700,285.0
135331,4936,56800,280.4
135341,4940,57100,282.1
135351,4816,196700,947.3
135361,4940,57000,281.6
135371,4936,57400,283.3
135381,4940,56600,279.6
135391,4940,57700,285.0
135401,4936,56100,276.9
135411,4936,57600,284.3
135421,4936,56100,276.9
135431,4940,57600,284.5
135441,4940,56100,277.1
135451,4940,57700,285.0
135461,4820,164300,791.9
135471,4940,57700,285.0
135481,4936,56100,276.9
135491,4940,57700,285.0
135501,4936,56800,280.4
135511,4940,57100,282.1
135521,4940,56700,280.1
135531,4940,57000,281.6
135541,4936,56900,280.9
135551,4940,57000,281.6
135561,4940,57600,284.5
135571,4768,133700,637.5
135581,4940,57700,285.0
135591,4936,56200,277.4
135601,4940,57700,285.0
135611,4936,56100,276.9
135621,4940,57700,285.0
135631,4940,56100,277.1
135641,4940,57700,285.0
135651,4936,56100,276.9
135661,4940,57700,285.0
135671,4936,56800,280.4
135681,4716,134700,635.2
135691,4940,56800,280.6
135701,4940,57100,282.1
135711,4940,56700,280.1
135721,4940,57100,282.1
135731,4940,57700,285.0
135741,4940,56000,276.6
135751,4940,57700,285.0
135761,4936,56000,276.4
135771,4940,57800,285.5
135781,4800,141800,680.6
135791,4940,57800,285.5
135801,4936,56100,276.9
135811,4940,57700,285.0
135821,4940,56100,277.1
135831,4940,57700,285.0
135841,4936,56300,277.9
135851,4940,57700,285.0
135861,4940,56800,280.6
135871,4940,57100,282.1
135881,4936,56700,279.9
135891,4724,136900,646.7
135901,4936,57700,284.8
135911,4936,56100,276.9
135921,4940,57600,284.5
135931,4936,56100,276.9
135941,4940,57700,285.0
135951,4936,56100,276.9
135961,4936,57700,284.8
135971,4940,56100,277.1
135981,4940,57700,285.0
135991,4936,56100,276.9
136001,4940,57700,285.0
136011,4936,56100,276.9
136021,4940,57700,285.0
136031,4940,56800,280.6
136041,4940,57000,281.6
136051,4936,56700,279.9
136061,4940,57100,282.1
136071,4936,57700,284.8
136081,4940,56100,277.1
136091,4940,57700,285.0
136101,4796,141400,678.2
136111,4940,57700,285.0
136121,4936,56100,276.9
136131,4940,57800,285.5
136141,4936,56100,276.9
136151,4940,57700,285.0
136161,4940,56100,277.1
136171,4940,57700,285.0
136181,4936,56100,276.9
136191,4940,57700,285.0
136201,4940,56700,280.1
136211,4796,142400,683.0
136221,4936,56800,280.4
136231,4936,57000,281.4
136241,4940,57300,283.1
136251,4940,56900,281.1
136261,4940,57700,285.0
136271,4936,56100,276.9
136281,4940,57700,285.0
136291,4936,56100,276.9
136301,4940,57700,285.0
136311,4936,56100,276.9
136321,4940,57700,285.0
136331,4936,56100,276.9
136341,4940,57800,285.5
136351,4936,56100,276.9
136361,4940,57700,285.0
136371,4936,56800,280.4
136381,4940,56900,281.1
136391,4936,56800,280.4
136401,4940,57000,281.6
136411,4936,56800,280.4
136421,4704,147000,691.5
136431,4940,57700,285.0
136441,4936,56100,276.9
136451,4940,57700,285.0
136461,4940,56000,276.6
136471,4940,57800,285.5
136481,4940,56100,277.1
136491,4940,57700,285.0
136501,4936,56100,276.9
136511,4940,57700,285.0
136521,4940,56100,277.1
136531,4940,57700,285.0
136541,4936,56700,279.9
136551,4940,57400,283.6
136561,4940,56800,280.6
136571,4940,57000,281.6
136581,4940,56700,280.1
136591,4940,57000,281.6
136601,4940,57700,285.0
136611,4936,56100,276.9
136621,4940,57700,285.0
136631,4824,139000,670.5
136641,4940,57800,285.5
136651,4940,56000,276.6
136661,4940,57700,285.0
136671,4936,56100,276.9
136681,4940,57700,285.0
136691,4936,56100,276.9
136701,4940,57700,285.0
136711,4936,56200,277.4
136721,4940,57700,285.0
136731,4936,56800,280.4
136741,4804,138100,663.4
136751,4940,56800,280.6
136761,4940,57100,282.1
136771,4940,57800,285.5
136781,4936,56000,276.4
136791,4940,57800,285.5
136801,4940,56200,277.6
136811,4940,57700,285.0
136821,4936,56100,276.9
136831,4940,57700,285.0
136841,4936,56200,277.4
136851,4804,137500,660.5
136861,4936,56100,276.9
136871,4940,57700,285.0
136881,4936,56100,276.9
136895,4936,56100,276.9
136901,4936,56800,280.4
136911,4936,57000,281.4
136921,4940,56700,280.1
136931,4936,57000,281.4
136941,4940,57800,285.5
136951,4816,146500,705.5
136961,4940,57700,285.0
136971,4936,56100,276.9
136981,4940,57600,284.5
136991,4936,56100,276.9
137001,4940,57700,285.0
137011,4936,56100,276.9
137021,4940,57700,285.0
137031,4940,56100,277.1
137041,4940,57700,285.0
137051,4936,56100,276.9
137061,4768,135200,644.6
137071,4936,56800,280.4
137081,4940,57000,281.6
137091,4940,56800,280.6
137101,4936,57000,281.4
137111,4936,57000,281.4
137121,4936,57000,281.4
137131,4940,57600,284.5
137141,4936,56100,276.9
137151,4940,57700,285.0
137161,4940,56100,277.1
137171,4940,57700,285.0
137181,4936,56100,276.9
137191,4940,57800,285.5
137201,4936,56100,276.9
137211,4940,57700,285.0
137221,4936,56100,276.9
137231,4940,57700,285.0
137241,4936,56900,280.9
137251,4940,57000,281.6
137261,4936,56800,280.4
137271,4728,157200,743.2
137281,4936,56800,280.4
137291,4940,57000,281.6
137301,4940,57700,285.0
137311,4936,56100,276.9
137321,4940,57700,285.0
137331,4936,56100,276.9
137341,4940,57700,285.0
137351,4936,56100,276.9
137361,4940,57700,285.0
137371,4816,144500,695.9
137381,4940,57700,285.0
137391,4936,56100,276.9
137401,4940,57700,285.0
137411,4936,56400,278.4
137421,4940,57600,284.5
137431,4940,56700,280.1
137441,4940,57000,281.6
137451,4940,56700,280.1
137461,4940,57100,282.1
137471,4936,57700,284.8
137481,4812,145800,701.6
137491,4940,57700,285.0
137501,4936,56200,277.4
137511,4940,57600,284.5
137521,4936,56100,276.9
137531,4940,57700,285.0
137541,4936,56100,276.9
137551,4940,57700,285.0
137561,4936,56100,276.9
137571,4940,57700,285.0
137581,4936,56100,276.9
137591,4772,182300,869.9
137601,4940,56800,280.6
137611,4940,57100,282.1
137621,4936,56800,280.4
137631,4936,57000,281.4
137641,4940,57700,285.0
137651,4936,56200,277.4
137661,4940,57600,284.5
137671,4936,56100,276.9
137681,4940,57700,285.0
137691,4824,129700,625.7
137701,4940,57700,285.0
137711,4936,56100,276.9
137721,4940,57800,285.5
137731,4940,56100,277.1
137741,4940,57700,285.0
137751,4936,56100,276.9
137761,4940,57700,285.0
137771,4940,56800,280.6
137781,4940,57000,281.6
137791,4824,210700,1016.4
137801,4940,57000,281.6
137811,4936,57400,283.3
137821,4940,56700,280.1
137831,4940,57600,284.5
137841,4940,56100,277.1
137851,4940,57700,285.0
137861,4936,56100,276.9
137871,4936,57700,284.8
137881,4936,56100,276.9
137891,4812,142900,687.6
137901,4936,56200,277.4
137911,4940,57800,285.5
137921,4936,56200,277.4
137931,4940,57700,285.0
137941,4936,56700,279.9
137951,4940,57000,281.6
137961,4940,56800,280.6
137971,4940,57000,281.6
137981,4940,56800,280.6
137991,4940,57100,282.1
138001,4792,181400,869.3
138011,4936,56100,276.9
138021,4940,57700,285.0
138031,4936,56100,276.9
138041,4940,57700,285.0
138051,4936,56100,276.9
138061,4940,57700,285.0
138071,4936,56200,277.4
138081,4940,57600,284.5
138091,4936,56100,276.9
138101,4940,57800,285.5
138111,4752,88100,418.7
138121,4940,57400,283.6
138131,4936,56700,279.9
138141,4940,56900,281.1
138151,4940,56800,280.6
138161,4940,57000,281.6
138171,4940,57700,285.0
138181,4936,56100,276.9
138191,4936,57700,284.8
138201,4936,56100,276.9
138211,4940,60500,298.9
138221,4936,56100,276.9
138231,4940,57700,285.0
138241,4936,56200,277.4
138251,4940,57700,285.0
138261,4936,56100,276.9
138271,4940,57700,285.0
138281,4936,56100,276.9
138291,4940,57700,285.0
138301,4940,56800,280.6
138311,4940,57100,282.1
138321,4940,136100,672.3
138331,4940,57000,281.6
138341,4936,57700,284.8
138351,4940,56100,277.1
138361,4940,57600,284.5
138371,4936,56100,276.9
138381,4940,57700,285.0
138391,4936,56100,276.9
138401,4940,57700,285.0
138411,4936,56100,276.9
138421,4940,57700,285.0
138431,4812,146200,703.5
138441,4940,57700,285.0
138451,4940,56100,277.1
138461,4940,57700,285.0
138471,4936,56700,279.9
138481,4940,57100,282.1
138491,4936,56700,279.9
138501,4940,57100,282.1
138511,4940,57700,285.0
138522,4940,56100,277.1
138531,4928,151600,747.1
138541,4936,56100,276.9
138551,4940,57700,285.0
138561,4936,56100,276.9
138571,4940,57700,285.0
138581,4936,56100,276.9
138591,4940,57700,285.0
138601,4940,56100,277.1
138611,4940,57700,285.0
138621,4940,56100,277.1
138631,4940,57700,285.0
138641,4756,84600,402.4
138651,4940,57000,281.6
138661,4940,56800,280.6
138671,4940,57000,281.6
138681,4940,57100,282.1
138691,4940,57000,281.6
138701,4940,57600,284.5
138711,4936,56100,276.9
138721,4940,57600,284.5
138731,4936,56100,276.9
138741,4816,154200,742.6
138751,4936,56100,276.9
138761,4940,57700,285.0
138771,4936,56000,276.4
138781,4940,57700,285.0
138791,4936,56100,276.9
138801,4940,57700,285.0
138811,4936,56800,280.4
138821,4940,57000,281.6
138831,4940,56700,280.1
138841,4940,57000,281.6
138851,4824,139600,673.4
138861,4940,57000,281.6
138871,4940,57700,285.0
138881,4936,56100,276.9
138891,4940,57800,285.5
138901,4936,56100,276.9
138911,4940,57700,285.0
138921,4936,56000,276.4
138931,4940,57700,285.0
138941,4936,56100,276.9
138951,4940,57700,285.0
138961,4720,109100,515.0
138971,4940,57700,285.0
138981,4940,56400,278.6
138991,4940,57500,284.1
139001,4940,56700,280.1
139011,4936,57000,281.4
139021,4936,56700,279.9
139031,4940,57000,281.6
139041,4940,57700,285.0
139051,4936,56100,276.9
139061,4780,173300,828.4
139071,4936,56100,276.9
139081,4940,57700,285.0
139091,4936,56200,277.4
139101,4940,57600,284.5
139111,4940,56100,277.1
139121,4940,57700,285.0
139131,4936,56100,276.9
139141,4940,57700,285.0
139151,4936,56100,276.9
139161,4940,57700,285.0
139171,4824,131900,636.3
139181,4940,57000,281.6
139191,4936,56800,280.4
139201,4940,57100,282.1
139211,4936,57700,284.8
139221,4940,56100,277.1
139231,4940,57700,285.0
139241,4936,56100,276.9
139251,4940,57700,285.0
139261,4936,56200,277.4
139271,4816,153900,741.2
139281,4936,56200,277.4
139291,4940,57700,285.0
139301,4936,56000,276.4
139311,4940,57700,285.0
139321,4940,56100,277.1
139331,4940,57700,285.0
139341,4940,56800,280.6
139351,4940,57100,282.1
139361,4940,56700,280.1
139371,4936,57100,281.8
139381,4936,57400,283.3
139391,4940,56700,280.1
139401,4940,57700,285.0
139411,4936,56000,276.4
139421,4940,57700,285.0
139431,4936,56100,276.9
139441,4940,57600,284.5
139451,4936,56100,276.9
139461,4940,57700,285.0
139471,4936,56100,276.9
139481,4940,60600,299.4
139491,4940,56100,277.1
139501,4940,57700,285.0
139511,4936,56700,279.9
139521,4940,57000,281.6
139531,4940,56700,280.1
139541,4940,57000,281.6
139551,4936,56800,280.4
139561,4940,57000,281.6
139571,4940,57700,285.0
139581,4936,56100,276.9
139591,4816,57700,277.9
139601,4936,56100,276.9
139611,4940,57700,285.0
139621,4936,56100,276.9
139631,4940,57600,284.5
139641,4936,56100,276.9
139651,4936,57700,284.8
139661,4940,56000,276.6
139671,4940,57600,284.5
139681,4936,56800,280.4
139691,4764,139200,663.1
139701,4940,56700,280.1
139711,4940,57000,281.6
139721,4936,56800,280.4
139731,4940,57000,281.6
139741,4940,57700,285.0
139751,4936,56100,276.9
139761,4940,57700,285.0
139771,4936,56100,276.9
139781,4940,57700,285.0
139791,4936,56100,276.9
139801,4832,138500,669.2
139811,4936,56100,276.9
139821,4940,57700,285.0
139831,4936,56100,276.9
139841,4940,57700,285.0
139851,4940,56200,277.6
139861,4940,57600,284.5
139871,4936,56700,279.9
139881,4940,57100,282.1
139891,4940,56800,280.6
139901,4932,57100,281.6
139911,4936,57700,284.8
139921,4940,56000,276.6
139931,4940,57600,284.5
139941,4936,56100,276.9
139951,4940,57700,285.0
139961,4936,56100,276.9
139971,4940,57700,285.0
139981,4936,56100,276.9
139991,4940,57700,285.0
140001,4936,56000,276.4
140011,4816,143500,691.1
140021,4940,56100,277.1
140031,4940,57700,285.0
140041,4940,56800,280.6
140051,4940,57100,282.1
140061,4936,56700,279.9
140071,4940,57000,281.6
140081,4940,57700,285.0
140091,4936,56200,277.4
140101,4940,57700,285.0
140111,4936,56100,276.9
140121,4824,183700,886.2
140131,4940,56100,277.1
140141,4940,57700,285.0
140151,4936,56100,276.9
140162,4940,57700,285.0
140171,4936,56100,276.9
140181,4940,57700,285.0
140191,4936,56100,276.9
140201,4940,57700,285.0
140211,4936,56700,279.9
140221,4940,59800,295.4
140231,4936,56700,279.9
140241,4940,57000,281.6
140251,4940,57100,282.1
140261,4940,56900,281.1
140271,4940,57600,284.5
140281,4936,56100,276.9
140291,4940,57700,285.0
140301,4936,56100,276.9
140311,4940,57800,285.5
140321,4936,56100,276.9
140331,4812,144500,695.3
140341,4936,56100,276.9
140351,4940,57700,285.0
140361,4940,56100,277.1
140371,4940,57600,284.5
140381,4940,56800,280.6
140391,4940,57000,281.6
140401,4936,56700,279.9
140411,4940,57000,281.6
140421,4936,56700,279.9
140431,4940,57000,281.6
140441,4824,153800,741.9
140451,4936,56100,276.9
140461,4940,57600,284.5
140471,4936,56100,276.9
140481,4940,57800,285.5
140491,4936,56200,277.4
140501,4940,57700,285.0
140511,4936,56000,276.4
140521,4940,57700,285.0
140531,4940,56100,277.1
140541,4940,57700,285.0
140551,4936,56600,279.4
140561,4940,57500,284.1
140571,4940,56800,280.6
140581,4940,57000,281.6
140591,4940,56700,280.1
140601,4940,57100,282.1
140611,4940,57700,285.0
140621,4936,56100,276.9
140631,4940,57600,284.5
140641,4936,56100,276.9
140651,4816,216600,1043.1
140661,4936,56000,276.4
140671,4940,57700,285.0
140681,4936,56100,276.9
140691,4940,57700,285.0
140701,4936,56000,276.4
140711,4940,57700,285.0
140721,4936,56100,276.9
140731,4940,57700,285.0
140741,4940,56800,280.6
140751,4816,142300,685.3
140761,4940,56700,280.1
140771,4936,57100,281.8
140781,4936,57700,284.8
140791,4940,56100,277.1
140801,4940,57700,285.0
140811,4936,56100,276.9
140821,4940,57700,285.0
140831,4936,56100,276.9
140841,4940,57700,285.0
140851,4936,56100,276.9
140861,4824,152300,734.7
140871,4936,56100,276.9
140881,4940,57700,285.0
140891,4936,56100,276.9
140901,4940,57700,285.0
140911,4936,56800,280.4
140921,4940,57100,282.1
140931,4940,56700,280.1
140941,4940,57100,282.1
140951,4936,57600,284.3
140961,4940,56300,278.1
140971,4808,58500,281.3
140981,4936,56100,276.9
140991,4940,57700,285.0
141001,4936,56100,276.9
141011,4940,57700,285.0
141021,4936,56200,277.4
141031,4940,57700,285.0
141041,4936,56100,276.9
141051,4940,57700,285.0
141061,4936,56200,277.4
141071,4940,60700,299.9
141081,4936,56700,279.9
141091,4936,57100,281.8
141101,4940,56700,280.1
141111,4940,57100,282.1
141121,4936,57000,281.4
141131,4936,57000,281.4
141141,4940,57700,285.0
141151,4936,56100,276.9
141161,4940,57700,285.0
141171,4936,56100,276.9
141181,4820,215900,1040.6
141191,4936,56100,276.9
141201,4940,57700,285.0
141211,4936,56100,276.9
141221,4940,57700,285.0
141231,4936,56100,276.9
141241,4940,57700,285.0
141251,4940,56800,280.6
141261,4940,57000,281.6
141271,4940,56800,280.6
141281,4936,57000,281.4
141291,4780,74300,355.2
141301,4936,57000,281.4
141311,4940,57700,285.0
141321,4936,56200,277.4
141331,4940,57700,285.0
141341,4936,56000,276.4
141351,4940,57700,285.0
141361,4936,56100,276.9
141371,4940,57700,285.0
141381,4940,56100,277.1
141391,4940,60700,299.9
141401,4936,56100,276.9
141411,4940,57700,285.0
141421,4936,56300,277.9
141431,4940,57500,284.1
141441,4936,56700,279.9
141451,4940,57000,281.6
141461,4940,56700,280.1
141471,4940,57000,281.6
141481,4940,57700,285.0
141491,4936,56100,276.9
141501,4824,213600,1030.4
141511,4936,56100,276.9
141521,4940,57700,285.0
141531,4936,56100,276.9
141541,4940,57700,285.0
141551,4936,56100,276.9
141561,4940,57700,285.0
141571,4936,56100,276.9
141581,4940,57600,284.5
141591,4936,56100,276.9
141601,4740,132900,629.9
141611,4936,56800,280.4
141621,4940,57100,282.1
141631,4936,56700,279.9
141641,4940,57000,281.6
141651,4940,57700,285.0
141661,4940,56100,277.1
141671,4940,57600,284.5
141681,4936,56000,276.4
141691,4940,57700,285.0
141701,4828,135900,656.1
141711,4940,57700,285.0
141721,4936,56200,277.4
141731,4940,57700,285.0
141741,4940,56100,277.1
141751,4940,57700,285.0
141761,4936,56000,276.4
141771,4940,57700,285.0
141781,4940,56700,280.1
141792,4940,57100,282.1
141801,4940,56800,280.6
141811,4756,173600,825.6
141821,4940,57400,283.6
141831,4936,56700,279.9
141841,4940,57700,285.0
141851,4940,56100,277.1
141861,4940,57700,285.0
141871,4940,56100,277.1
141881,4940,57700,285.0
141891,4936,56200,277.4
141901,4940,57700,285.0
141911,4932,79900,394.1
141921,4940,57700,285.0
141931,4936,56100,276.9
141941,4940,57700,285.0
141951,4936,56700,279.9
141961,4940,57000,281.6
141971,4936,56700,279.9
141981,4940,57000,281.6
141991,4940,56800,280.6
142001,4940,57000,281.6
142011,4940,57600,284.5
142021,4936,56000,276.4
142031,4940,57700,285.0
142041,4936,56100,276.9
142051,4940,57700,285.0
142061,4936,56100,276.9
142071,4940,57700,285.0
142081,4940,56100,277.1
142091,4940,57700,285.0
142101,4936,56000,276.4
142111,4940,57600,284.5
142121,4932,98700,486.8
142131,4940,57300,283.1
142141,4936,56800,280.4
142151,4940,57100,282.1
142161,4940,56700,280.1
142171,4940,57100,282.1
142181,4940,57700,285.0
142191,4936,56100,276.9
142201,4940,57700,285.0
142211,4936,56100,276.9
142221,4940,57700,285.0
142231,4936,56100,276.9
142241,4940,57700,285.0
142251,4936,56100,276.9
142261,4940,57600,284.5
142271,4936,56100,276.9
142281,4940,57600,284.5
142291,4936,56200,277.4
142301,4940,57600,284.5
142311,4940,56700,280.1
142321,4940,57100,282.1
142331,4940,56700,280.1
142341,4940,57100,282.1
142351,4936,57700,284.8
142361,4940,56000,276.6
142371,4940,57600,284.5
142381,4936,56100,276.9
142391,4940,57700,285.0
142401,4936,56100,276.9
142411,4940,57700,285.0
142421,4936,56100,276.9
142431,4940,57700,285.0
142441,4800,141900,681.1
142451,4940,57700,285.0
142461,4936,56100,276.9
142471,4940,57800,285.5
142481,4940,56800,280.6
142491,4940,57000,281.6
142501,4940,56800,280.6
142511,4940,57100,282.1
142521,4940,57600,284.5
142531,4940,56200,277.6
142541,4940,57700,285.0
142551,4816,145000,698.3
142561,4940,57700,285.0
142571,4936,56100,276.9
142581,4940,57700,285.0
142591,4936,56100,276.9
142601,4940,57700,285.0
142611,4936,56100,276.9
142621,4940,57700,285.0
142631,4940,56000,276.6
142641,4940,57700,285.0
142651,4808,141800,681.8
142661,4940,57100,282.1
142671,4936,56700,279.9
142681,4940,57000,281.6
142691,4940,57100,282.1
142701,4940,56900,281.1
142711,4940,57700,285.0
142721,4936,56100,276.9
142731,4940,57700,285.0
142741,4940,56100,277.1
142751,4940,57600,284.5
142761,4816,145000,698.3
142771,4940,57700,285.0
142781,4936,56200,277.4
142791,4940,57700,285.0
142801,4936,56000,276.4
142811,4940,57700,285.0
142821,4936,56900,280.9
142831,4940,57000,281.6
142841,4936,56700,279.9
142851,4940,57000,281.6
142861,4936,123600,610.1
142871,4940,57100,282.1
142881,4940,57700,285.0
142891,4936,56100,276.9
142901,4940,57700,285.0
142911,4936,56200,277.4
142921,4936,57700,284.8
142931,4936,56100,276.9
142941,4940,57700,285.0
142951,4936,56100,276.9
142961,4872,64900,316.2
142971,4936,56100,276.9
142981,4940,57700,285.0
142991,4936,56400,278.4
143001,4940,57600,284.5
143011,4940,56800,280.6
143021,4936,57100,281.8
143031,4936,56800,280.4
143041,4940,57100,282.1
143051,4940,57700,285.0
143061,4936,56200,277.4
143071,4940,57700,285.0
143081,4936,56100,276.9
143091,4940,57700,285.0
143101,4936,56100,276.9
143111,4940,57800,285.5
143121,4940,56100,277.1
143131,4940,57700,285.0
143141,4940,56100,277.1
143151,4940,57600,284.5
143161,4936,56100,276.9
143171,4940,57700,285.0
143181,4936,56600,279.4
143191,4940,57000,281.6
143201,4940,56700,280.1
143211,4940,57000,281.6
143221,4936,57700,284.8
143231,4936,56000,276.4
143241,4940,57700,285.0
143251,4936,56100,276.9
143261,4940,57600,284.5
143271,4936,56100,276.9
143281,4940,57700,285.0
143291,4936,56100,276.9
143301,4940,57600,284.5
143311,4936,56000,276.4
143321,4940,57700,285.0
143331,4936,56100,276.9
143341,4940,57600,284.5
143351,4940,56700,280.1
143361,4936,57000,281.4
143371,4936,56700,279.9
143381,4940,57000,281.6
143391,4940,57700,285.0
143401,4940,56300,278.1
143411,4940,57700,285.0
143421,4936,56100,276.9
143432,4940,57600,284.5
143441,4936,56100,276.9
143451,4940,57600,284.5
143461,4940,56100,277.1
143471,4740,143700,681.1
143481,4940,56100,277.1
143491,4940,57700,285.0
143501,4936,56000,276.4
143511,4940,57700,285.0
143521,4940,56700,280.1
143531,4940,57000,281.6
143541,4940,56700,280.1
143551,4940,57000,281.6
143561,4936,57300,282.8
143571,4940,56700,280.1
143581,4940,57700,285.0
143591,4936,56100,276.9
143601,4940,57700,285.0
143611,4936,56100,276.9
143621,4940,57700,285.0
143631,4940,56000,276.6
143641,4940,57600,284.5
143651,4936,56000,276.4
143661,4940,57700,285.0
143671,4936,56100,276.9
143681,4940,57600,284.5
143691,4936,56700,279.9
143701,4940,57000,281.6
143711,4940,56700,280.1
143721,4940,57000,281.6
143731,4940,56900,281.1
143741,4940,57000,281.6
143751,4940,57700,285.0
143761,4936,56000,276.4
143771,4940,57600,284.5
143781,4936,56100,276.9
143791,4940,57700,285.0
143801,4936,56100,276.9
143811,4940,57700,285.0
143821,4936,56000,276.4
143831,4936,57700,284.8
143841,4936,56000,276.4
143851,4940,57600,284.5
143861,4936,56800,280.4
143871,4940,57000,281.6
143881,4936,56600,279.4
143891,4940,57000,281.6
143901,4940,56700,280.1
143911,4940,57000,281.6
143921,4940,57700,285.0
143931,4940,56100,277.1
143941,4940,57600,284.5
143951,4940,56000,276.6
143961,4940,57700,285.0
143971,4812,142600,686.2
143981,4940,57700,285.0
143991,4936,56100,276.9
144001,4940,57600,284.5
144011,4936,56000,276.4
144021,4940,57600,284.5
144031,4936,56400,278.4
144041,4940,57500,284.1
144051,4940,56700,280.1
144061,4940,57000,281.6
144071,4940,56700,280.1
144081,4940,57000,281.6
144091,4940,57700,285.0
144101,4936,56100,276.9
144111,4940,57700,285.0
144121,4936,56100,276.9
144131,4940,57600,284.5
144141,4936,56100,276.9
144151,4940,57700,285.0
144161,4936,56100,276.9
144171,4940,57700,285.0
144181,4940,56100,277.1
144191,4944,57700,285.3
144201,4936,56100,276.9
144211,4940,57600,284.5
144221,4936,56700,279.9
144231,4940,57000,281.6
144241,4940,56700,280.1
144251,4940,57000,281.6
144261,4940,57600,284.5
144271,4940,56000,276.6
144281,4940,57700,285.0
144291,4936,56100,276.9
144301,4940,57700,285.0
144311,4936,56100,276.9
144321,4940,57600,284.5
144331,4936,56100,276.9
144341,4940,57600,284.5
144351,4936,56000,276.4
144361,4940,57700,285.0
144371,4936,56100,276.9
144381,4940,57600,284.5
144391,4936,56700,279.9
144401,4940,56900,281.1
144411,4936,56700,279.9
144421,4940,56900,281.1
144431,4940,57600,284.5
144441,4940,56000,276.6
144451,4940,57600,284.5
144461,4936,56100,276.9
144471,4800,73400,352.3
144481,4936,56000,276.4
144491,4940,57600,284.5
144501,4936,56000,276.4
144511,4940,57600,284.5
144521,4936,56100,276.9
144531,4940,57700,285.0
144541,4940,56100,277.1
144551,4940,57600,284.5
144561,4936,56700,279.9
144571,4936,57100,281.8
144581,4936,56800,280.4
144591,4940,57000,281.6
144601,4940,57400,283.6
144611,4940,56700,280.1
144621,4940,57700,285.0
144631,4936,56100,276.9
144641,4940,57600,284.5
144651,4936,56000,276.4
144661,4940,57600,284.5
144671,4936,56100,276.9
144681,4940,57700,285.0
144691,4936,56100,276.9
144701,4940,57600,284.5
144711,4940,56100,277.1
144721,4940,57600,284.5
144731,4940,56700,280.1
144741,4940,57000,281.6
144751,4936,56700,279.9
144761,4940,57000,281.6
144771,4940,56900,281.1
144781,4940,57000,281.6
144791,4940,57700,285.0
144801,4936,56000,276.4
144811,4940,57600,284.5
144821,4936,56100,276.9
144831,4940,57700,285.0
144841,4940,56100,277.1
144851,4940,57700,285.0
144861,4936,56100,276.9
144871,4940,57600,284.5
144881,4936,56100,276.9
144891,4940,57700,285.0
144901,4936,56700,279.9
144911,4940,56900,281.1
144921,4940,56700,280.1
144931,4936,57000,281.4
144941,4940,56700,280.1
144951,4940,57000,281.6
144961,4940,57700,285.0
144971,4936,56100,276.9
144981,4940,57700,285.0
144991,4936,56100,276.9
145001,4940,57600,284.5
145011,4936,56100,276.9
145021,4940,57700,285.0
145031,4936,56100,276.9
145041,4940,57700,285.0
145051,4936,56000,276.4
145062,4940,57600,284.5
145071,4940,56500,279.1
145081,4940,57500,284.1
145091,4940,56800,280.6
145101,4940,57000,281.6
145111,4940,56600,279.6
145121,4940,57000,281.6
145131,4940,57700,285.0
145141,4936,56100,276.9
145151,4940,57600,284.5
145161,4940,56100,277.1
145171,4940,57600,284.5
145181,4936,56100,276.9
145191,4940,57700,285.0
145201,4936,56000,276.4
145211,4940,57600,284.5
145221,4936,56100,276.9
145231,4940,57600,284.5
145241,4936,56100,276.9
145251,4940,57700,285.0
145261,4940,56700,280.1
145271,4940,57000,281.6
145281,4940,56700,280.1
145291,4940,57000,281.6
145301,4940,57700,285.0
145311,4940,56000,276.6
145321,4940,57600,284.5
145331,4940,56000,276.6
145341,4940,57700,285.0
145351,4936,56000,276.4
145361,4940,57700,285.0
145371,4936,56100,276.9
145381,4940,57700,285.0
145391,4936,56100,276.9
145401,4940,57600,284.5
145411,4936,56000,276.4
145421,4940,57600,284.5
145431,4936,56700,279.9
145441,4940,56900,281.1
145451,4936,56700,279.9
145461,4904,57100,280.0
145471,4940,57700,285.0
145481,4940,56300,278.1
145491,4940,57700,285.0
145501,4936,56000,276.4
145511,4940,57700,285.0
145521,4936,56100,276.9
145531,4940,57700,285.0
145541,4936,56000,276.4
145551,4940,57600,284.5
145561,4936,59000,291.2
145571,4940,57600,284.5
145581,4936,56000,276.4
145591,4940,57700,285.0
145601,4936,56600,279.4
145611,4936,57100,281.8
145621,4936,56700,279.9
145631,4940,57000,281.6
145641,4940,57200,282.6
145651,4940,56800,280.6
145661,4940,57600,284.5
145671,4824,175400,846.1
145681,4940,57700,285.0
145691,4936,56100,276.9
145701,4940,57600,284.5
145711,4936,56000,276.4
145721,4940,57700,285.0
145731,4940,56100,277.1
145741,4940,57800,285.5
145751,4940,56100,277.1
145761,4940,57600,284.5
145771,4820,137000,660.3
145781,4940,57000,281.6
145791,4936,56700,279.9
145801,4940,57000,281.6
145811,4940,56700,280.1
145821,4940,57000,281.6
145831,4940,57600,284.5
145841,4940,56100,277.1
145851,4940,57700,285.0
145861,4936,56100,276.9
145871,4940,57600,284.5
145881,4808,142300,684.2
145891,4940,57700,285.0
145901,4940,56100,277.1
145911,4940,57700,285.0
145921,4936,56100,276.9
145931,4940,57700,285.0
145941,4936,56500,278.9
145951,4940,57600,284.5
145961,4940,56700,280.1
145971,4940,57000,281.6
145981,4940,56700,280.1
145991,4800,62600,300.5
146001,4940,57600,284.5
146011,4936,56100,276.9
146021,4940,57700,285.0
146031,4936,56000,276.4
146041,4940,57600,284.5
146051,4936,56100,276.9
146061,4940,57700,285.0
146071,4936,56000,276.4
146081,4940,57700,285.0
146091,4716,131900,622.0
146101,4940,57600,284.5
146111,4936,56100,276.9
146121,4940,57600,284.5
146131,4940,56700,280.1
146141,4936,57000,281.4
146151,4936,56700,279.9
146161,4936,57100,281.8
146171,4940,57800,285.5
146181,4936,56100,276.9
146191,4816,143400,690.6
146201,4936,56000,276.4
146211,4940,57700,285.0
146221,4936,56100,276.9
146231,4940,57700,285.0
146241,4936,56100,276.9
146251,4940,57700,285.0
146261,4936,56000,276.4
146271,4940,57700,285.0
146281,4940,56200,277.6
146291,4940,57700,285.0
146301,4812,142500,685.7
146311,4940,57000,281.6
146321,4940,56700,280.1
146331,4940,57000,281.6
146341,4936,57300,282.8
146351,4936,56700,279.9
146361,4940,57600,284.5
146371,4936,56100,276.9
146381,4940,57600,284.5
146391,4936,56000,276.4
146401,4940,57700,285.0
146411,4820,135900,655.0
146421,4940,57700,285.0
146431,4940,56100,277.1
146441,4940,57700,285.0
146451,4936,56100,276.9
146461,4940,57700,285.0
146471,4936,56700,279.9
146481,4940,57000,281.6
146491,4940,56800,280.6
146501,4940,57000,281.6
146511,4820,149500,720.6
146521,4940,57000,281.6
146531,4940,57700,285.0
146541,4936,56100,276.9
146551,4940,57600,284.5
146561,4936,56100,276.9
146571,4940,57600,284.5
146581,4936,56100,276.9
146591,4940,57600,284.5
146601,4936,56100,276.9
146611,4940,57700,285.0
146621,4936,56100,276.9
146631,4940,57700,285.0
146641,4936,56600,279.4
146651,4940,57400,283.6
146661,4940,56800,280.6
146671,4940,57000,281.6
146681,4940,56700,280.1
146691,4940,57100,282.1
146702,4940,57700,285.0
146711,4936,56200,277.4
146721,4720,140100,661.3
146731,4936,56100,276.9
146741,4940,57700,285.0
146751,4940,56100,277.1
146761,4940,57700,285.0
146771,4936,56100,276.9
146781,4940,57700,285.0
146791,4936,56100,276.9
146801,4940,57600,284.5
146811,4936,56100,276.9
146821,4816,146800,707.0
146831,4940,56700,280.1
146841,4940,57000,281.6
146851,4940,56800,280.6
146861,4940,57000,281.6
146871,4936,57700,284.8
146881,4940,56000,276.6
146891,4940,57600,284.5
146901,4940,56100,277.1
146911,4940,57700,285.0
146921,4940,56100,277.1
146931,4816,147600,710.8
146941,4940,56100,277.1
146951,4940,57700,285.0
146961,4940,56100,277.1
146971,4940,57700,285.0
146981,4940,56100,277.1
146991,4940,57700,285.0
147001,4940,56700,280.1
147011,4940,57100,282.1
147021,4936,56700,279.9
147031,4936,57000,281.4
147041,4940,57400,283.6
147051,4940,56700,280.1
147061,4940,57700,285.0
147071,4940,56100,277.1
147081,4940,57600,284.5
147091,4936,56100,276.9
147101,4940,57600,284.5
147111,4936,56100,276.9
147121,4940,57700,285.0
147131,4936,56100,276.9
147141,4708,113500,534.4
147151,4936,56100,276.9
147161,4940,57600,284.5
147171,4940,56700,280.1
147181,4940,57000,281.6
147191,4936,56800,280.4
147201,4940,57000,281.6
147211,4940,56800,280.6
147221,4940,57000,281.6
147231,4940,57600,284.5
147241,4796,185400,889.2
147251,4940,57700,285.0
147261,4936,56100,276.9
147271,4940,57700,285.0
147281,4936,56100,276.9
147291,4940,57700,285.0
147301,4940,56000,276.6
147311,4940,57700,285.0
147321,4936,56100,276.9
147331,4940,57700,285.0
147341,4936,59700,294.7
147351,4940,57400,283.6
147361,4936,56800,280.4
147371,4940,57000,281.6
147381,4940,56700,280.1
147391,4936,57000,281.4
147401,4940,57700,285.0
147411,4936,56100,276.9
147421,4940,57600,284.5
147431,4936,56100,276.9
147441,4940,57700,285.0
147451,4812,141400,680.4
147461,4940,57700,285.0
147471,4936,56100,276.9
147481,4940,57700,285.0
147491,4936,56000,276.4
147501,4940,57600,284.5
147511,4936,56100,276.9
147521,4940,57700,285.0
147531,4940,56700,280.1
147541,4940,57100,282.1
147551,4936,56700,279.9
147561,4828,212000,1023.5
147571,4940,57700,285.0
147581,4940,56100,277.1
147591,4940,57700,285.0
147601,4936,56000,276.4
147611,4940,57700,285.0
147621,4940,56100,277.1
147631,4940,57700,285.0
147641,4936,56100,276.9
147651,4940,57700,285.0
147661,4808,142500,685.1
147671,4940,57700,285.0
147681,4940,56100,277.1
147691,4940,57700,285.0
147701,4940,56700,280.1
147711,4936,57100,281.8
147721,4936,56700,279.9
147731,4936,57000,281.4
147741,4940,57500,284.1
147751,4940,56400,278.6
147761,4940,57700,285.0
147771,4812,56200,270.4
147781,4940,57700,285.0
147791,4936,56100,276.9
147801,4940,57700,285.0
147811,4936,56200,277.4
147821,4940,57700,285.0
147831,4936,56100,276.9
147841,4940,57700,285.0
147851,4936,56100,276.9
147861,4940,57600,284.5
147871,4776,168300,803.8
147881,4940,57000,281.6
147891,4940,56700,280.1
147901,4940,57000,281.6
147911,4940,56800,280.6
147921,4940,57000,281.6
147931,4940,57800,285.5
147941,4936,56000,276.4
147951,4940,57700,285.0
147961,4936,56100,276.9
147971,4824,140800,679.2
147981,4936,56100,276.9
147991,4940,57800,285.5
148001,4936,56100,276.9
148011,4940,57700,285.0
148021,4936,56000,276.4
148031,4940,57600,284.5
148041,4936,56800,280.4
148051,4940,57200,282.6
148061,4940,56800,280.6
148071,4940,57000,281.6
148081,4912,56800,279.0
148091,4936,57000,281.4
148101,4940,57600,284.5
148111,4936,56100,276.9
148121,4940,57700,285.0
148131,4940,56100,277.1
148141,4940,57700,285.0
148151,4936,56100,276.9
148161,4940,57600,284.5
148171,4936,56100,276.9
148181,4816,207900,1001.2
148191,4936,56100,276.9
148201,4940,57700,285.0
148211,4936,56100,276.9
148221,4940,57700,285.0
148231,4940,56700,280.1
148241,4940,57100,282.1
148251,4940,56700,280.1
148261,4940,57100,282.1
148271,4940,57600,284.5
148281,4936,141700,699.4
148291,4940,57700,285.0
148301,4936,56100,276.9
148311,4940,57800,285.5
148321,4936,56000,276.4
148332,4940,57700,285.0
148341,4936,56100,276.9
148351,4940,57700,285.0
148361,4936,56100,276.9
148371,4940,57700,285.0
148381,4936,56100,276.9
148391,4816,143200,689.7
148401,4940,56700,280.1
148411,4940,57100,282.1
148421,4940,56800,280.6
148431,4940,57000,281.6
148441,4936,57700,284.8
148451,4940,56300,278.1
148461,4940,57700,285.0
148471,4936,56200,277.4
148481,4940,57600,284.5
148491,4936,56100,276.9
148501,4816,147300,709.4
148511,4936,56100,276.9
148521,4940,57800,285.5
148531,4936,56100,276.9
148541,4940,57700,285.0
148551,4940,56100,277.1
148561,4940,57600,284.5
148571,4936,56700,279.9
148581,4940,57100,282.1
148591,4940,56700,280.1
148601,4816,141700,682.4
148611,4940,56900,281.1
148621,4940,57000,281.6
148631,4940,57600,284.5
148641,4936,56100,276.9
148651,4940,57700,285.0
148661,4936,56100,276.9
148671,4940,57700,285.0
148681,4936,56100,276.9
148691,4940,57600,284.5
148701,4816,141700,682.4
148711,4940,57700,285.0
148721,4936,56100,276.9
148731,4940,57700,285.0
148741,4940,56800,280.6
148751,4940,57000,281.6
148761,4940,56700,280.1
148771,4940,57000,281.6
148781,4936,56800,280.4
148791,4940,57100,282.1
148801,4940,57700,285.0
148811,4804,57500,276.2
148821,4940,57800,285.5
148831,4936,56000,276.4
148841,4940,57700,285.0
148851,4936,56100,276.9
148861,4940,57700,285.0
148871,4936,56100,276.9
148881,4940,57700,285.0
148891,4936,56100,276.9
148901,4940,57600,284.5
148911,4720,132600,625.9
148921,4940,57600,284.5
148931,4940,56700,280.1
148941,4940,57000,281.6
148951,4936,56700,279.9
148961,4940,57100,282.1
148971,4940,57700,285.0
148981,4936,56000,276.4
148991,4940,57600,284.5
149001,4936,56100,276.9
149011,4940,57700,285.0
149021,4772,163200,778.8
149031,4940,57700,285.0
149041,4936,56100,276.9
149051,4940,57600,284.5
149061,4940,56100,277.1
149071,4940,57700,285.0
149081,4936,56100,276.9
149091,4940,57700,285.0
149101,4940,56700,280.1
149111,4940,57000,281.6
149121,4824,137200,661.9
149131,4940,57100,282.1
149141,4940,57800,285.5
149151,4940,56300,278.1
149161,4940,57700,285.0
149171,4936,56000,276.4
149181,4940,57600,284.5
149191,4936,56200,277.4
149201,4940,57700,285.0
149211,4936,56100,276.9
149221,4940,57700,285.0
149231,4728,139800,661.0
149241,4940,57800,285.5
149251,4936,56000,276.4
149261,4940,57700,285.0
149271,4936,56600,279.4
149281,4940,57100,282.1
149291,4940,56700,280.1
149301,4940,57000,281.6
149311,4936,57100,281.8
149321,4940,56900,281.1
149331,4940,57700,285.0
149341,4804,57400,275.7
149351,4940,57700,285.0
149361,4936,56100,276.9
149371,4940,57600,284.5
149381,4936,56100,276.9
149391,4940,57700,285.0
149401,4936,56000,276.4
149411,4940,57700,285.0
149421,4936,56100,276.9
149431,4940,57600,284.5
149441,4720,136000,641.9
149451,4940,57000,281.6
149461,4932,87300,430.6
149471,4940,57000,281.6
149481,4936,56700,279.9
149491,4936,57000,281.4
149501,4940,57700,285.0
149511,4940,56100,277.1
149521,4940,57700,285.0
149531,4940,56100,277.1
149541,4940,57700,285.0
149551,4936,56000,276.4
149561,4940,57700,285.0
149571,4936,56100,276.9
149581,4940,57600,284.5
149591,4936,56100,276.9
149601,4940,57700,285.0
149611,4936,56400,278.4
149621,4940,57600,284.5
149631,4940,56700,280.1
149641,4940,57100,282.1
149651,4940,56700,280.1
149661,4936,57100,281.8
149671,4940,57600,284.5
149681,4936,56000,276.4
149691,4940,57700,285.0
149701,4936,56000,276.4
149711,4940,57700,285.0
149721,4936,56000,276.4
149731,4940,57600,284.5
149741,4940,56200,277.6
149751,4940,57700,285.0
149761,4936,56100,276.9
149771,4940,57700,285.0
149781,4936,56100,276.9
149791,4940,57600,284.5
149801,4940,56700,280.1
149811,4936,57000,281.4
149821,4940,56700,280.1
149831,4940,57000,281.6
149841,4940,57700,285.0
149851,4936,56000,276.4
149861,4940,57600,284.5
149871,4936,56100,276.9
149881,4940,57700,285.0
149891,4936,56100,276.9
149901,4940,57600,284.5
149911,4940,56100,277.1
149921,4940,57700,285.0
149931,4936,56000,276.4
149941,4940,57700,285.0
149951,4936,56000,276.4
149961,4940,57700,285.0
149972,4820,56700,273.3
149981,4940,57100,282.1
149991,4936,56700,279.9
150001,4940,57000,281.6
150011,4940,57600,284.5
150021,4936,56400,278.4
150031,4940,57700,285.0
150041,4936,56100,276.9
150051,4940,57700,285.0
150061,4936,56000,276.4
150071,4940,57700,285.0
150081,4936,56100,276.9
150091,4940,57600,284.5
150101,4936,56100,276.9
150111,4940,57700,285.0
150121,4940,56000,276.6
150131,4940,57700,285.0
150141,4940,56700,280.1
150151,4940,57000,281.6
150161,4936,56800,280.4
150171,4936,57000,281.4
150181,4940,57000,281.6
150191,4940,57000,281.6
150201,4940,57600,284.5
150211,4936,56100,276.9
150221,4940,57700,285.0
150231,4936,56000,276.4
150241,4940,57600,284.5
150251,4936,56000,276.4
150261,4940,57600,284.5
150271,4940,56000,276.6
150281,4940,57600,284.5
150291,4936,56100,276.9
150301,4940,57600,284.5
150311,4936,56700,279.9
150321,4940,57000,281.6
150331,4936,56700,279.9
150341,4936,57000,281.4
150351,4940,56800,280.6
150361,4940,57000,281.6
150371,4940,57600,284.5
150381,4936,56000,276.4
150391,4940,57700,285.0
150401,4936,56100,276.9
150411,4940,57700,285.0
150421,4936,56000,276.4
150431,4940,57700,285.0
150441,4936,56100,276.9
150451,4940,57700,285.0
150461,4936,56000,276.4
150471,4940,57700,285.0
150481,4864,56500,274.8
150491,4940,57400,283.6
150501,4940,56700,280.1
150511,4936,57100,281.8
150521,4936,56700,279.9
150531,4940,57000,281.6
150541,4940,57700,285.0
150551,4940,56100,277.1
150561,4940,57700,285.0
150571,4936,56000,276.4
150581,4940,57700,285.0
150591,4936,56100,276.9
150601,4940,57600,284.5
150611,4936,56100,276.9
150621,4940,57500,284.1
150631,4936,56100,276.9
150641,4940,57700,285.0
150651,4936,56000,276.4
150661,4940,57700,285.0
150671,4940,56700,280.1
150681,4940,57000,281.6
150691,4940,56700,280.1
150701,4936,57000,281.4
150711,4936,57600,284.3
150721,4936,56000,276.4
150731,4940,57700,285.0
150741,4936,56100,276.9
150751,4940,57600,284.5
150761,4940,56100,277.1
150771,4940,57600,284.5
150781,4936,56100,276.9
150791,4940,57600,284.5
150801,4936,56100,276.9
150811,4940,57700,285.0
150821,4936,56000,276.4
150831,4940,57600,284.5
150841,4940,56800,280.6
150851,4940,57000,281.6
150861,4940,56800,280.6
150871,4940,57000,281.6
150881,4940,57700,285.0
150891,4940,56100,277.1
150901,4940,57600,284.5
150911,4936,56100,276.9
150921,4940,57700,285.0
150931,4936,56100,276.9
150941,4940,57700,285.0
150951,4936,56000,276.4
150961,4940,57700,285.0
150971,4940,56100,277.1
150981,4816,147800,711.8
150991,4936,56100,276.9
151001,4940,57700,285.0
151011,4936,56600,279.4
151021,4940,57000,281.6
151031,4940,56800,280.6
151041,4940,57000,281.6
151051,4940,57200,282.6
151061,4940,56800,280.6
151071,4940,57700,285.0
151081,4936,56000,276.4
151091,4940,57700,285.0
151101,4940,56100,277.1
151111,4940,57700,285.0
151121,4936,56000,276.4
151131,4940,57700,285.0
151141,4940,56100,277.1
151151,4940,57600,284.5
151161,4936,56100,276.9
151171,4940,57600,284.5
151181,4936,56800,280.4
151191,4940,57000,281.6
151201,4940,56700,280.1
151211,4940,57000,281.6
151221,4940,56800,280.6
151231,4940,57000,281.6
151241,4940,57700,285.0
151251,4936,56000,276.4
151261,4940,57600,284.5
151271,4936,56100,276.9
151281,4940,57700,285.0
151291,4940,56100,277.1
151301,4940,57700,285.0
151311,4936,56100,276.9
151321,4940,57600,284.5
151331,4936,56100,276.9
151341,4940,57600,284.5
151351,4936,56800,280.4
151361,4940,57200,282.6
151371,4940,56800,280.6
151381,4940,57000,281.6
151391,4940,56700,280.1
151401,4940,57000,281.6
151411,4940,57700,285.0
151421,4936,56000,276.4
151431,4940,57700,285.0
151441,4936,56100,276.9
151451,4940,57700,285.0
151461,4916,57700,283.7
151471,4940,57700,285.0
151481,4936,56100,276.9
151491,4940,57700,285.0
151501,4936,56100,276.9
151511,4940,57700,285.0
151521,4936,56100,276.9
151531,4940,57600,284.5
151541,4940,56700,280.1
151551,4940,57000,281.6
151561,4936,56700,279.9
151571,4932,123900,611.1
151581,4940,57700,285.0
151591,4940,56000,276.6
151602,4940,57700,285.0
151611,4936,56100,276.9
151621,4940,57700,285.0
151631,4936,56000,276.4
151641,4940,57700,285.0
151651,4936,56100,276.9
151661,4940,57600,284.5
151671,4940,56100,277.1
151681,4812,137500,661.6
151691,4940,56100,277.1
151701,4940,57700,285.0
151711,4940,56800,280.6
151721,4940,57100,282.1
151731,4940,56700,280.1
151741,4940,57100,282.1
151751,4940,57700,285.0
151761,4940,56300,278.1
151771,4940,57600,284.5
151781,4936,56000,276.4
151791,4816,145500,700.7
151801,4936,56100,276.9
151811,4940,57700,285.0
151821,4936,56000,276.4
151831,4940,57700,285.0
151841,4936,56100,276.9
151851,4940,57700,285.0
151861,4936,56000,276.4
151871,4940,57700,285.0
151881,4936,56700,279.9
151891,4812,141200,679.5
151901,4940,56700,280.1
151911,4940,57000,281.6
151921,4936,56900,280.9
151931,4940,57000,281.6
151941,4940,57700,285.0
151951,4936,56000,276.4
151961,4940,57600,284.5
151971,4940,56100,277.1
151981,4940,57700,285.0
151991,4936,56100,276.9
152001,4768,135300,645.1
152011,4940,56100,277.1
152021,4940,57700,285.0
152031,4936,56100,276.9
152041,4940,57700,285.0
152051,4936,56900,280.9
152061,4940,57100,282.1
152071,4940,56700,280.1
152081,4936,57000,281.4
152091,4936,56700,279.9
152101,4828,195500,943.9
152111,4940,57700,285.0
152121,4936,56000,276.4
152131,4940,57600,284.5
152141,4936,56100,276.9
152151,4940,57700,285.0
152161,4940,56100,277.1
152171,4940,57700,285.0
152181,4936,56100,276.9
152191,4940,57700,285.0
152201,4936,56100,276.9
152211,4812,139000,668.9
152221,4940,56200,277.6
152231,4940,57700,285.0
152241,4940,56800,280.6
152251,4940,57000,281.6
152261,4940,56700,280.1
152271,4940,57000,281.6
152281,4936,57700,284.8
152291,4936,56000,276.4
152301,4940,57600,284.5
152311,4824,212800,1026.5
152321,4940,57600,284.5
152331,4936,56100,276.9
152341,4940,57700,285.0
152351,4936,56100,276.9
152361,4940,57700,285.0
152371,4940,56000,276.6
152381,4940,57700,285.0
152391,4936,56100,276.9
152401,4940,57700,285.0
152411,4936,56700,279.9
152421,4824,166600,803.7
152431,4940,56800,280.6
152441,4940,57000,281.6
152451,4940,57600,284.5
152461,4940,56400,278.6
152471,4940,57700,285.0
152481,4940,56100,277.1
152491,4940,57700,285.0
152501,4936,56000,276.4
152511,4940,57700,285.0
152521,4772,163900,782.1
152531,4940,57700,285.0
152541,4940,56100,277.1
152551,4940,57600,284.5
152561,4940,56100,277.1
152571,4940,57600,284.5
152581,4936,56700,279.9
152591,4940,57000,281.6
152601,4936,56700,279.9
152611,4940,57000,281.6
152621,4940,56900,281.1
152631,4824,132900,641.1
152641,4940,57600,284.5
152651,4936,56100,276.9
152661,4940,57600,284.5
152671,4936,56100,276.9
152681,4940,57600,284.5
152691,4936,56100,276.9
152701,4936,57700,284.8
152711,4936,56100,276.9
152721,4940,57700,285.0
152731,4936,59000,291.2
152741,4940,57700,285.0
152751,4936,56800,280.4
152761,4940,57200,282.6
152771,4940,56700,280.1
152781,4936,57000,281.4
152791,4940,56700,280.1
152801,4940,57000,281.6
152811,4940,57700,285.0
152821,4936,56100,276.9
152831,4940,57700,285.0
152841,4820,213200,1027.6
152851,4940,57700,285.0
152861,4936,56100,276.9
152871,4940,57700,285.0
152881,4936,56100,276.9
152891,4940,57600,284.5
152901,4936,56100,276.9
152911,4940,57700,285.0
152921,4936,56200,277.4
152931,4940,57600,284.5
152941,4816,141800,682.9
152951,4940,57000,281.6
152961,4940,56800,280.6
152971,4940,57100,282.1
152981,4940,57700,285.0
152991,4940,56100,277.1
153001,4940,57600,284.5
153011,4936,56100,276.9
153021,4940,57600,284.5
153031,4940,56100,277.1
153041,4940,57700,285.0
153051,4808,141700,681.3
153061,4940,57700,285.0
153071,4940,56100,277.1
153081,4940,57700,285.0
153091,4936,56200,277.4
153101,4940,57700,285.0
153111,4936,56800,280.4
153121,4940,57000,281.6
153131,4936,56700,279.9
153141,4940,57100,282.1
153151,4940,59900,295.9
153161,4940,56500,279.1
153171,4940,57700,285.0
153181,4936,56100,276.9
153191,4940,57600,284.5
153201,4936,56000,276.4
153211,4940,57700,285.0
153221,4940,56100,277.1
153231,4940,57600,284.5
153242,4940,56000,276.6
153251,4940,57700,285.0
153261,4904,155800,764.0
153271,4940,57700,285.0
153281,4936,56700,279.9
153291,4940,57000,281.6
153301,4936,56700,279.9
153311,4940,57100,282.1
153321,4940,56900,281.1
153331,4940,57000,281.6
153341,4940,57600,284.5
153351,4936,56000,276.4
153361,4820,58700,282.9
153371,4936,56100,276.9
153381,4940,57700,285.0
153391,4936,56100,276.9
153401,4940,57700,285.0
153411,4936,56100,276.9
153421,4940,57700,285.0
153431,4936,56100,276.9
153441,4940,57700,285.0
153451,4936,56800,280.4
153461,4940,57100,282.1
153471,4872,56700,276.2
153481,4940,57000,281.6
153491,4940,56800,280.6
153501,4940,57000,281.6
153511,4940,57700,285.0
153521,4940,56100,277.1
153531,4940,57700,285.0
153541,4936,56100,276.9
153551,4940,57700,285.0
153561,4940,56100,277.1
153571,4776,168600,805.2
153581,4936,56100,276.9
153591,4940,57600,284.5
153601,4936,56100,276.9
153611,4940,57700,285.0
153621,4936,56100,276.9
153631,4940,57600,284.5
153641,4940,56700,280.1
153651,4940,57000,281.6
153661,4940,56800,280.6
153671,4936,115900,572.1
153681,4940,57700,285.0
153691,4936,56100,276.9
153701,4940,57700,285.0
153711,4936,56100,276.9
153721,4940,57700,285.0
153731,4936,56000,276.4
153741,4940,57700,285.0
153751,4936,56100,276.9
153761,4940,57700,285.0
153771,4940,56100,277.1
153781,4824,133400,643.5
153791,4936,56100,276.9
153801,4940,57700,285.0
153811,4940,56800,280.6
153821,4936,57000,281.4
153831,4940,56700,280.1
153841,4940,57000,281.6
153851,4940,57600,284.5
153861,4936,56400,278.4
153871,4940,57600,284.5
153881,4936,56000,276.4
153891,4708,174400,821.1
153901,4936,56100,276.9
153911,4940,57800,285.5
153921,4936,56100,276.9
153931,4940,57600,284.5
153941,4936,56100,276.9
153951,4940,57700,285.0
153961,4936,56100,276.9
153971,4940,57700,285.0
153981,4940,56700,280.1
153991,4808,142000,682.7
154001,4940,56700,280.1
154011,4940,57100,282.1
154021,4940,56800,280.6
154031,4936,57000,281.4
154041,4940,57600,284.5
154051,4940,56100,277.1
154061,4940,57700,285.0
154071,4936,56100,276.9
154081,4940,57700,285.0
154091,4936,56100,276.9
154101,4940,57700,285.0
154111,4936,56100,276.9
154121,4940,57700,285.0
154131,4936,56100,276.9
154141,4940,57700,285.0
154151,4936,56700,279.9
154161,4940,57300,283.1
154171,4940,56700,280.1
154181,4940,57100,282.1
154191,4940,56800,280.6
154201,4936,116700,576.0
154211,4940,57700,285.0
154221,4936,56200,277.4
154231,4940,57600,284.5
154241,4936,56100,276.9
154251,4940,57700,285.0
154261,4936,56100,276.9
154271,4940,57600,284.5
154281,4936,56100,276.9
154291,4940,57700,285.0
154301,4912,157500,773.6
154311,4940,57700,285.0
154321,4936,56100,276.9
154331,4940,57700,285.0
154341,4936,56700,279.9
154351,4940,57000,281.6
154361,4940,56700,280.1
154371,4940,56900,281.1
154381,4940,57700,285.0
154391,4940,56100,277.1
154401,4940,57700,285.0
154411,4816,141100,679.5
154421,4940,57700,285.0
154431,4936,56000,276.4
154441,4940,57700,285.0
154451,4936,56100,276.9
154461,4940,57700,285.0
154471,4936,56000,276.4
154481,4940,57700,285.0
154491,4936,56100,276.9
154501,4940,57600,284.5
154511,4892,159400,779.8
154521,4940,57100,282.1
154531,4940,56800,280.6
154541,4940,57100,282.1
154551,4940,57400,283.6
154561,4940,56600,279.6
154571,4940,57700,285.0
154581,4936,56100,276.9
154591,4940,57600,284.5
154601,4936,56000,276.4
154611,4940,57700,285.0
154621,4820,170000,819.4
154631,4940,57700,285.0
154641,4936,56100,276.9
154651,4940,57700,285.0
154661,4936,56100,276.9
154671,4940,57700,285.0
154681,4936,56800,280.4
154691,4940,57000,281.6
154701,4936,56700,279.9
154711,4940,57000,281.6
154721,4940,56800,280.6
154731,4756,87200,414.7
154741,4940,57700,285.0
154751,4936,56000,276.4
154761,4940,57700,285.0
154771,4936,56100,276.9
154781,4940,57700,285.0
154791,4936,56100,276.9
154801,4940,57700,285.0
154811,4940,56100,277.1
154821,4940,57700,285.0
154831,4812,141800,682.3
154841,4940,57700,285.0
154851,4936,56600,279.4
154861,4940,57500,284.1
154872,4940,56700,280.1
154881,4940,57000,281.6
154891,4936,56700,279.9
154901,4940,57000,281.6
154911,4940,57700,285.0
154921,4936,56100,276.9
154931,4940,57700,285.0
154941,4816,143500,691.1
154951,4940,57600,284.5
154961,4936,56100,276.9
154971,4940,57600,284.5
154981,4936,56100,276.9
154991,4940,57700,285.0
155001,4936,56000,276.4
155011,4940,57700,285.0
155021,4940,56000,276.6
155031,4940,57700,285.0
155041,4940,56700,280.1
155051,4716,108600,512.2
155061,4936,56800,280.4
155071,4940,57100,282.1
155081,4936,57700,284.8
155091,4936,56000,276.4
155101,4940,57600,284.5
155111,4940,56100,277.1
155121,4940,57700,285.0
155131,4936,56000,276.4
155141,4940,57700,285.0
155151,4936,56100,276.9
155161,4940,57700,285.0
155171,4940,56100,277.1
155181,4940,57700,285.0
155191,4936,56200,277.4
155201,4940,57600,284.5
155211,4940,56800,280.6
155221,4936,57100,281.8
155231,4940,56700,280.1
155241,4940,57100,282.1
155251,4936,57400,283.3
155261,4816,205100,987.8
155271,4940,57700,285.0
155281,4936,56100,276.9
155291,4940,57700,285.0
155301,4936,56100,276.9
155311,4940,57800,285.5
155321,4936,56100,276.9
155331,4940,57700,285.0
155341,4936,56100,276.9
155351,4940,57600,284.5
155361,4744,146800,696.4
155371,4940,57700,285.0
155381,4936,56700,279.9
155391,4940,57000,281.6
155401,4940,56700,280.1
155411,4940,57000,281.6
155421,4936,56700,279.9
155431,4936,57000,281.4
155441,4940,57600,284.5
155451,4936,56000,276.4
155461,4940,57600,284.5
155471,4940,56100,277.1
155481,4940,57700,285.0
155491,4940,56100,277.1
155501,4940,57600,284.5
155511,4940,56100,277.1
155521,4940,57700,285.0
155531,4936,56100,276.9
155541,4940,57600,284.5
155551,4936,56500,278.9
155561,4940,57600,284.5
155571,4812,141900,682.8
155581,4940,57100,282.1
155591,4940,56700,280.1
155601,4940,57100,282.1
155611,4940,57700,285.0
155621,4936,56100,276.9
155631,4940,57700,285.0
155641,4936,56000,276.4
155651,4940,57700,285.0
155661,4936,56100,276.9
155671,4940,57600,284.5
155681,4824,208600,1006.3
155691,4940,57700,285.0
155701,4936,56100,276.9
155711,4940,57700,285.0
155721,4936,56100,276.9
155731,4940,57600,284.5
155741,4940,56700,280.1
155751,4940,57000,281.6
155761,4940,56700,280.1
155771,4940,57000,281.6
155781,4816,143700,692.1
155791,4940,56200,277.6
155801,4940,57700,285.0
155811,4936,56100,276.9
155821,4940,57800,285.5
155831,4940,56100,277.1
155841,4940,57700,285.0
155851,4936,56000,276.4
155861,4940,57600,284.5
155871,4936,56100,276.9
155881,4796,141500,678.6
155891,4936,56100,276.9
155901,4940,57700,285.0
155911,4936,56700,279.9
155921,4940,57100,282.1
155931,4940,56700,280.1
155941,4940,57000,281.6
155951,4936,57000,281.4
155961,4940,57000,281.6
155971,4940,57600,284.5
155981,4936,56100,276.9
155991,4836,138100,667.9
156001,4936,56100,276.9
156011,4940,57700,285.0
156021,4940,56100,277.1
156031,4940,57600,284.5
156041,4940,56100,277.1
156051,4940,57600,284.5
156061,4936,56100,276.9
156071,4940,57700,285.0
156081,4936,56800,280.4
156091,4940,57000,281.6
156101,4856,56700,275.3
156111,4940,57100,282.1
156121,4940,56800,280.6
156131,4940,57000,281.6
156141,4940,57800,285.5
156151,4940,56100,277.1
156161,4940,57700,285.0
156171,4940,56100,277.1
156181,4940,57700,285.0
156191,4936,56100,276.9
156201,4820,145500,701.3
156211,4936,56100,276.9
156221,4940,57700,285.0
156231,4936,56100,276.9
156241,4940,57700,285.0
156251,4936,56200,277.4
156261,4940,57700,285.0
156271,4940,56700,280.1
156281,4940,57000,281.6
156291,4940,56700,280.1
156301,4936,105700,521.7
156311,4940,57700,285.0
156321,4936,56000,276.4
156331,4940,57700,285.0
156341,4936,56100,276.9
156351,4940,57700,285.0
156361,4936,56100,276.9
156371,4940,57700,285.0
156381,4940,56100,277.1
156391,4940,57700,285.0
156401,4940,56100,277.1
156411,4712,137000,645.5
156421,4936,56100,276.9
156431,4940,57700,285.0
156441,4940,56800,280.6
156451,4940,57000,281.6
156461,4940,56700,280.1
156471,4936,57000,281.4
156481,4940,57700,285.0
156491,4940,56300,278.1
156502,4940,57700,285.0
156511,4936,56100,276.9
156521,4940,57600,284.5
156531,4936,56100,276.9
156541,4940,57700,285.0
156551,4936,56100,276.9
156561,4940,57700,285.0
156571,4940,56100,277.1
156581,4940,57700,285.0
156591,4936,56100,276.9
156601,4940,57600,284.5
156611,4936,56700,279.9
156621,4816,145500,700.7
156631,4940,56800,280.6
156641,4940,57100,282.1
156651,4940,56900,281.1
156661,4940,57000,281.6
156671,4940,57600,284.5
156681,4936,56100,276.9
156691,4940,57700,285.0
156701,4936,56000,276.4
156711,4940,57600,284.5
156721,4936,56000,276.4
156731,4824,153300,739.5
156741,4936,56000,276.4
156751,4940,57700,285.0
156761,4936,56100,276.9
156771,4940,57700,285.0
156781,4936,56700,279.9
156791,4940,57200,282.6
156801,4940,56700,280.1
156811,4936,57000,281.4
156821,4936,56700,279.9
156831,4936,57000,281.4
156841,4768,161200,768.6
156851,4936,56100,276.9
156861,4940,57700,285.0
156871,4940,56000,276.6
156881,4940,57700,285.0
156891,4936,56100,276.9
156901,4940,57700,285.0
156911,4936,56100,276.9
156921,4940,57700,285.0
156931,4940,56000,276.6
156941,4816,185600,893.8
156951,4940,56200,277.6
156961,4940,57700,285.0
156971,4936,56700,279.9
156981,4940,57100,282.1
156991,4940,56800,280.6
157001,4940,57000,281.6
157011,4940,57700,285.0
157021,4940,56000,276.6
157031,4940,57600,284.5
157041,4936,127400,628.8
157051,4940,57600,284.5
157061,4936,56200,277.4
157071,4940,57700,285.0
157081,4936,56100,276.9
157091,4940,57700,285.0
157101,4936,56100,276.9
157111,4940,57700,285.0
157121,4936,56100,276.9
157131,4940,57600,284.5
157141,4940,56700,280.1
157151,4772,140900,672.4
157161,4940,56700,280.1
157171,4940,57000,281.6
157181,4936,57400,283.3
157191,4940,56600,279.6
157201,4940,57700,285.0
157211,4940,56100,277.1
157221,4940,57700,285.0
157231,4936,56000,276.4
157241,4940,57700,285.0
157251,4784,213300,1020.4
157261,4940,57700,285.0
157271,4940,56100,277.1
157281,4940,57700,285.0
157291,4940,56200,277.6
157301,4940,57600,284.5
157311,4936,56700,279.9
157321,4940,57000,281.6
157331,4936,56700,279.9
157341,4936,57000,281.4
157351,4940,59600,294.4
157361,4940,57000,281.6
157371,4940,57600,284.5
157381,4936,56100,276.9
157391,4940,57700,285.0
157401,4936,56000,276.4
157411,4940,57700,285.0
157421,4936,56000,276.4
157431,4940,57600,284.5
157441,4936,56100,276.9
157451,4940,57600,284.5
157461,4816,140100,674.7
157471,4940,57700,285.0
157481,4940,56600,279.6
157491,4940,57600,284.5
157501,4940,56700,280.1
157511,4940,57000,281.6
157521,4936,56700,279.9
157531,4940,57000,281.6
157541,4940,57600,284.5
157551,4936,56100,276.9
157561,4940,57700,285.0
157571,4824,130400,629.0
157581,4940,57700,285.0
157591,4936,56100,276.9
157601,4940,57600,284.5
157611,4936,56100,276.9
157621,4940,57600,284.5
157631,4936,56100,276.9
157641,4940,57700,285.0
157651,4936,56100,276.9
157661,4940,57600,284.5
157671,4724,132500,625.9
157681,4940,57000,281.6
157691,4940,56700,280.1
157701,4940,57000,281.6
157711,4940,57700,285.0
157721,4940,56000,276.6
157731,4940,57600,284.5
157741,4936,56000,276.4
157751,4940,57600,284.5
157761,4936,56000,276.4
157771,4940,57700,285.0
157781,4828,152800,737.7
157791,4940,57700,285.0
157801,4936,56000,276.4
157811,4940,57700,285.0
157821,4936,56100,276.9
157831,4940,57700,285.0
157841,4936,56700,279.9
157851,4936,57100,281.8
157861,4940,56700,280.1
157871,4940,57000,281.6
157881,4788,179900,861.4
157891,4940,56900,281.1
157901,4940,57700,285.0
157911,4936,56100,276.9
157921,4940,57600,284.5
157931,4940,56100,277.1
157941,4940,57700,285.0
157951,4936,56100,276.9
157961,4940,57700,285.0
157971,4936,56100,276.9
157981,4940,57600,284.5
157991,4820,56100,270.4
158001,4940,57600,284.5
158011,4936,56800,280.4
158021,4940,57000,281.6
158031,4940,56700,280.1
158041,4936,56900,280.9
158051,4936,56700,279.9
158061,4940,57100,282.1
158071,4940,57600,284.5
158081,4936,56100,276.9
158091,4844,59600,288.7
158101,4936,56100,276.9
158111,4940,57600,284.5
158121,4936,56100,276.9
158131,4940,57700,285.0
158142,4936,56100,276.9
158151,4940,57600,284.5
158161,4936,56100,276.9
158171,4940,57600,284.5
158181,4936,56400,278.4
158191,4940,57600,284.5
158201,4940,56700,280.1
158211,4940,57100,282.1
158221,4940,56700,280.1
158231,4940,57100,282.1
158241,4940,57600,284.5
158251,4936,56100,276.9
158261,4940,57700,285.0
158271,4940,56100,277.1
158281,4940,57600,284.5
158291,4936,56100,276.9
158301,4816,141500,681.5
158311,4936,56100,276.9
158321,4940,57700,285.0
158331,4936,56100,276.9
158341,4940,57600,284.5
158351,4936,56100,276.9
158361,4940,57700,285.0
158371,4940,56700,280.1
158381,4940,57000,281.6
158391,4936,56700,279.9
158401,4804,143200,687.9
158411,4936,57600,284.3
158421,4940,56300,278.1
158431,4940,57600,284.5
158441,4940,56200,277.6
158451,4940,57700,285.0
158461,4936,56100,276.9
158471,4940,57700,285.0
158481,4940,56000,276.6
158491,4940,57700,285.0
158501,4940,56100,277.1
158511,4940,57700,285.0
158521,4936,56100,276.9
158531,4940,57700,285.0
158541,4936,56800,280.4
158551,4940,56900,281.1
158561,4940,56700,280.1
158571,4940,57000,281.6
158581,4940,56900,281.1
158591,4940,57000,281.6
158601,4940,57700,285.0
158611,4752,87900,417.7
158621,4940,57700,285.0
158631,4940,56100,277.1
158641,4940,57700,285.0
158651,4936,56100,276.9
158661,4940,57700,285.0
158671,4936,56100,276.9
158681,4940,57700,285.0
158691,4940,56100,277.1
158701,4940,57600,284.5
158711,4936,59600,294.2
158721,4940,57200,282.6
158731,4940,56700,280.1
158741,4940,57000,281.6
158751,4940,56700,280.1
158761,4940,57000,281.6
158771,4940,57700,285.0
158781,4936,56100,276.9
158791,4940,57700,285.0
158801,4936,56000,276.4
158811,4940,57700,285.0
158821,4816,144300,694.9
158831,4940,57700,285.0
158841,4936,56000,276.4
158851,4940,57700,285.0
158861,4936,56100,276.9
158871,4940,57600,284.5
158881,4936,56100,276.9
158891,4940,57700,285.0
158901,4940,56700,280.1
158911,4940,57000,281.6
158921,4892,160600,785.7
158931,4936,57000,281.4
158941,4936,57700,284.8
158951,4936,56100,276.9
158961,4940,57700,285.0
158971,4936,56100,276.9
158981,4940,57700,285.0
158991,4936,56200,277.4
159001,4940,57700,285.0
159011,4936,56000,276.4
159021,4940,57600,284.5
159031,4824,209300,1009.7
159041,4940,57700,285.0
159051,4936,56100,276.9
159061,4940,57700,285.0
159071,4940,56800,280.6
159081,4936,57000,281.4
159091,4940,56700,280.1
159101,4940,57100,282.1
159111,4936,57600,284.3
159121,4940,56500,279.1
159131,4772,166000,792.2
159141,4936,56100,276.9
159151,4940,57700,285.0
159161,4936,56100,276.9
159171,4940,57700,285.0
159181,4936,56100,276.9
159191,4940,57700,285.0
159201,4936,56100,276.9
159211,4940,57700,285.0
159221,4936,56100,276.9
159231,4940,57700,285.0
159241,4828,56700,273.7
159251,4940,57000,281.6
159261,4936,56800,280.4
159271,4940,57000,281.6
159281,4940,56800,280.6
159291,4936,57000,281.4
159301,4940,57600,284.5
159311,4940,56100,277.1
159321,4940,57700,285.0
159331,4936,56100,276.9
159341,4840,135200,654.4
159351,4936,56100,276.9
159361,4940,57700,285.0
159371,4936,56000,276.4
159381,4940,57700,285.0
159391,4940,56100,277.1
159401,4940,57600,284.5
159411,4936,56700,279.9
159421,4940,57300,283.1
159431,4940,56700,280.1
159441,4940,57100,282.1
159451,4820,218900,1055.1
159461,4940,57000,281.6
159471,4940,57600,284.5
159481,4936,56100,276.9
159491,4940,57700,285.0
159501,4936,56100,276.9
159511,4940,57600,284.5
159521,4936,56200,277.4
159531,4940,57700,285.0
159541,4936,56100,276.9
159551,4816,152700,735.4
159561,4936,56200,277.4
159571,4940,57700,285.0
159581,4936,56100,276.9
159591,4940,57700,285.0
159601,4936,56700,279.9
159611,4940,57000,281.6
159621,4940,56700,280.1
159631,4940,57100,282.1
159641,4940,57700,285.0
159651,4940,56100,277.1
159661,4772,135200,645.2
159671,4940,56100,277.1
159681,4940,57700,285.0
159691,4936,56000,276.4
159701,4940,57700,285.0
159711,4936,56000,276.4
159721,4940,57600,284.5
159731,4936,56100,276.9
159741,4940,57700,285.0
159751,4936,56000,276.4
159761,4816,143700,692.1
159772,4940,56800,280.6
159781,4940,57100,282.1
159791,4940,56700,280.1
159801,4940,57000,281.6
159811,4940,57200,282.6
159821,4936,56900,280.9
159831,4940,57700,285.0
159841,4936,56200,277.4
159851,4940,57700,285.0
159861,4936,56100,276.9
159871,4720,138100,651.8
159881,4936,56100,276.9
159891,4940,57600,284.5
159901,4936,56100,276.9
159911,4940,57700,285.0
159921,4936,56000,276.4
159931,4940,57700,285.0
159941,4936,56800,280.4
159951,4940,57000,281.6
159961,4924,67200,330.9
159971,4940,57100,282.1
159981,4936,56800,280.4
159991,4940,57000,281.6
160001,4940,57700,285.0
160011,4936,56100,276.9
160021,4940,57700,285.0
160031,4936,56000,276.4
160041,4940,57700,285.0
160051,4936,56100,276.9
160061,4940,57600,284.5
160071,4936,56100,276.9
160081,4940,57600,284.5
160091,4936,56000,276.4
160101,4940,57700,285.0
160111,4936,56400,278.4
160121,4940,57600,284.5
160131,4940,56700,280.1
160141,4936,57000,281.4
160151,4940,56700,280.1
160161,4940,57100,282.1
160171,4940,57700,285.0
160181,4936,56200,277.4
160191,4940,57700,285.0
160201,4936,56000,276.4
160211,4940,57700,285.0
160221,4936,56000,276.4
160231,4940,57700,285.0
160241,4936,56000,276.4
160251,4940,57600,284.5
160261,4936,56100,276.9
160271,4940,57600,284.5
160281,4936,56100,276.9
160291,4940,57600,284.5
160301,4936,56700,279.9
160311,4940,57100,282.1
160321,4940,56600,279.6
160331,4936,57100,281.8
160341,4936,57700,284.8
160351,4940,56000,276.6
160361,4940,57600,284.5
160371,4936,56000,276.4
160381,4940,57600,284.5
160391,4936,56100,276.9
160401,4940,57600,284.5
160411,4936,56100,276.9
160421,4940,57600,284.5
160431,4936,56000,276.4
160441,4940,57700,285.0
160451,4936,56000,276.4
160461,4936,72100,355.9
160471,4936,56800,280.4
160481,4940,57100,282.1
160491,4936,56700,279.9
160501,4940,57000,281.6
160511,4940,57400,283.6
160521,4940,56600,279.6
160531,4940,57600,284.5
160541,4936,56100,276.9
160551,4940,57700,285.0
160561,4936,56100,276.9
160571,4940,57700,285.0
160581,4936,56100,276.9
160591,4940,57700,285.0
160601,4936,56000,276.4
160611,4940,57700,285.0
160621,4936,56100,276.9
160631,4940,57700,285.0
160641,4936,56600,279.4
160651,4940,57000,281.6
160661,4936,56700,279.9
160671,4940,57000,281.6
160681,4940,56800,280.6
160691,4940,57000,281.6
160701,4940,57600,284.5
160711,4936,56000,276.4
160721,4940,57600,284.5
160731,4936,56100,276.9
160741,4940,57600,284.5
160751,4936,56000,276.4
160761,4940,57600,284.5
160771,4940,56100,277.1
160781,4940,57600,284.5
160791,4936,56100,276.9
160801,4940,57700,285.0
160811,4940,56700,280.1
160821,4940,57100,282.1
160831,4940,56700,280.1
160841,4940,57000,281.6
160851,4936,56700,279.9
160861,4940,57000,281.6
160871,4940,57700,285.0
160881,4936,56000,276.4
160891,4940,57700,285.0
160901,4940,55900,276.1
160911,4940,57600,284.5
160921,4936,56000,276.4
160931,4940,57600,284.5
160941,4936,56000,276.4
160951,4940,57700,285.0
160961,4912,56100,275.6
160971,4940,57700,285.0
160981,4936,56200,277.4
160991,4940,57700,285.0
161001,4940,56700,280.1
161011,4940,57000,281.6
161021,4936,56700,279.9
161031,4940,57000,281.6
161041,4940,57600,284.5
161051,4936,56000,276.4
161061,4940,57600,284.5
161071,4816,144400,695.4
161081,4940,57700,285.0
161091,4936,56100,276.9
161101,4940,57600,284.5
161111,4940,56100,277.1
161121,4940,57600,284.5
161131,4940,56000,276.6
161141,4940,57600,284.5
161151,4936,56000,276.4
161161,4940,57600,284.5
161171,4936,56700,279.9
161181,4824,133900,645.9
161191,4940,56700,280.1
161201,4936,57000,281.4
161211,4940,57600,284.5
161221,4940,56400,278.6
161231,4940,57600,284.5
161241,4936,56000,276.4
161251,4940,57600,284.5
161261,4936,56100,276.9
161271,4940,57700,285.0
161281,4824,209000,1008.2
161291,4940,57700,285.0
161301,4940,56100,277.1
161311,4940,57700,285.0
161321,4936,56000,276.4
161331,4940,57600,284.5
161341,4936,56600,279.4
161351,4940,57000,281.6
161361,4940,56700,280.1
161371,4936,57100,281.8
161381,4936,56800,280.4
161391,4712,113100,532.9
161402,4940,57700,285.0
161411,4936,56100,276.9
161421,4940,57600,284.5
161431,4936,56000,276.4
161441,4940,57600,284.5
161451,4936,56000,276.4
161461,4940,57600,284.5
161471,4936,56000,276.4
161481,4940,57600,284.5
161491,4828,165400,798.6
161501,4940,57600,284.5
161511,4936,56700,279.9
161521,4940,57300,283.1
161531,4940,56700,280.1
161541,4936,57000,281.4
161551,4940,56700,280.1
161561,4940,57000,281.6
161571,4940,57700,285.0
161581,4940,56100,277.1
161591,4772,138700,661.9
161601,4936,56000,276.4
161611,4940,57600,284.5
161621,4940,56100,277.1
161631,4940,57700,285.0
161641,4936,56000,276.4
161651,4940,57600,284.5
161661,4940,56000,276.6
161671,4936,57600,284.3
161681,4936,56000,276.4
161691,4796,144200,691.6
161701,4936,56700,279.9
161711,4940,57000,281.6
161721,4940,56700,280.1
161731,4936,57000,281.4
161741,4936,57700,284.8
161751,4940,56000,276.6
161761,4940,57600,284.5
161771,4940,56000,276.6
161781,4940,57700,285.0
161791,4936,56000,276.4
161801,4820,137700,663.7
161811,4936,56100,276.9
161821,4940,57700,285.0
161831,4936,56100,276.9
161841,4940,57700,285.0
161851,4936,56100,276.9
161861,4940,57700,285.0
161871,4936,56700,279.9
161881,4940,57000,281.6
161891,4936,56700,279.9
161901,4940,56900,281.1
161911,4716,131600,620.6
161921,4940,56800,280.6
161931,4940,57500,284.1
161941,4936,56100,276.9
161951,4940,57700,285.0
161961,4936,56000,276.4
161971,4940,57600,284.5
161981,4936,56000,276.4
161991,4940,57700,285.0
162001,4936,56100,276.9
162011,4940,57700,285.0
162021,4824,165200,796.9
162031,4940,57700,285.0
162041,4936,56800,280.4
162051,4940,56900,281.1
162061,4940,56700,280.1
162071,4940,57000,281.6
162081,4940,56700,280.1
162091,4940,57000,281.6
162101,4940,57700,285.0
162111,4936,56100,276.9
162121,4940,57600,284.5
162131,4936,56000,276.4
162141,4940,57600,284.5
162151,4936,56000,276.4
162161,4940,57700,285.0
162171,4936,56000,276.4
162181,4940,57600,284.5
162191,4940,56100,277.1
162201,4940,57600,284.5
162211,4940,56400,278.6
162221,4940,57500,284.1
162231,4828,199000,960.8
162241,4940,57100,282.1
162251,4940,56700,280.1
162261,4940,57100,282.1
162271,4940,57600,284.5
162281,4936,56000,276.4
162291,4940,57700,285.0
162301,4936,56100,276.9
162311,4940,57600,284.5
162321,4936,56000,276.4
162331,4940,57600,284.5
162341,4936,56100,276.9
162351,4940,57700,285.0
162361,4936,56000,276.4
162371,4940,57600,284.5
162381,4936,56000,276.4
162391,4940,57700,285.0
162401,4936,56800,280.4
162411,4940,57000,281.6
162421,4936,56700,279.9
162431,4936,57000,281.4
162441,4816,143400,690.6
162451,4940,56300,278.1
162461,4940,57700,285.0
162471,4936,56000,276.4
162481,4940,57600,284.5
162491,4936,56000,276.4
162501,4940,57700,285.0
162511,4940,56100,277.1
162521,4940,57700,285.0
162531,4936,56000,276.4
162541,4940,57700,285.0
162551,4936,56100,276.9
162561,4940,57700,285.0
162571,4936,56800,280.4
162581,4940,57000,281.6
162591,4936,56700,279.9
162601,4940,57000,281.6
162611,4936,57000,281.4
162621,4940,57000,281.6
162631,4940,57200,282.6
162641,4936,56100,276.9
162651,4824,135400,653.2
162661,4936,56000,276.4
162671,4940,57600,284.5
162681,4940,56000,276.6
162691,4940,57700,285.0
162701,4940,56000,276.6
162711,4940,57700,285.0
162721,4936,56100,276.9
162731,4940,57700,285.0
162741,4936,56800,280.4
162751,4940,57100,282.1
162761,4940,56700,280.1
162771,4940,57100,282.1
162781,4936,56700,279.9
162791,4940,57000,281.6
162801,4940,57600,284.5
162811,4940,56000,276.6
162821,4940,57600,284.5
162831,4936,56000,276.4
162841,4940,57600,284.5
162851,4936,56000,276.4
162861,4940,57700,285.0
162871,4940,56000,276.6
162881,4940,57700,285.0
162891,4940,56000,276.6
162901,4940,57700,285.0
162911,4936,56100,276.9
162921,4940,57700,285.0
162931,4940,56700,280.1
162941,4940,57100,282.1
162951,4940,56700,280.1
162961,4940,57000,281.6
162971,4936,57600,284.3
162981,4940,56000,276.6
162991,4940,57600,284.5
163001,4936,56000,276.4
163011,4940,57700,285.0
163021,4936,56000,276.4
163031,4940,57600,284.5
163042,4940,56100,277.1
163051,4940,57700,285.0
163061,4940,56000,276.6
163071,4932,60700,299.4
163081,4936,56000,276.4
163091,4940,57700,285.0
163101,4940,56700,280.1
163111,4940,57000,281.6
163121,4940,56800,280.6
163131,4940,57000,281.6
163141,4940,57400,283.6
163151,4940,56500,279.1
163161,4940,57700,285.0
163171,4936,56000,276.4
163181,4940,57600,284.5
163191,4940,56100,277.1
163201,4940,57700,285.0
163211,4936,56100,276.9
163221,4940,57600,284.5
163231,4940,56000,276.6
163241,4940,57600,284.5
163251,4936,56000,276.4
163261,4940,57600,284.5
163271,4936,56700,279.9
163281,4936,70800,349.5
163291,4940,56700,280.1
163301,4940,57000,281.6
163311,4940,56800,280.6
163321,4940,57000,281.6
163331,4940,57700,285.0
163341,4936,56000,276.4
163351,4940,57600,284.5
163361,4936,56100,276.9
163371,4940,57600,284.5
163381,4936,56000,276.4
163391,4720,135500,639.6
163401,4936,56000,276.4
163411,4940,57700,285.0
163421,4936,56100,276.9
163431,4940,57700,285.0
163441,4936,56500,278.9
163451,4940,57500,284.1
163461,4940,56700,280.1
163471,4940,57000,281.6
163481,4936,56800,280.4
163491,4940,57000,281.6
163501,4852,57700,280.0
163511,4936,56100,276.9
163521,4940,57700,285.0
163531,4936,56100,276.9
163541,4940,57700,285.0
163551,4936,56100,276.9
163561,4940,57600,284.5
163571,4936,56000,276.4
163581,4940,57700,285.0
163591,4936,56100,276.9
163601,4940,57600,284.5
163611,4808,56100,269.7
163621,4940,57600,284.5
163631,4936,56700,279.9
163641,4940,57000,281.6
163651,4940,56700,280.1
163661,4940,57000,281.6
163671,4940,57600,284.5
163681,4940,56200,277.6
163691,4940,57600,284.5
163701,4940,56100,277.1
163711,4728,143900,680.4
163721,4936,56100,276.9
163731,4940,57700,285.0
163741,4936,56000,276.4
163751,4940,57700,285.0
163761,4936,56100,276.9
163771,4940,57700,285.0
163781,4936,56100,276.9
163791,4940,57700,285.0
163801,4936,56700,279.9
163811,4940,57100,282.1
163821,4820,213100,1027.1
163831,4936,57000,281.4
163841,4940,57000,281.6
163851,4940,56900,281.1
163861,4940,57200,282.6
163871,4936,56000,276.4
163881,4940,57600,284.5
163891,4936,56100,276.9
163901,4940,57700,285.0
163911,4936,56100,276.9
163921,4936,58000,286.3
163931,4940,56100,277.1
163941,4940,57700,285.0
163951,4936,56000,276.4
163961,4940,57700,285.0
163971,4940,56800,280.6
163981,4940,57100,282.1
163991,4940,56700,280.1
164001,4936,57000,281.4
164011,4940,56800,280.6
164021,4940,57000,281.6
164031,4852,57600,279.5
164041,4936,56100,276.9
164051,4940,57700,285.0
164061,4936,56100,276.9
164071,4940,57700,285.0
164081,4936,56000,276.4
164091,4940,57700,285.0
164101,4940,56100,277.1
164111,4940,57700,285.0
164121,4940,56100,277.1
164131,4836,135200,653.8
164141,4940,56100,277.1
164151,4940,57600,284.5
164161,4940,56700,280.1
164171,4936,57000,281.4
164181,4940,56700,280.1
164191,4940,57000,281.6
164201,4940,57700,285.0
164211,4940,56000,276.6
164221,4940,57600,284.5
164231,4816,206700,995.5
164241,4940,57700,285.0
164251,4936,56100,276.9
164261,4940,57700,285.0
164271,4936,56100,276.9
164281,4940,57700,285.0
164291,4940,56000,276.6
164301,4940,57700,285.0
164311,4936,56000,276.4
164321,4940,57700,285.0
164331,4816,143000,688.7
164341,4940,57000,281.6
164351,4936,56700,279.9
164361,4940,57000,281.6
164371,4940,57500,284.1
164381,4936,56500,278.9
164391,4940,57700,285.0
164401,4936,56100,276.9
164411,4940,57600,284.5
164421,4940,56100,277.1
164431,4940,57700,285.0
164441,4816,145300,699.8
164451,4940,57700,285.0
164461,4936,56000,276.4
164471,4940,57700,285.0
164481,4936,56100,276.9
164491,4940,57600,284.5
164501,4936,56700,279.9
164511,4940,57000,281.6
164521,4936,56800,280.4
164531,4940,57000,281.6
164541,4908,158900,779.9
164551,4940,57000,281.6
164561,4940,56900,281.1
164571,4940,56000,276.6
164581,4940,57700,285.0
164591,4936,56000,276.4
164601,4940,57600,284.5
164611,4936,56100,276.9
164621,4940,57600,284.5
164631,4936,56000,276.4
164641,4940,57700,285.0
164651,4804,59800,287.3
164661,4940,57700,285.0
164672,4940,56700,280.1
164681,4940,57500,284.1
164691,4936,56700,279.9
164701,4936,57000,281.4
164711,4936,56700,279.9
164721,4940,57100,282.1
164731,4940,57700,285.0
164741,4936,56100,276.9
164751,4940,57700,285.0
164761,4936,56100,276.9
164771,4940,57700,285.0
164781,4940,56000,276.6
164791,4940,57600,284.5
164801,4936,56100,276.9
164811,4940,57700,285.0
164821,4940,56000,276.6
164831,4940,57700,285.0
164841,4936,56100,276.9
164851,4940,57700,285.0
164861,4820,181400,874.3
164871,4940,57000,281.6
164881,4936,56800,280.4
164891,4940,57000,281.6
164901,4936,57700,284.8
164911,4940,56100,277.1
164921,4940,57700,285.0
164931,4936,56000,276.4
164941,4940,57600,284.5
164951,4936,56000,276.4
164961,4720,139900,660.3
164971,4936,56000,276.4
164981,4940,57600,284.5
164991,4936,56100,276.9
165001,4940,57700,285.0
165011,4936,56100,276.9
165021,4940,57600,284.5
165031,4936,56700,279.9
165041,4940,57000,281.6
165051,4940,56700,280.1
165061,4816,143100,689.2
165071,4940,57000,281.6
165081,4940,57000,281.6
165091,4940,57200,282.6
165101,4940,56100,277.1
165111,4940,57600,284.5
165121,4936,56100,276.9
165131,4940,57700,285.0
165141,4936,56100,276.9
165151,4936,57700,284.8
165161,4936,56100,276.9
165171,4816,143700,692.1
165181,4936,56100,276.9
165191,4940,57700,285.0
165201,4936,56800,280.4
165211,4940,57100,282.1
165221,4940,56800,280.6
165231,4940,57000,281.6
165241,4936,56700,279.9
165251,4940,57000,281.6
165261,4940,57700,285.0
165271,4940,56000,276.6
165281,4812,142400,685.2
165291,4940,56100,277.1
165301,4940,57700,285.0
165311,4936,56100,276.9
165321,4940,57700,285.0
165331,4936,56100,276.9
165341,4940,57600,284.5
165351,4936,56000,276.4
165361,4940,57700,285.0
165371,4936,56200,277.4
165381,4940,57600,284.5
165391,4816,56700,273.1
165401,4940,57000,281.6
165411,4936,56800,280.4
165421,4940,57000,281.6
165431,4940,57700,285.0
165441,4936,56000,276.4
165451,4940,57700,285.0
165461,4940,56200,277.6
165471,4940,57700,285.0
165481,4936,56100,276.9
165491,4940,57600,284.5
165501,4764,81100,386.4
165511,4940,57700,285.0
165521,4936,56100,276.9
165531,4940,57600,284.5
165541,4936,56000,276.4
165551,4940,57600,284.5
165561,4936,56700,279.9
165571,4940,57000,281.6
165581,4940,56700,280.1
165591,4940,57000,281.6
165601,4836,57400,277.6
165611,4940,56700,280.1
165621,4940,57600,284.5
165631,4936,56000,276.4
165641,4940,57600,284.5
165651,4936,56100,276.9
165661,4940,57700,285.0
165671,4936,56100,276.9
165681,4940,57600,284.5
165691,4936,56100,276.9
165701,4712,141000,664.4
165711,4936,56100,276.9
165721,4940,57600,284.5
165731,4936,56700,279.9
165741,4940,57000,281.6
165751,4940,56700,280.1
165761,4940,57000,281.6
165771,4940,56800,280.6
165781,4936,57000,281.4
165791,4940,56900,281.1
165801,4816,144500,695.9
165811,4940,57700,285.0
165821,4940,56000,276.6
165831,4940,57600,284.5
165841,4940,56000,276.6
165851,4940,57600,284.5
165861,4940,56100,277.1
165871,4940,57700,285.0
165881,4940,56000,276.6
165891,4940,57600,284.5
165901,4936,56500,278.9
165911,4816,146900,707.5
165921,4936,56800,280.4
165931,4940,57100,282.1
165941,4940,56800,280.6
165951,4940,57000,281.6
165961,4940,57600,284.5
165971,4936,56100,276.9
165981,4940,57700,285.0
165991,4936,56100,276.9
166001,4940,57700,285.0
166011,4808,142000,682.7
166021,4940,57700,285.0
166031,4936,56100,276.9
166041,4940,57700,285.0
166051,4936,56100,276.9
166061,4940,57800,285.5
166071,4936,56100,276.9
166081,4940,57700,285.0
166091,4940,56700,280.1
166101,4940,57000,281.6
166111,4940,58800,290.5
166121,4936,57000,281.4
166131,4940,57800,285.5
166141,4940,56200,277.6
166151,4940,57700,285.0
166161,4936,56100,276.9
166171,4940,57600,284.5
166181,4936,56100,276.9
166191,4940,57600,284.5
166201,4940,56100,277.1
166211,4940,57600,284.5
166221,4780,72800,348.0
166231,4940,57700,285.0
166241,4936,56000,276.4
166251,4940,57700,285.0
166261,4936,56700,279.9
166271,4940,57000,281.6
166281,4940,56700,280.1
166291,4940,57000,281.6
166301,4940,57000,281.6
166315,4916,157100,772.3
166321,4824,147100,709.6
166331,4936,56100,276.9
166341,4940,57600,284.5
166351,4940,56000,276.6
166361,4940,57700,285.0
166371,4940,56000,276.6
166381,4940,57700,285.0
166391,4936,56100,276.9
166401,4940,57700,285.0
166411,4936,56100,276.9
166421,4940,57600,284.5
166431,4808,57300,275.5
166441,4940,57200,282.6
166451,4940,56600,279.6
166461,4940,57000,281.6
166471,4940,56600,279.6
166481,4940,57000,281.6
166491,4940,56700,280.1
166501,4936,56000,276.4
166511,4940,57600,284.5
166521,4936,56100,276.9
166531,4940,57700,285.0
166541,4936,56100,276.9
166551,4940,57600,284.5
166561,4936,56000,276.4
166571,4940,57700,285.0
166581,4936,56100,276.9
166591,4940,57600,284.5
166601,4936,56200,277.4
166611,4940,57600,284.5
166621,4936,56700,279.9
166631,4940,56900,281.1
166641,4828,210600,1016.8
166651,4940,57000,281.6
166661,4940,57700,285.0
166671,4936,56000,276.4
166681,4940,57600,284.5
166691,4940,56100,277.1
166701,4940,57600,284.5
166711,4936,56100,276.9
166721,4940,57600,284.5
166731,4936,56000,276.4
166741,4940,57600,284.5
166751,4936,56000,276.4
166761,4940,57700,285.0
166771,4936,56000,276.4
166781,4940,57700,285.0
166791,4940,56800,280.6
166801,4940,57000,281.6
166811,4940,56700,280.1
166821,4940,56900,281.1
166831,4936,57500,283.8
166841,4940,56500,279.1
166851,4940,57600,284.5
166861,4940,56100,277.1
166871,4940,57600,284.5
166881,4936,56100,276.9
166891,4940,57700,285.0
166901,4936,56000,276.4
166911,4940,57700,285.0
166921,4936,56100,276.9
166931,4940,57600,284.5
166941,4936,56000,276.4
166951,4940,57600,284.5
166961,4912,56800,279.0
166971,4940,56900,281.1
166981,4936,56700,279.9
166991,4940,57100,282.1
167001,4940,56800,280.6
167011,4940,57100,282.1
167021,4940,56800,280.6
167031,4936,56000,276.4
167041,4940,57700,285.0
167051,4936,56000,276.4
167061,4940,57700,285.0
167071,4940,56100,277.1
167081,4940,57600,284.5
167091,4936,56100,276.9
167101,4940,57700,285.0
167111,4936,56100,276.9
167121,4940,57700,285.0
167131,4936,56700,279.9
167141,4940,57300,283.1
167151,4936,56700,279.9
167161,4940,57100,282.1
167171,4940,56700,280.1
167181,4940,57000,281.6
167191,4936,56700,279.9
167201,4936,56100,276.9
167211,4940,57600,284.5
167221,4936,56100,276.9
167231,4940,57600,284.5
167241,4936,56100,276.9
167251,4940,57600,284.5
167261,4936,56100,276.9
167271,4940,57600,284.5
167281,4936,56100,276.9
167291,4940,57600,284.5
167301,4936,56000,276.4
167311,4940,57600,284.5
167321,4936,56700,279.9
167331,4940,57000,281.6
167341,4940,56700,280.1
167351,4940,57000,281.6
167361,4936,57600,284.3
167371,4940,56000,276.6
167381,4940,57600,284.5
167391,4936,56000,276.4
167401,4940,57700,285.0
167411,4936,56000,276.4
167421,4940,57600,284.5
167431,4936,56100,276.9
167441,4940,57600,284.5
167451,4936,56000,276.4
167461,4940,57600,284.5
167471,4936,140200,692.0
167481,4940,57600,284.5
167491,4936,56600,279.4
167501,4940,57000,281.6
167511,4940,56800,280.6
167521,4940,57000,281.6
167531,4936,57500,283.8
167541,4940,56400,278.6
167551,4940,57600,284.5
167561,4940,56000,276.6
167571,4940,57600,284.5
167581,4936,56000,276.4
167591,4940,57700,285.0
167601,4936,56000,276.4
167611,4940,57700,285.0
167621,4936,56000,276.4
167631,4940,57600,284.5
167641,4936,56000,276.4
167651,4940,57700,285.0
167661,4936,56600,279.4
167671,4940,57100,282.1
167681,4940,56700,280.1
167691,4940,57000,281.6
167701,4936,57000,281.4
167711,4940,56900,281.1
167721,4940,57100,282.1
167731,4940,56000,276.6
167741,4940,57600,284.5
167751,4940,56000,276.6
167761,4940,57700,285.0
167771,4936,56000,276.4
167781,4940,57700,285.0
167791,4936,56100,276.9
167801,4940,57600,284.5
167811,4936,56100,276.9
167821,4940,57600,284.5
167831,4936,56800,280.4
167841,4940,57000,281.6
167851,4940,56700,280.1
167861,4940,57000,281.6
167871,4940,56700,280.1
167881,4940,56900,281.1
167891,4940,56700,280.1
167901,4936,56000,276.4
167911,4940,57700,285.0
167921,4936,56000,276.4
167931,4940,57600,284.5
167941,4940,56000,276.6
167952,4940,57600,284.5
167961,4936,56100,276.9
167971,4940,57600,284.5
167981,4784,70400,336.8
167991,4940,57700,285.0
168001,4936,56300,277.9
168011,4940,57600,284.5
168021,4940,56700,280.1
168031,4940,57000,281.6
168041,4940,56700,280.1
168051,4940,57000,281.6
168061,4936,56700,279.9
168071,4936,56100,276.9
168081,4940,57600,284.5
168091,4936,56000,276.4
168101,4940,57600,284.5
168111,4936,56100,276.9
168121,4940,57600,284.5
168131,4940,56000,276.6
168141,4940,57700,285.0
168151,4940,56000,276.6
168161,4940,57600,284.5
168171,4936,56000,276.4
168181,4940,57600,284.5
168191,4940,56700,280.1
168201,4936,56900,280.9
168211,4940,56700,280.1
168221,4940,57000,281.6
168231,4940,57600,284.5
168241,4940,56000,276.6
168251,4940,57600,284.5
168261,4940,56000,276.6
168271,4940,57600,284.5
168281,4936,56000,276.4
168291,4940,57600,284.5
168301,4936,56000,276.4
168311,4940,57600,284.5
168321,4940,56000,276.6
168331,4940,57700,285.0
168341,4936,56000,276.4
168351,4940,57600,284.5
168361,4940,56700,280.1
168371,4940,57000,281.6
168381,4940,56700,280.1
168391,4940,56900,281.1
168401,4936,57400,283.3
168411,4940,56600,279.6
168421,4940,57500,284.1
168431,4936,56100,276.9
168441,4940,57600,284.5
168451,4936,55900,275.9
168461,4940,57700,285.0
168471,4936,56000,276.4
168481,4816,142600,686.8
168491,4936,56000,276.4
168501,4940,57600,284.5
168511,4940,56000,276.6
168521,4940,57700,285.0
168531,4936,56700,279.9
168541,4940,57000,281.6
168551,4940,56700,280.1
168561,4940,57000,281.6
168571,4940,56700,280.1
168581,4940,57100,282.1
168591,4940,56900,281.1
168601,4936,56100,276.9
168611,4940,57600,284.5
168621,4936,56000,276.4
168631,4940,57600,284.5
168641,4936,56100,276.9
168651,4940,57700,285.0
168661,4936,56100,276.9
168671,4940,57600,284.5
168681,4936,56100,276.9
168691,4940,57600,284.5
168701,4936,56700,279.9
168711,4940,57200,282.6
168721,4936,56600,279.4
168731,4940,57000,281.6
168741,4940,56600,279.6
168751,4940,57000,281.6
168761,4940,56700,280.1
168771,4936,56000,276.4
168781,4940,57600,284.5
168791,4936,56100,276.9
168801,4940,57600,284.5
168811,4936,56100,276.9
168821,4940,57600,284.5
168831,4936,56100,276.9
168841,4940,57600,284.5
168851,4936,56000,276.4
168861,4940,57600,284.5
168871,4936,56100,276.9
168881,4940,57700,285.0
168891,4940,56700,280.1
168901,4940,57000,281.6
168911,4940,56700,280.1
168921,4940,56900,281.1
168931,4940,57600,284.5
168941,4940,56000,276.6
168951,4940,57600,284.5
168961,4940,56000,276.6
168971,4940,57600,284.5
168981,4816,143300,690.1
168991,4940,57600,284.5
169001,4936,56000,276.4
169011,4940,57600,284.5
169021,4936,56100,276.9
169031,4940,57600,284.5
169041,4936,56000,276.4
169051,4940,57600,284.5
169061,4936,56700,279.9
169071,4940,57000,281.6
169081,4936,56700,279.9
169091,4940,56900,281.1
169101,4940,57500,284.1
169111,4936,56300,277.9
169121,4940,57700,285.0
169131,4940,56100,277.1
169141,4940,57600,284.5
169151,4940,56000,276.6
169161,4940,57600,284.5
169171,4936,56000,276.4
169181,4940,57600,284.5
169191,4936,56000,276.4
169201,4940,57600,284.5
169211,4936,56000,276.4
169221,4940,57600,284.5
169231,4940,56700,280.1
169241,4940,56900,281.1
169251,4940,56600,279.6
169261,4940,57000,281.6
169271,4936,56900,280.9
169281,4940,56800,280.6
169291,4940,57300,283.1
169301,4936,56000,276.4
169311,4940,57600,284.5
169321,4940,56000,276.6
169331,4940,57700,285.0
169341,4936,56100,276.9
169351,4940,57700,285.0
169361,4936,56100,276.9
169371,4940,57700,285.0
169381,4936,56000,276.4
169391,4936,57600,284.3
169401,4936,56700,279.9
169411,4940,57000,281.6
169421,4940,56700,280.1
169431,4940,57000,281.6
169441,4940,56600,279.6
169451,4940,57000,281.6
169461,4940,56700,280.1
169471,4936,56000,276.4
169481,4940,57600,284.5
169491,4816,144900,697.8
169501,4940,57700,285.0
169511,4936,56000,276.4
169521,4940,57600,284.5
169531,4940,56100,277.1
169541,4940,57700,285.0
169551,4936,56100,276.9
169561,4940,57700,285.0
169571,4936,56400,278.4
169582,4936,57000,281.4
169591,4936,56700,279.9
169601,4940,57000,281.6
169611,4936,56700,279.9
169621,4936,57000,281.4
169631,4940,56700,280.1
169641,4936,56100,276.9
169651,4940,57600,284.5
169661,4936,56100,276.9
169671,4940,57600,284.5
169681,4936,56000,276.4
169691,4940,57600,284.5
169701,4936,56000,276.4
169711,4940,57700,285.0
169721,4936,56100,276.9
169731,4940,57600,284.5
169741,4936,56100,276.9
169751,4940,57600,284.5
169761,4940,56700,280.1
169771,4940,57000,281.6
169781,4940,56700,280.1
169791,4940,57000,281.6
169801,4936,57600,284.3
169811,4940,56000,276.6
169821,4940,57600,284.5
169831,4936,56100,276.9
169841,4940,57600,284.5
169851,4940,56100,277.1
169861,4940,57700,285.0
169871,4936,56000,276.4
169881,4940,57600,284.5
169891,4936,56100,276.9
169901,4940,57600,284.5
169911,4936,56100,276.9
169921,4940,57600,284.5
169931,4940,56700,280.1
169941,4940,57000,281.6
169951,4940,56700,280.1
169961,4828,73000,352.4
169971,4936,57300,282.8
169981,4936,56700,279.9
169991,4940,57500,284.1
170001,4940,56100,277.1
170011,4940,57600,284.5
170021,4936,56100,276.9
170031,4940,57600,284.5
170041,4940,56000,276.6
170051,4940,57600,284.5
170061,4936,56100,276.9
170071,4940,57700,285.0
170081,4936,56000,276.4
170091,4940,57800,285.5
170101,4936,56700,279.9
170111,4940,57000,281.6
170121,4936,56700,279.9
170131,4940,57000,281.6
170141,4940,56700,280.1
170151,4940,57000,281.6
170161,4940,56800,280.6
170171,4824,129300,623.7
170181,4940,57600,284.5
170191,4936,56100,276.9
170201,4940,57600,284.5
170211,4940,56000,276.6
170221,4940,57700,285.0
170231,4936,56000,276.4
170241,4940,57600,284.5
170251,4940,56000,276.6
170261,4940,57700,285.0
170271,4940,56400,278.6
170281,4940,57600,284.5
170291,4936,56800,280.4
170301,4940,57000,281.6
170311,4940,56700,280.1
170321,4940,57000,281.6
170331,4940,56800,280.6
170341,4940,56100,277.1
170351,4940,57700,285.0
170361,4936,56100,276.9
170371,4940,57600,284.5
170381,4828,138100,666.7
170391,4940,57600,284.5
170401,4936,56000,276.4
170411,4940,57600,284.5
170421,4936,56000,276.4
170431,4940,57700,285.0
170441,4936,56000,276.4
170451,4940,57700,285.0
170461,4940,56700,280.1
170471,4940,57000,281.6
170481,4924,152000,748.4
170491,4940,57000,281.6
170501,4936,57600,284.3
170511,4936,56200,277.4
170521,4940,57700,285.0
170531,4936,56000,276.4
170541,4940,57600,284.5
170551,4936,56000,276.4
170561,4940,57700,285.0
170571,4940,56000,276.6
170581,4940,60600,299.4
170591,4936,56000,276.4
170601,4940,57700,285.0
170611,4936,56100,276.9
170621,4940,57600,284.5
170631,4936,56700,279.9
170641,4940,57000,281.6
170651,4936,56700,279.9
170661,4940,57100,282.1
170671,4940,57000,281.6
170681,4936,56900,280.9
170691,4812,142500,685.7
170701,4936,56200,277.4
170711,4940,57700,285.0
170721,4936,56100,276.9
170731,4940,57700,285.0
170741,4936,56100,276.9
170751,4940,57700,285.0
170761,4936,56100,276.9
170771,4940,57600,284.5
170781,4940,56000,276.6
170791,4936,57700,284.8
170801,4936,56800,280.4
170811,4940,57200,282.6
170821,4940,56700,280.1
170831,4940,57000,281.6
170841,4936,56700,279.9
170851,4940,57000,281.6
170861,4940,56700,280.1
170871,4940,56000,276.6
170881,4940,57700,285.0
170891,4936,56100,276.9
170901,4828,150600,727.1
170911,4940,56100,277.1
170921,4940,57700,285.0
170931,4936,56100,276.9
170941,4940,57700,285.0
170951,4936,56100,276.9
170961,4940,57600,284.5
170971,4936,56100,276.9
170981,4940,57600,284.5
170991,4940,56700,280.1
171001,4936,57000,281.4
171011,4808,142700,686.1
171021,4940,57100,282.1
171031,4936,56800,280.4
171041,4940,56000,276.6
171051,4940,57600,284.5
171061,4936,56100,276.9
171071,4940,57600,284.5
171081,4936,56100,276.9
171091,4940,57600,284.5
171101,4936,56100,276.9
171111,4940,57700,285.0
171121,4816,135800,654.0
171131,4940,57700,285.0
171141,4936,56000,276.4
171151,4940,57600,284.5
171161,4940,56800,280.6
171171,4940,57000,281.6
171181,4936,56700,279.9
171191,4940,57000,281.6
171201,4940,57400,283.6
171211,4940,56600,279.6
171222,4812,142900,687.6
171231,4940,56000,276.6
171241,4940,57700,285.0
171251,4936,56000,276.4
171261,4940,57700,285.0
171271,4936,56000,276.4
171281,4940,57700,285.0
171291,4940,56000,276.6
171301,4940,57700,285.0
171311,4936,56100,276.9
171321,4940,57600,284.5
171331,4768,214500,1022.7
171341,4940,56900,281.1
171351,4940,56700,280.1
171361,4940,57000,281.6
171371,4936,56700,279.9
171381,4940,57000,281.6
171391,4940,56800,280.6
171401,4936,56100,276.9
171411,4940,57600,284.5
171421,4936,56000,276.4
171431,4940,57700,285.0
171441,4720,102300,482.9
171451,4940,57600,284.5
171461,4940,56100,277.1
171471,4940,57600,284.5
171481,4936,56100,276.9
171491,4940,57700,285.0
171501,4940,56400,278.6
171511,4940,57500,284.1
171521,4936,56600,279.4
171531,4936,57100,281.8
171541,4924,151900,748.0
171551,4940,57000,281.6
171561,4936,56800,280.4
171571,4936,56000,276.4
171581,4940,57700,285.0
171591,4936,56100,276.9
171601,4940,57700,285.0
171611,4940,56100,277.1
171621,4936,57700,284.8
171631,4936,56100,276.9
171641,4940,57700,285.0
171651,4760,82500,392.7
171661,4940,57700,285.0
171671,4936,56100,276.9
171681,4936,57600,284.3
171691,4936,56700,279.9
171701,4940,56900,281.1
171711,4936,56700,279.9
171721,4940,57000,281.6
171731,4936,57700,284.8
171741,4940,56200,277.6
171751,4740,143500,680.2
171761,4940,56100,277.1
171771,4940,57700,285.0
171781,4936,56100,276.9
171791,4940,57700,285.0
171801,4940,56000,276.6
171811,4940,57700,285.0
171821,4936,56100,276.9
171831,4940,57700,285.0
171841,4936,56000,276.4
171851,4796,143200,686.8
171861,4940,56800,280.6
171871,4940,57000,281.6
171881,4940,56800,280.6
171891,4940,57000,281.6
171901,4940,56900,281.1
171911,4940,57000,281.6
171921,4940,57200,282.6
171931,4936,56000,276.4
171941,4940,57700,285.0
171951,4940,56100,277.1
171961,4812,142200,684.3
171971,4936,56100,276.9
171981,4940,57700,285.0
171991,4936,56000,276.4
172001,4940,57600,284.5
172011,4936,56000,276.4
172021,4940,57700,285.0
172031,4936,56800,280.4
172041,4940,57100,282.1
172051,4940,56700,280.1
172061,4932,62800,309.7
172071,4936,56700,279.9
172081,4940,57000,281.6
172091,4940,56700,280.1
172101,4936,56100,276.9
172111,4940,57700,285.0
172121,4936,56000,276.4
172131,4940,57700,285.0
172141,4940,56000,276.6
172151,4940,57600,284.5
172161,4936,56100,276.9
172171,4824,138900,670.1
172181,4936,56100,276.9
172191,4940,57700,285.0
172201,4936,56000,276.4
172211,4940,57700,285.0
172221,4940,56600,279.6
172231,4940,57000,281.6
172241,4936,56700,279.9
172251,4940,57000,281.6
172261,4936,56700,279.9
172271,4940,56000,276.6
172281,4940,57700,285.0
172291,4940,56100,277.1
172301,4940,57600,284.5
172311,4940,56100,277.1
172321,4940,57600,284.5
172331,4936,56100,276.9
172341,4940,57700,285.0
172351,4940,56100,277.1
172361,4940,57700,285.0
172371,4936,56000,276.4
172381,4940,57700,285.0
172391,4940,56800,280.6
172401,4940,57000,281.6
172411,4940,56700,280.1
172421,4940,56900,281.1
172431,4940,57400,283.6
172441,4940,56500,279.1
172451,4940,57600,284.5
172461,4936,55900,275.9
172471,4940,56900,281.1
172481,4940,55900,276.1
172491,4940,56800,280.6
172501,4940,55800,275.7
172511,4940,56900,281.1
172521,4940,55900,276.1
172531,4940,56800,280.6
172541,4940,55900,276.1
172551,4940,56800,280.6
# summary, ms_total=172553, adv_count=1166, E_total_mJ=52536.670, subject=uccs_d4b_scan90
# diag, samples=17255, rate_hz=100.00, mean_v=4.931, mean_i=61.854, mean_p_mW=304.5, parse_drop=0
