prog_id,ms,mV,uA,p_mW,tick_raw
# meta, firmware=TXSD_DeltaE_Sweep, program_id=TXSD_DELTAE_SWEEP_20260115, build=Jan 16 2026 11:40:40
TXSD_DELTAE_SWEEP_20260115,12,3316,14400,47.8,7681
TXSD_DELTAE_SWEEP_20260115,21,3316,14500,48.1,7681
TXSD_DELTAE_SWEEP_20260115,31,3316,14500,48.1,7681
TXSD_DELTAE_SWEEP_20260115,41,3316,14400,47.8,7681
TXSD_DELTAE_SWEEP_20260115,51,3316,14300,47.4,7681
TXSD_DELTAE_SWEEP_20260115,61,3316,14300,47.4,7681
TXSD_DELTAE_SWEEP_20260115,71,3316,14400,47.8,7681
TXSD_DELTAE_SWEEP_20260115,81,3316,14400,47.8,7681
TXSD_DELTAE_SWEEP_20260115,91,3312,14400,47.7,7681
TXSD_DELTAE_SWEEP_20260115,101,3316,14400,47.8,7681
TXSD_DELTAE_SWEEP_20260115,111,3316,14500,48.1,7681
TXSD_DELTAE_SWEEP_20260115,121,3316,14500,48.1,7681
TXSD_DELTAE_SWEEP_20260115,131,3316,14500,48.1,7681
TXSD_DELTAE_SWEEP_20260115,141,3316,14400,47.8,7681
TXSD_DELTAE_SWEEP_20260115,151,3316,14400,47.8,7681
TXSD_DELTAE_SWEEP_20260115,161,3316,14400,47.8,7681
TXSD_DELTAE_SWEEP_20260115,171,3316,14500,48.1,7681
TXSD_DELTAE_SWEEP_20260115,181,3316,14400,47.8,7681
TXSD_DELTAE_SWEEP_20260115,191,3316,14400,47.8,7681
TXSD_DELTAE_SWEEP_20260115,201,3316,14400,47.8,7681
TXSD_DELTAE_SWEEP_20260115,211,3316,14400,47.8,7681
TXSD_DELTAE_SWEEP_20260115,221,3316,14500,48.1,7681
TXSD_DELTAE_SWEEP_20260115,231,3316,14400,47.8,7681
TXSD_DELTAE_SWEEP_20260115,241,3316,14400,47.8,7681
TXSD_DELTAE_SWEEP_20260115,251,3312,14300,47.4,7681
TXSD_DELTAE_SWEEP_20260115,261,3316,14400,47.8,7681
TXSD_DELTAE_SWEEP_20260115,271,3316,14400,47.8,7681
TXSD_DELTAE_SWEEP_20260115,281,3316,14400,47.8,7681
TXSD_DELTAE_SWEEP_20260115,291,3316,14500,48.1,7681
TXSD_DELTAE_SWEEP_20260115,301,3316,14400,47.8,7681
TXSD_DELTAE_SWEEP_20260115,311,3316,14400,47.8,7681
TXSD_DELTAE_SWEEP_20260115,321,3316,14500,48.1,7681
TXSD_DELTAE_SWEEP_20260115,331,3316,14400,47.8,7681
TXSD_DELTAE_SWEEP_20260115,341,3316,14400,47.8,7681
TXSD_DELTAE_SWEEP_20260115,351,3316,14400,47.8,7681
TXSD_DELTAE_SWEEP_20260115,361,3316,14400,47.8,7681
TXSD_DELTAE_SWEEP_20260115,371,3316,14500,48.1,7681
TXSD_DELTAE_SWEEP_20260115,381,3316,14400,47.8,7681
TXSD_DELTAE_SWEEP_20260115,391,3316,14500,48.1,7681
TXSD_DELTAE_SWEEP_20260115,401,3316,14400,47.8,7681
TXSD_DELTAE_SWEEP_20260115,411,3316,14400,47.8,7681
TXSD_DELTAE_SWEEP_20260115,421,3316,14400,47.8,7681
TXSD_DELTAE_SWEEP_20260115,431,3316,14500,48.1,7681
TXSD_DELTAE_SWEEP_20260115,441,3316,14400,47.8,7681
TXSD_DELTAE_SWEEP_20260115,451,3316,14500,48.1,7681
TXSD_DELTAE_SWEEP_20260115,461,3316,14400,47.8,7681
TXSD_DELTAE_SWEEP_20260115,471,3316,14400,47.8,7681
TXSD_DELTAE_SWEEP_20260115,481,3316,14400,47.8,7681
TXSD_DELTAE_SWEEP_20260115,491,3316,14400,47.8,7681
TXSD_DELTAE_SWEEP_20260115,501,3316,14400,47.8,7681
TXSD_DELTAE_SWEEP_20260115,511,3316,14400,47.8,7681
TXSD_DELTAE_SWEEP_20260115,521,3316,14500,48.1,7681
TXSD_DELTAE_SWEEP_20260115,531,3316,14400,47.8,7681
TXSD_DELTAE_SWEEP_20260115,541,3316,14500,48.1,7681
TXSD_DELTAE_SWEEP_20260115,551,3316,14400,47.8,7681
TXSD_DELTAE_SWEEP_20260115,561,3316,14500,48.1,7681
TXSD_DELTAE_SWEEP_20260115,571,3316,14400,47.8,7681
TXSD_DELTAE_SWEEP_20260115,581,3316,14400,47.8,7681
TXSD_DELTAE_SWEEP_20260115,591,3316,14500,48.1,7681
TXSD_DELTAE_SWEEP_20260115,601,3316,14500,48.1,7681
TXSD_DELTAE_SWEEP_20260115,611,3316,14400,47.8,7681
TXSD_DELTAE_SWEEP_20260115,621,3316,14400,47.8,7681
TXSD_DELTAE_SWEEP_20260115,631,3316,14400,47.8,7681
TXSD_DELTAE_SWEEP_20260115,641,3312,14400,47.7,7681
TXSD_DELTAE_SWEEP_20260115,651,3316,14400,47.8,7681
TXSD_DELTAE_SWEEP_20260115,661,3316,14300,47.4,7681
TXSD_DELTAE_SWEEP_20260115,671,3316,14500,48.1,7681
TXSD_DELTAE_SWEEP_20260115,681,3316,14400,47.8,7681
TXSD_DELTAE_SWEEP_20260115,691,3316,14400,47.8,7681
TXSD_DELTAE_SWEEP_20260115,701,3316,14500,48.1,7681
TXSD_DELTAE_SWEEP_20260115,711,3316,14400,47.8,7681
TXSD_DELTAE_SWEEP_20260115,721,3316,14400,47.8,7681
TXSD_DELTAE_SWEEP_20260115,731,3316,14500,48.1,7681
TXSD_DELTAE_SWEEP_20260115,741,3316,14400,47.8,7681
TXSD_DELTAE_SWEEP_20260115,751,3316,14400,47.8,7681
TXSD_DELTAE_SWEEP_20260115,763,3316,14400,47.8,7681
TXSD_DELTAE_SWEEP_20260115,771,3316,14400,47.8,7681
TXSD_DELTAE_SWEEP_20260115,781,3316,14400,47.8,7681
TXSD_DELTAE_SWEEP_20260115,791,3316,14400,47.8,7681
TXSD_DELTAE_SWEEP_20260115,801,3316,14400,47.8,7682
TXSD_DELTAE_SWEEP_20260115,811,3316,14400,47.8,7682
TXSD_DELTAE_SWEEP_20260115,821,3316,14400,47.8,7682
TXSD_DELTAE_SWEEP_20260115,831,3316,14400,47.8,7682
TXSD_DELTAE_SWEEP_20260115,841,3316,14600,48.4,7682
TXSD_DELTAE_SWEEP_20260115,851,3316,14400,47.8,7682
TXSD_DELTAE_SWEEP_20260115,861,3316,14400,47.8,7682
TXSD_DELTAE_SWEEP_20260115,871,3316,14400,47.8,7682
TXSD_DELTAE_SWEEP_20260115,881,3316,14400,47.8,7682
TXSD_DELTAE_SWEEP_20260115,891,3316,14400,47.8,7682
TXSD_DELTAE_SWEEP_20260115,901,3316,14500,48.1,7682
TXSD_DELTAE_SWEEP_20260115,911,3316,14400,47.8,7682
TXSD_DELTAE_SWEEP_20260115,921,3316,14400,47.8,7682
TXSD_DELTAE_SWEEP_20260115,931,3316,14400,47.8,7682
TXSD_DELTAE_SWEEP_20260115,941,3316,14400,47.8,7682
TXSD_DELTAE_SWEEP_20260115,951,3316,14400,47.8,7682
TXSD_DELTAE_SWEEP_20260115,961,3316,14300,47.4,7682
TXSD_DELTAE_SWEEP_20260115,971,3316,14400,47.8,7682
TXSD_DELTAE_SWEEP_20260115,981,3316,14400,47.8,7682
TXSD_DELTAE_SWEEP_20260115,991,3316,14500,48.1,7682
TXSD_DELTAE_SWEEP_20260115,1001,3316,14400,47.8,7682
TXSD_DELTAE_SWEEP_20260115,1011,3316,14400,47.8,7682
TXSD_DELTAE_SWEEP_20260115,1021,3316,14400,47.8,7682
TXSD_DELTAE_SWEEP_20260115,1031,3316,14500,48.1,7682
TXSD_DELTAE_SWEEP_20260115,1041,3316,14400,47.8,7682
TXSD_DELTAE_SWEEP_20260115,1051,3316,14500,48.1,7682
TXSD_DELTAE_SWEEP_20260115,1061,3316,14400,47.8,7682
TXSD_DELTAE_SWEEP_20260115,1071,3316,14400,47.8,7682
TXSD_DELTAE_SWEEP_20260115,1081,3316,14500,48.1,7682
TXSD_DELTAE_SWEEP_20260115,1091,3316,14400,47.8,7682
TXSD_DELTAE_SWEEP_20260115,1101,3316,14400,47.8,7682
TXSD_DELTAE_SWEEP_20260115,1111,3316,14400,47.8,7682
TXSD_DELTAE_SWEEP_20260115,1121,3316,14500,48.1,7682
TXSD_DELTAE_SWEEP_20260115,1131,3316,14400,47.8,7682
TXSD_DELTAE_SWEEP_20260115,1141,3316,14400,47.8,7682
TXSD_DELTAE_SWEEP_20260115,1151,3316,14400,47.8,7682
TXSD_DELTAE_SWEEP_20260115,1161,3316,14500,48.1,7682
TXSD_DELTAE_SWEEP_20260115,1171,3316,14400,47.8,7682
TXSD_DELTAE_SWEEP_20260115,1181,3316,14500,48.1,7682
TXSD_DELTAE_SWEEP_20260115,1191,3316,14400,47.8,7682
TXSD_DELTAE_SWEEP_20260115,1201,3316,14400,47.8,7682
TXSD_DELTAE_SWEEP_20260115,1211,3316,14400,47.8,7682
TXSD_DELTAE_SWEEP_20260115,1221,3316,14400,47.8,7682
TXSD_DELTAE_SWEEP_20260115,1231,3316,14400,47.8,7682
TXSD_DELTAE_SWEEP_20260115,1241,3316,14400,47.8,7682
TXSD_DELTAE_SWEEP_20260115,1251,3316,14400,47.8,7682
TXSD_DELTAE_SWEEP_20260115,1261,3316,14400,47.8,7682
TXSD_DELTAE_SWEEP_20260115,1271,3316,14500,48.1,7682
TXSD_DELTAE_SWEEP_20260115,1281,3316,14400,47.8,7682
TXSD_DELTAE_SWEEP_20260115,1291,3316,14400,47.8,7682
TXSD_DELTAE_SWEEP_20260115,1301,3316,14400,47.8,7682
TXSD_DELTAE_SWEEP_20260115,1311,3316,14500,48.1,7682
TXSD_DELTAE_SWEEP_20260115,1321,3316,14400,47.8,7682
TXSD_DELTAE_SWEEP_20260115,1331,3316,14400,47.8,7682
TXSD_DELTAE_SWEEP_20260115,1341,3316,14400,47.8,7682
TXSD_DELTAE_SWEEP_20260115,1351,3316,14400,47.8,7682
TXSD_DELTAE_SWEEP_20260115,1361,3316,14400,47.8,7682
TXSD_DELTAE_SWEEP_20260115,1371,3316,14400,47.8,7682
TXSD_DELTAE_SWEEP_20260115,1381,3316,14400,47.8,7682
TXSD_DELTAE_SWEEP_20260115,1391,3316,14400,47.8,7682
TXSD_DELTAE_SWEEP_20260115,1401,3316,14400,47.8,7682
TXSD_DELTAE_SWEEP_20260115,1411,3316,14400,47.8,7682
TXSD_DELTAE_SWEEP_20260115,1421,3316,14500,48.1,7682
TXSD_DELTAE_SWEEP_20260115,1431,3316,14400,47.8,7682
TXSD_DELTAE_SWEEP_20260115,1441,3316,14400,47.8,7682
TXSD_DELTAE_SWEEP_20260115,1451,3316,14400,47.8,7682
TXSD_DELTAE_SWEEP_20260115,1461,3316,14500,48.1,7682
TXSD_DELTAE_SWEEP_20260115,1471,3316,14400,47.8,7682
TXSD_DELTAE_SWEEP_20260115,1481,3316,14400,47.8,7682
TXSD_DELTAE_SWEEP_20260115,1491,3316,14400,47.8,7682
TXSD_DELTAE_SWEEP_20260115,1501,3316,14400,47.8,7682
TXSD_DELTAE_SWEEP_20260115,1511,3316,14400,47.8,7682
TXSD_DELTAE_SWEEP_20260115,1521,3316,14500,48.1,7682
TXSD_DELTAE_SWEEP_20260115,1531,3316,14500,48.1,7682
TXSD_DELTAE_SWEEP_20260115,1541,3316,14300,47.4,7682
TXSD_DELTAE_SWEEP_20260115,1551,3316,14400,47.8,7682
TXSD_DELTAE_SWEEP_20260115,1561,3316,14400,47.8,7682
TXSD_DELTAE_SWEEP_20260115,1571,3316,14500,48.1,7682
TXSD_DELTAE_SWEEP_20260115,1581,3316,14400,47.8,7682
TXSD_DELTAE_SWEEP_20260115,1591,3316,14500,48.1,7682
TXSD_DELTAE_SWEEP_20260115,1601,3316,14400,47.8,7682
TXSD_DELTAE_SWEEP_20260115,1611,3316,14500,48.1,7682
TXSD_DELTAE_SWEEP_20260115,1621,3316,14500,48.1,7682
TXSD_DELTAE_SWEEP_20260115,1631,3316,14500,48.1,7682
TXSD_DELTAE_SWEEP_20260115,1641,3316,14500,48.1,7682
TXSD_DELTAE_SWEEP_20260115,1651,3316,14400,47.8,7682
TXSD_DELTAE_SWEEP_20260115,1661,3316,14400,47.8,7682
TXSD_DELTAE_SWEEP_20260115,1671,3316,14400,47.8,7682
TXSD_DELTAE_SWEEP_20260115,1681,3316,14400,47.8,7682
TXSD_DELTAE_SWEEP_20260115,1691,3316,14400,47.8,7682
TXSD_DELTAE_SWEEP_20260115,1701,3316,14400,47.8,7682
TXSD_DELTAE_SWEEP_20260115,1711,3316,14400,47.8,7682
TXSD_DELTAE_SWEEP_20260115,1721,3316,14500,48.1,7682
TXSD_DELTAE_SWEEP_20260115,1731,3316,14400,47.8,7682
TXSD_DELTAE_SWEEP_20260115,1741,3316,14500,48.1,7682
TXSD_DELTAE_SWEEP_20260115,1751,3316,14400,47.8,7682
TXSD_DELTAE_SWEEP_20260115,1761,3316,14500,48.1,7682
TXSD_DELTAE_SWEEP_20260115,1771,3316,14400,47.8,7682
TXSD_DELTAE_SWEEP_20260115,1781,3316,14400,47.8,7682
TXSD_DELTAE_SWEEP_20260115,1791,3316,14500,48.1,7682
TXSD_DELTAE_SWEEP_20260115,1801,3316,14500,48.1,7683
TXSD_DELTAE_SWEEP_20260115,1811,3316,14400,47.8,7683
TXSD_DELTAE_SWEEP_20260115,1821,3316,14400,47.8,7683
TXSD_DELTAE_SWEEP_20260115,1831,3316,14400,47.8,7683
TXSD_DELTAE_SWEEP_20260115,1841,3316,14400,47.8,7683
TXSD_DELTAE_SWEEP_20260115,1851,3316,14500,48.1,7683
TXSD_DELTAE_SWEEP_20260115,1861,3316,14400,47.8,7683
TXSD_DELTAE_SWEEP_20260115,1871,3316,14500,48.1,7683
TXSD_DELTAE_SWEEP_20260115,1881,3316,14400,47.8,7683
TXSD_DELTAE_SWEEP_20260115,1891,3316,14500,48.1,7683
TXSD_DELTAE_SWEEP_20260115,1901,3316,14300,47.4,7683
TXSD_DELTAE_SWEEP_20260115,1911,3316,14400,47.8,7683
TXSD_DELTAE_SWEEP_20260115,1921,3316,14300,47.4,7683
TXSD_DELTAE_SWEEP_20260115,1931,3316,14400,47.8,7683
TXSD_DELTAE_SWEEP_20260115,1941,3316,14400,47.8,7683
TXSD_DELTAE_SWEEP_20260115,1951,3316,14400,47.8,7683
TXSD_DELTAE_SWEEP_20260115,1961,3316,14400,47.8,7683
TXSD_DELTAE_SWEEP_20260115,1971,3316,14400,47.8,7683
TXSD_DELTAE_SWEEP_20260115,1981,3316,14400,47.8,7683
TXSD_DELTAE_SWEEP_20260115,1991,3316,14400,47.8,7683
TXSD_DELTAE_SWEEP_20260115,2001,3316,14500,48.1,7683
TXSD_DELTAE_SWEEP_20260115,2011,3316,14400,47.8,7683
TXSD_DELTAE_SWEEP_20260115,2021,3316,14400,47.8,7683
TXSD_DELTAE_SWEEP_20260115,2031,3316,14400,47.8,7683
TXSD_DELTAE_SWEEP_20260115,2041,3316,14500,48.1,7683
TXSD_DELTAE_SWEEP_20260115,2051,3316,14400,47.8,7683
TXSD_DELTAE_SWEEP_20260115,2061,3316,14400,47.8,7683
TXSD_DELTAE_SWEEP_20260115,2071,3316,14400,47.8,7683
TXSD_DELTAE_SWEEP_20260115,2081,3316,14400,47.8,7683
TXSD_DELTAE_SWEEP_20260115,2091,3316,14500,48.1,7683
TXSD_DELTAE_SWEEP_20260115,2101,3316,14400,47.8,7683
TXSD_DELTAE_SWEEP_20260115,2111,3316,14400,47.8,7683
TXSD_DELTAE_SWEEP_20260115,2121,3316,14400,47.8,7683
TXSD_DELTAE_SWEEP_20260115,2131,3316,14400,47.8,7683
TXSD_DELTAE_SWEEP_20260115,2141,3316,14400,47.8,7683
TXSD_DELTAE_SWEEP_20260115,2151,3316,14500,48.1,7683
TXSD_DELTAE_SWEEP_20260115,2161,3316,14300,47.4,7683
TXSD_DELTAE_SWEEP_20260115,2171,3316,14500,48.1,7683
TXSD_DELTAE_SWEEP_20260115,2181,3316,14400,47.8,7683
TXSD_DELTAE_SWEEP_20260115,2191,3316,14500,48.1,7683
TXSD_DELTAE_SWEEP_20260115,2201,3316,14400,47.8,7683
TXSD_DELTAE_SWEEP_20260115,2211,3316,14400,47.8,7683
TXSD_DELTAE_SWEEP_20260115,2221,3316,14500,48.1,7683
TXSD_DELTAE_SWEEP_20260115,2231,3316,14500,48.1,7683
TXSD_DELTAE_SWEEP_20260115,2241,3316,14400,47.8,7683
TXSD_DELTAE_SWEEP_20260115,2251,3316,14400,47.8,7683
TXSD_DELTAE_SWEEP_20260115,2261,3316,14400,47.8,7683
TXSD_DELTAE_SWEEP_20260115,2271,3316,14500,48.1,7683
TXSD_DELTAE_SWEEP_20260115,2281,3316,14500,48.1,7683
TXSD_DELTAE_SWEEP_20260115,2291,3316,14500,48.1,7683
TXSD_DELTAE_SWEEP_20260115,2301,3316,14500,48.1,7683
TXSD_DELTAE_SWEEP_20260115,2311,3316,14400,47.8,7683
TXSD_DELTAE_SWEEP_20260115,2321,3316,14500,48.1,7683
TXSD_DELTAE_SWEEP_20260115,2331,3316,14500,48.1,7683
TXSD_DELTAE_SWEEP_20260115,2341,3316,14400,47.8,7683
TXSD_DELTAE_SWEEP_20260115,2351,3316,14400,47.8,7683
TXSD_DELTAE_SWEEP_20260115,2361,3316,14500,48.1,7683
TXSD_DELTAE_SWEEP_20260115,2371,3316,14400,47.8,7683
TXSD_DELTAE_SWEEP_20260115,2381,3316,14400,47.8,7683
TXSD_DELTAE_SWEEP_20260115,2391,3316,14400,47.8,7683
TXSD_DELTAE_SWEEP_20260115,2401,3316,14500,48.1,7683
TXSD_DELTAE_SWEEP_20260115,2411,3316,14500,48.1,7683
TXSD_DELTAE_SWEEP_20260115,2421,3316,14500,48.1,7683
TXSD_DELTAE_SWEEP_20260115,2431,3316,14500,48.1,7683
TXSD_DELTAE_SWEEP_20260115,2441,3316,14400,47.8,7683
TXSD_DELTAE_SWEEP_20260115,2451,3316,14500,48.1,7683
TXSD_DELTAE_SWEEP_20260115,2461,3316,14500,48.1,7683
TXSD_DELTAE_SWEEP_20260115,2471,3316,14400,47.8,7683
TXSD_DELTAE_SWEEP_20260115,2481,3316,14400,47.8,7683
TXSD_DELTAE_SWEEP_20260115,2491,3316,14400,47.8,7683
TXSD_DELTAE_SWEEP_20260115,2501,3316,14400,47.8,7683
TXSD_DELTAE_SWEEP_20260115,2511,3316,14400,47.8,7683
TXSD_DELTAE_SWEEP_20260115,2521,3316,14500,48.1,7683
TXSD_DELTAE_SWEEP_20260115,2531,3316,14400,47.8,7683
TXSD_DELTAE_SWEEP_20260115,2541,3316,14500,48.1,7683
TXSD_DELTAE_SWEEP_20260115,2551,3316,14400,47.8,7683
TXSD_DELTAE_SWEEP_20260115,2561,3316,14400,47.8,7683
TXSD_DELTAE_SWEEP_20260115,2571,3316,14500,48.1,7683
TXSD_DELTAE_SWEEP_20260115,2581,3316,14400,47.8,7683
TXSD_DELTAE_SWEEP_20260115,2591,3316,14400,47.8,7683
TXSD_DELTAE_SWEEP_20260115,2601,3316,14500,48.1,7683
TXSD_DELTAE_SWEEP_20260115,2611,3316,14400,47.8,7683
TXSD_DELTAE_SWEEP_20260115,2621,3316,14500,48.1,7683
TXSD_DELTAE_SWEEP_20260115,2631,3316,14500,48.1,7683
TXSD_DELTAE_SWEEP_20260115,2641,3316,14400,47.8,7683
TXSD_DELTAE_SWEEP_20260115,2651,3316,14400,47.8,7683
TXSD_DELTAE_SWEEP_20260115,2661,3316,14400,47.8,7683
TXSD_DELTAE_SWEEP_20260115,2671,3316,14400,47.8,7683
TXSD_DELTAE_SWEEP_20260115,2681,3316,14400,47.8,7683
TXSD_DELTAE_SWEEP_20260115,2691,3316,14500,48.1,7683
TXSD_DELTAE_SWEEP_20260115,2701,3316,14400,47.8,7683
TXSD_DELTAE_SWEEP_20260115,2711,3316,14500,48.1,7683
TXSD_DELTAE_SWEEP_20260115,2721,3316,14400,47.8,7683
TXSD_DELTAE_SWEEP_20260115,2731,3316,14400,47.8,7683
TXSD_DELTAE_SWEEP_20260115,2741,3316,14400,47.8,7683
TXSD_DELTAE_SWEEP_20260115,2751,3316,14500,48.1,7683
TXSD_DELTAE_SWEEP_20260115,2761,3316,14400,47.8,7683
TXSD_DELTAE_SWEEP_20260115,2771,3316,14400,47.8,7683
TXSD_DELTAE_SWEEP_20260115,2781,3316,14400,47.8,7683
TXSD_DELTAE_SWEEP_20260115,2791,3316,14400,47.8,7683
TXSD_DELTAE_SWEEP_20260115,2801,3316,14500,48.1,7684
TXSD_DELTAE_SWEEP_20260115,2811,3316,14400,47.8,7684
TXSD_DELTAE_SWEEP_20260115,2821,3316,14400,47.8,7684
TXSD_DELTAE_SWEEP_20260115,2831,3316,14400,47.8,7684
TXSD_DELTAE_SWEEP_20260115,2841,3316,14500,48.1,7684
TXSD_DELTAE_SWEEP_20260115,2851,3316,14500,48.1,7684
TXSD_DELTAE_SWEEP_20260115,2861,3316,14400,47.8,7684
TXSD_DELTAE_SWEEP_20260115,2871,3316,14400,47.8,7684
TXSD_DELTAE_SWEEP_20260115,2881,3316,14400,47.8,7684
TXSD_DELTAE_SWEEP_20260115,2891,3316,14400,47.8,7684
TXSD_DELTAE_SWEEP_20260115,2901,3316,14500,48.1,7684
TXSD_DELTAE_SWEEP_20260115,2911,3316,14400,47.8,7684
TXSD_DELTAE_SWEEP_20260115,2921,3316,14500,48.1,7684
TXSD_DELTAE_SWEEP_20260115,2931,3316,14400,47.8,7684
TXSD_DELTAE_SWEEP_20260115,2941,3316,14300,47.4,7684
TXSD_DELTAE_SWEEP_20260115,2951,3316,14400,47.8,7684
TXSD_DELTAE_SWEEP_20260115,2961,3316,14400,47.8,7684
TXSD_DELTAE_SWEEP_20260115,2971,3316,14400,47.8,7684
TXSD_DELTAE_SWEEP_20260115,2981,3316,14400,47.8,7684
TXSD_DELTAE_SWEEP_20260115,2991,3316,14500,48.1,7684
TXSD_DELTAE_SWEEP_20260115,3001,3316,14300,47.4,7684
TXSD_DELTAE_SWEEP_20260115,3011,3316,14500,48.1,7684
TXSD_DELTAE_SWEEP_20260115,3021,3320,14400,47.8,7684
TXSD_DELTAE_SWEEP_20260115,3031,3316,14400,47.8,7684
TXSD_DELTAE_SWEEP_20260115,3041,3316,14500,48.1,7684
TXSD_DELTAE_SWEEP_20260115,3051,3316,14400,47.8,7684
TXSD_DELTAE_SWEEP_20260115,3061,3316,14400,47.8,7684
TXSD_DELTAE_SWEEP_20260115,3071,3316,14400,47.8,7684
TXSD_DELTAE_SWEEP_20260115,3081,3316,14500,48.1,7684
TXSD_DELTAE_SWEEP_20260115,3091,3316,14400,47.8,7684
TXSD_DELTAE_SWEEP_20260115,3101,3316,14400,47.8,7684
TXSD_DELTAE_SWEEP_20260115,3111,3316,14400,47.8,7684
TXSD_DELTAE_SWEEP_20260115,3121,3316,14500,48.1,7684
TXSD_DELTAE_SWEEP_20260115,3131,3316,14400,47.8,7684
TXSD_DELTAE_SWEEP_20260115,3141,3316,14500,48.1,7684
TXSD_DELTAE_SWEEP_20260115,3151,3316,14400,47.8,7684
TXSD_DELTAE_SWEEP_20260115,3161,3316,14500,48.1,7684
TXSD_DELTAE_SWEEP_20260115,3171,3316,14400,47.8,7684
TXSD_DELTAE_SWEEP_20260115,3181,3316,14500,48.1,7684
TXSD_DELTAE_SWEEP_20260115,3191,3316,14400,47.8,7684
TXSD_DELTAE_SWEEP_20260115,3201,3316,14400,47.8,7684
TXSD_DELTAE_SWEEP_20260115,3211,3316,14500,48.1,7684
TXSD_DELTAE_SWEEP_20260115,3221,3316,14400,47.8,7684
TXSD_DELTAE_SWEEP_20260115,3231,3316,14500,48.1,7684
TXSD_DELTAE_SWEEP_20260115,3241,3316,14400,47.8,7684
TXSD_DELTAE_SWEEP_20260115,3251,3316,14400,47.8,7684
TXSD_DELTAE_SWEEP_20260115,3261,3316,14400,47.8,7684
TXSD_DELTAE_SWEEP_20260115,3271,3316,14400,47.8,7684
TXSD_DELTAE_SWEEP_20260115,3281,3316,14400,47.8,7684
TXSD_DELTAE_SWEEP_20260115,3291,3316,14500,48.1,7684
TXSD_DELTAE_SWEEP_20260115,3301,3316,14400,47.8,7684
TXSD_DELTAE_SWEEP_20260115,3311,3316,14500,48.1,7684
TXSD_DELTAE_SWEEP_20260115,3321,3316,14400,47.8,7684
TXSD_DELTAE_SWEEP_20260115,3331,3316,14500,48.1,7684
TXSD_DELTAE_SWEEP_20260115,3341,3316,14400,47.8,7684
TXSD_DELTAE_SWEEP_20260115,3351,3316,14400,47.8,7684
TXSD_DELTAE_SWEEP_20260115,3361,3316,14400,47.8,7684
TXSD_DELTAE_SWEEP_20260115,3371,3316,14400,47.8,7684
TXSD_DELTAE_SWEEP_20260115,3381,3312,14400,47.7,7684
TXSD_DELTAE_SWEEP_20260115,3391,3316,14400,47.8,7684
TXSD_DELTAE_SWEEP_20260115,3401,3316,14500,48.1,7684
TXSD_DELTAE_SWEEP_20260115,3411,3316,14400,47.8,7684
TXSD_DELTAE_SWEEP_20260115,3421,3316,14500,48.1,7684
TXSD_DELTAE_SWEEP_20260115,3431,3316,14500,48.1,7684
TXSD_DELTAE_SWEEP_20260115,3441,3316,14500,48.1,7684
TXSD_DELTAE_SWEEP_20260115,3451,3316,14400,47.8,7684
TXSD_DELTAE_SWEEP_20260115,3461,3316,14400,47.8,7684
TXSD_DELTAE_SWEEP_20260115,3471,3316,14400,47.8,7684
TXSD_DELTAE_SWEEP_20260115,3481,3316,14500,48.1,7684
TXSD_DELTAE_SWEEP_20260115,3491,3316,14400,47.8,7684
TXSD_DELTAE_SWEEP_20260115,3501,3316,14400,47.8,7684
TXSD_DELTAE_SWEEP_20260115,3511,3316,14400,47.8,7684
TXSD_DELTAE_SWEEP_20260115,3521,3316,14500,48.1,7684
TXSD_DELTAE_SWEEP_20260115,3531,3316,14500,48.1,7684
TXSD_DELTAE_SWEEP_20260115,3541,3316,14400,47.8,7684
TXSD_DELTAE_SWEEP_20260115,3551,3316,14500,48.1,7684
TXSD_DELTAE_SWEEP_20260115,3561,3316,14400,47.8,7684
TXSD_DELTAE_SWEEP_20260115,3571,3316,14400,47.8,7684
TXSD_DELTAE_SWEEP_20260115,3581,3316,14400,47.8,7684
TXSD_DELTAE_SWEEP_20260115,3591,3316,14400,47.8,7684
TXSD_DELTAE_SWEEP_20260115,3601,3316,14300,47.4,7684
TXSD_DELTAE_SWEEP_20260115,3611,3316,14500,48.1,7684
TXSD_DELTAE_SWEEP_20260115,3621,3316,14500,48.1,7684
TXSD_DELTAE_SWEEP_20260115,3631,3316,14400,47.8,7684
TXSD_DELTAE_SWEEP_20260115,3641,3316,14400,47.8,7684
TXSD_DELTAE_SWEEP_20260115,3651,3316,14400,47.8,7684
TXSD_DELTAE_SWEEP_20260115,3661,3316,14500,48.1,7684
TXSD_DELTAE_SWEEP_20260115,3671,3316,14500,48.1,7684
TXSD_DELTAE_SWEEP_20260115,3681,3316,14400,47.8,7684
TXSD_DELTAE_SWEEP_20260115,3691,3316,14400,47.8,7684
TXSD_DELTAE_SWEEP_20260115,3701,3316,14400,47.8,7684
TXSD_DELTAE_SWEEP_20260115,3711,3316,14400,47.8,7684
TXSD_DELTAE_SWEEP_20260115,3721,3316,14400,47.8,7684
TXSD_DELTAE_SWEEP_20260115,3731,3316,14400,47.8,7684
TXSD_DELTAE_SWEEP_20260115,3741,3316,14500,48.1,7684
TXSD_DELTAE_SWEEP_20260115,3751,3316,14400,47.8,7684
TXSD_DELTAE_SWEEP_20260115,3761,3316,14500,48.1,7684
TXSD_DELTAE_SWEEP_20260115,3771,3316,14500,48.1,7684
TXSD_DELTAE_SWEEP_20260115,3781,3316,14400,47.8,7684
TXSD_DELTAE_SWEEP_20260115,3791,3316,14400,47.8,7684
TXSD_DELTAE_SWEEP_20260115,3801,3316,14400,47.8,7685
TXSD_DELTAE_SWEEP_20260115,3811,3316,14400,47.8,7685
TXSD_DELTAE_SWEEP_20260115,3821,3316,14500,48.1,7685
TXSD_DELTAE_SWEEP_20260115,3831,3316,14400,47.8,7685
TXSD_DELTAE_SWEEP_20260115,3841,3316,14400,47.8,7685
TXSD_DELTAE_SWEEP_20260115,3851,3316,14500,48.1,7685
TXSD_DELTAE_SWEEP_20260115,3861,3316,14500,48.1,7685
TXSD_DELTAE_SWEEP_20260115,3871,3316,14500,48.1,7685
TXSD_DELTAE_SWEEP_20260115,3881,3316,14400,47.8,7685
TXSD_DELTAE_SWEEP_20260115,3891,3316,14400,47.8,7685
TXSD_DELTAE_SWEEP_20260115,3901,3316,14400,47.8,7685
TXSD_DELTAE_SWEEP_20260115,3911,3316,14500,48.1,7685
TXSD_DELTAE_SWEEP_20260115,3921,3316,14400,47.8,7685
TXSD_DELTAE_SWEEP_20260115,3931,3316,14400,47.8,7685
TXSD_DELTAE_SWEEP_20260115,3941,3316,14400,47.8,7685
TXSD_DELTAE_SWEEP_20260115,3951,3316,14300,47.4,7685
TXSD_DELTAE_SWEEP_20260115,3961,3316,14500,48.1,7685
TXSD_DELTAE_SWEEP_20260115,3971,3316,14500,48.1,7685
TXSD_DELTAE_SWEEP_20260115,3981,3316,14400,47.8,7685
TXSD_DELTAE_SWEEP_20260115,3991,3316,14400,47.8,7685
TXSD_DELTAE_SWEEP_20260115,4001,3316,14500,48.1,7685
TXSD_DELTAE_SWEEP_20260115,4011,3316,14400,47.8,7685
TXSD_DELTAE_SWEEP_20260115,4021,3316,14500,48.1,7685
TXSD_DELTAE_SWEEP_20260115,4031,3316,14400,47.8,7685
TXSD_DELTAE_SWEEP_20260115,4041,3316,14500,48.1,7685
TXSD_DELTAE_SWEEP_20260115,4051,3316,14400,47.8,7685
TXSD_DELTAE_SWEEP_20260115,4061,3316,14400,47.8,7685
TXSD_DELTAE_SWEEP_20260115,4071,3316,14500,48.1,7685
TXSD_DELTAE_SWEEP_20260115,4081,3316,14400,47.8,7685
TXSD_DELTAE_SWEEP_20260115,4091,3316,14500,48.1,7685
TXSD_DELTAE_SWEEP_20260115,4101,3316,14400,47.8,7685
TXSD_DELTAE_SWEEP_20260115,4111,3316,14400,47.8,7685
TXSD_DELTAE_SWEEP_20260115,4121,3316,14500,48.1,7685
TXSD_DELTAE_SWEEP_20260115,4131,3316,14400,47.8,7685
TXSD_DELTAE_SWEEP_20260115,4141,3316,14400,47.8,7685
TXSD_DELTAE_SWEEP_20260115,4151,3316,14500,48.1,7685
TXSD_DELTAE_SWEEP_20260115,4161,3316,14400,47.8,7685
TXSD_DELTAE_SWEEP_20260115,4171,3316,14400,47.8,7685
TXSD_DELTAE_SWEEP_20260115,4181,3316,14400,47.8,7685
TXSD_DELTAE_SWEEP_20260115,4191,3316,14500,48.1,7685
TXSD_DELTAE_SWEEP_20260115,4201,3316,14400,47.8,7685
TXSD_DELTAE_SWEEP_20260115,4211,3316,14400,47.8,7685
TXSD_DELTAE_SWEEP_20260115,4221,3316,14400,47.8,7685
TXSD_DELTAE_SWEEP_20260115,4231,3316,14400,47.8,7685
TXSD_DELTAE_SWEEP_20260115,4241,3316,14500,48.1,7685
TXSD_DELTAE_SWEEP_20260115,4251,3316,14400,47.8,7685
TXSD_DELTAE_SWEEP_20260115,4261,3316,14400,47.8,7685
TXSD_DELTAE_SWEEP_20260115,4271,3316,14400,47.8,7685
TXSD_DELTAE_SWEEP_20260115,4281,3316,14400,47.8,7685
TXSD_DELTAE_SWEEP_20260115,4291,3316,14400,47.8,7685
TXSD_DELTAE_SWEEP_20260115,4301,3316,14400,47.8,7685
TXSD_DELTAE_SWEEP_20260115,4311,3316,14400,47.8,7685
TXSD_DELTAE_SWEEP_20260115,4321,3316,14400,47.8,7685
TXSD_DELTAE_SWEEP_20260115,4331,3316,14400,47.8,7685
TXSD_DELTAE_SWEEP_20260115,4341,3316,14400,47.8,7685
TXSD_DELTAE_SWEEP_20260115,4351,3316,14400,47.8,7685
TXSD_DELTAE_SWEEP_20260115,4361,3316,14400,47.8,7685
TXSD_DELTAE_SWEEP_20260115,4371,3316,14400,47.8,7685
TXSD_DELTAE_SWEEP_20260115,4381,3316,14400,47.8,7685
TXSD_DELTAE_SWEEP_20260115,4391,3316,14500,48.1,7685
TXSD_DELTAE_SWEEP_20260115,4401,3316,14300,47.4,7685
TXSD_DELTAE_SWEEP_20260115,4411,3316,14400,47.8,7685
TXSD_DELTAE_SWEEP_20260115,4421,3316,14400,47.8,7685
TXSD_DELTAE_SWEEP_20260115,4431,3316,14400,47.8,7685
TXSD_DELTAE_SWEEP_20260115,4441,3316,14400,47.8,7685
TXSD_DELTAE_SWEEP_20260115,4451,3316,14400,47.8,7685
TXSD_DELTAE_SWEEP_20260115,4461,3316,14400,47.8,7685
TXSD_DELTAE_SWEEP_20260115,4471,3316,14500,48.1,7685
TXSD_DELTAE_SWEEP_20260115,4481,3316,14400,47.8,7685
TXSD_DELTAE_SWEEP_20260115,4491,3316,14400,47.8,7685
TXSD_DELTAE_SWEEP_20260115,4501,3316,14400,47.8,7685
TXSD_DELTAE_SWEEP_20260115,4511,3316,14400,47.8,7685
TXSD_DELTAE_SWEEP_20260115,4521,3316,14500,48.1,7685
TXSD_DELTAE_SWEEP_20260115,4531,3316,14400,47.8,7685
TXSD_DELTAE_SWEEP_20260115,4541,3316,14400,47.8,7685
TXSD_DELTAE_SWEEP_20260115,4551,3316,14400,47.8,7685
TXSD_DELTAE_SWEEP_20260115,4561,3316,14500,48.1,7685
TXSD_DELTAE_SWEEP_20260115,4571,3316,14400,47.8,7685
TXSD_DELTAE_SWEEP_20260115,4581,3316,14500,48.1,7685
TXSD_DELTAE_SWEEP_20260115,4591,3316,14400,47.8,7685
TXSD_DELTAE_SWEEP_20260115,4601,3316,14500,48.1,7685
TXSD_DELTAE_SWEEP_20260115,4611,3316,14400,47.8,7685
TXSD_DELTAE_SWEEP_20260115,4621,3316,14400,47.8,7685
TXSD_DELTAE_SWEEP_20260115,4631,3316,14400,47.8,7685
TXSD_DELTAE_SWEEP_20260115,4641,3316,14400,47.8,7685
TXSD_DELTAE_SWEEP_20260115,4651,3316,14400,47.8,7685
TXSD_DELTAE_SWEEP_20260115,4661,3316,14400,47.8,7685
TXSD_DELTAE_SWEEP_20260115,4671,3316,14500,48.1,7685
TXSD_DELTAE_SWEEP_20260115,4681,3316,14400,47.8,7685
TXSD_DELTAE_SWEEP_20260115,4691,3316,14500,48.1,7685
TXSD_DELTAE_SWEEP_20260115,4701,3316,14500,48.1,7685
TXSD_DELTAE_SWEEP_20260115,4711,3316,14500,48.1,7685
TXSD_DELTAE_SWEEP_20260115,4721,3316,14400,47.8,7685
TXSD_DELTAE_SWEEP_20260115,4731,3316,14500,48.1,7685
TXSD_DELTAE_SWEEP_20260115,4741,3316,14400,47.8,7685
TXSD_DELTAE_SWEEP_20260115,4751,3316,14400,47.8,7685
TXSD_DELTAE_SWEEP_20260115,4761,3316,14400,47.8,7685
TXSD_DELTAE_SWEEP_20260115,4771,3316,14400,47.8,7685
TXSD_DELTAE_SWEEP_20260115,4781,3316,14400,47.8,7685
TXSD_DELTAE_SWEEP_20260115,4791,3316,14400,47.8,7685
TXSD_DELTAE_SWEEP_20260115,4801,3316,14400,47.8,7686
TXSD_DELTAE_SWEEP_20260115,4811,3316,14400,47.8,7686
TXSD_DELTAE_SWEEP_20260115,4821,3316,14400,47.8,7686
TXSD_DELTAE_SWEEP_20260115,4831,3316,14400,47.8,7686
TXSD_DELTAE_SWEEP_20260115,4841,3316,14500,48.1,7686
TXSD_DELTAE_SWEEP_20260115,4851,3316,14400,47.8,7686
TXSD_DELTAE_SWEEP_20260115,4861,3316,14500,48.1,7686
TXSD_DELTAE_SWEEP_20260115,4871,3316,14500,48.1,7686
TXSD_DELTAE_SWEEP_20260115,4881,3316,14400,47.8,7686
TXSD_DELTAE_SWEEP_20260115,4891,3316,14400,47.8,7686
TXSD_DELTAE_SWEEP_20260115,4901,3316,14400,47.8,7686
TXSD_DELTAE_SWEEP_20260115,4911,3316,14400,47.8,7686
TXSD_DELTAE_SWEEP_20260115,4921,3316,14400,47.8,7686
TXSD_DELTAE_SWEEP_20260115,4931,3316,14400,47.8,7686
TXSD_DELTAE_SWEEP_20260115,4941,3316,14400,47.8,7686
TXSD_DELTAE_SWEEP_20260115,4951,3316,14400,47.8,7686
TXSD_DELTAE_SWEEP_20260115,4961,3316,14400,47.8,7686
TXSD_DELTAE_SWEEP_20260115,4971,3316,14500,48.1,7686
TXSD_DELTAE_SWEEP_20260115,4981,3316,14400,47.8,7686
TXSD_DELTAE_SWEEP_20260115,4991,3316,14500,48.1,7686
TXSD_DELTAE_SWEEP_20260115,5001,3316,14400,47.8,7686
TXSD_DELTAE_SWEEP_20260115,5011,3316,14400,47.8,7686
TXSD_DELTAE_SWEEP_20260115,5021,3316,14400,47.8,7686
TXSD_DELTAE_SWEEP_20260115,5031,3316,14400,47.8,7686
TXSD_DELTAE_SWEEP_20260115,5041,3316,14400,47.8,7686
TXSD_DELTAE_SWEEP_20260115,5051,3316,14400,47.8,7686
TXSD_DELTAE_SWEEP_20260115,5061,3316,14400,47.8,7686
TXSD_DELTAE_SWEEP_20260115,5071,3316,14400,47.8,7686
TXSD_DELTAE_SWEEP_20260115,5081,3316,14400,47.8,7686
TXSD_DELTAE_SWEEP_20260115,5091,3316,14400,47.8,7686
TXSD_DELTAE_SWEEP_20260115,5101,3316,14400,47.8,7686
TXSD_DELTAE_SWEEP_20260115,5111,3316,14400,47.8,7686
TXSD_DELTAE_SWEEP_20260115,5121,3316,14500,48.1,7686
TXSD_DELTAE_SWEEP_20260115,5131,3316,14400,47.8,7686
TXSD_DELTAE_SWEEP_20260115,5141,3316,14500,48.1,7686
TXSD_DELTAE_SWEEP_20260115,5151,3316,14400,47.8,7686
TXSD_DELTAE_SWEEP_20260115,5161,3316,14400,47.8,7686
TXSD_DELTAE_SWEEP_20260115,5171,3316,14500,48.1,7686
TXSD_DELTAE_SWEEP_20260115,5181,3316,14500,48.1,7686
TXSD_DELTAE_SWEEP_20260115,5191,3316,14500,48.1,7686
TXSD_DELTAE_SWEEP_20260115,5201,3316,14400,47.8,7686
TXSD_DELTAE_SWEEP_20260115,5211,3316,14400,47.8,7686
TXSD_DELTAE_SWEEP_20260115,5221,3316,14500,48.1,7686
TXSD_DELTAE_SWEEP_20260115,5231,3316,14400,47.8,7686
TXSD_DELTAE_SWEEP_20260115,5241,3316,14400,47.8,7686
TXSD_DELTAE_SWEEP_20260115,5251,3316,14500,48.1,7686
TXSD_DELTAE_SWEEP_20260115,5261,3316,14400,47.8,7686
TXSD_DELTAE_SWEEP_20260115,5271,3316,14500,48.1,7686
TXSD_DELTAE_SWEEP_20260115,5281,3316,14400,47.8,7686
TXSD_DELTAE_SWEEP_20260115,5291,3316,14500,48.1,7686
TXSD_DELTAE_SWEEP_20260115,5301,3316,14500,48.1,7686
TXSD_DELTAE_SWEEP_20260115,5311,3316,14400,47.8,7686
TXSD_DELTAE_SWEEP_20260115,5321,3316,14500,48.1,7686
TXSD_DELTAE_SWEEP_20260115,5331,3316,14500,48.1,7686
TXSD_DELTAE_SWEEP_20260115,5341,3316,14500,48.1,7686
TXSD_DELTAE_SWEEP_20260115,5351,3316,14500,48.1,7686
TXSD_DELTAE_SWEEP_20260115,5361,3316,14400,47.8,7686
TXSD_DELTAE_SWEEP_20260115,5371,3316,14400,47.8,7686
TXSD_DELTAE_SWEEP_20260115,5381,3316,14400,47.8,7686
TXSD_DELTAE_SWEEP_20260115,5391,3316,14400,47.8,7686
TXSD_DELTAE_SWEEP_20260115,5401,3316,14500,48.1,7686
TXSD_DELTAE_SWEEP_20260115,5411,3316,14400,47.8,7686
TXSD_DELTAE_SWEEP_20260115,5421,3316,14500,48.1,7686
TXSD_DELTAE_SWEEP_20260115,5431,3316,14400,47.8,7686
TXSD_DELTAE_SWEEP_20260115,5441,3316,14500,48.1,7686
TXSD_DELTAE_SWEEP_20260115,5451,3316,14300,47.4,7686
TXSD_DELTAE_SWEEP_20260115,5461,3316,14400,47.8,7686
TXSD_DELTAE_SWEEP_20260115,5471,3316,14500,48.1,7686
TXSD_DELTAE_SWEEP_20260115,5481,3316,14500,48.1,7686
TXSD_DELTAE_SWEEP_20260115,5491,3316,14400,47.8,7686
TXSD_DELTAE_SWEEP_20260115,5501,3316,14400,47.8,7686
TXSD_DELTAE_SWEEP_20260115,5511,3316,14400,47.8,7686
TXSD_DELTAE_SWEEP_20260115,5521,3316,14500,48.1,7686
TXSD_DELTAE_SWEEP_20260115,5531,3316,14400,47.8,7686
TXSD_DELTAE_SWEEP_20260115,5541,3316,14500,48.1,7686
TXSD_DELTAE_SWEEP_20260115,5551,3316,14500,48.1,7686
TXSD_DELTAE_SWEEP_20260115,5561,3316,14400,47.8,7686
TXSD_DELTAE_SWEEP_20260115,5571,3316,14500,48.1,7686
TXSD_DELTAE_SWEEP_20260115,5581,3316,14400,47.8,7686
TXSD_DELTAE_SWEEP_20260115,5591,3316,14400,47.8,7686
TXSD_DELTAE_SWEEP_20260115,5601,3316,14400,47.8,7686
TXSD_DELTAE_SWEEP_20260115,5611,3316,14500,48.1,7686
TXSD_DELTAE_SWEEP_20260115,5621,3316,14500,48.1,7686
TXSD_DELTAE_SWEEP_20260115,5631,3316,14400,47.8,7686
TXSD_DELTAE_SWEEP_20260115,5641,3316,14500,48.1,7686
TXSD_DELTAE_SWEEP_20260115,5651,3316,14500,48.1,7686
TXSD_DELTAE_SWEEP_20260115,5661,3316,14400,47.8,7686
TXSD_DELTAE_SWEEP_20260115,5671,3316,14400,47.8,7686
TXSD_DELTAE_SWEEP_20260115,5681,3316,14400,47.8,7686
TXSD_DELTAE_SWEEP_20260115,5691,3316,14400,47.8,7686
TXSD_DELTAE_SWEEP_20260115,5701,3316,14400,47.8,7686
TXSD_DELTAE_SWEEP_20260115,5711,3316,14400,47.8,7686
TXSD_DELTAE_SWEEP_20260115,5721,3316,14500,48.1,7686
TXSD_DELTAE_SWEEP_20260115,5731,3316,14400,47.8,7686
TXSD_DELTAE_SWEEP_20260115,5741,3316,14500,48.1,7686
TXSD_DELTAE_SWEEP_20260115,5751,3316,14400,47.8,7686
TXSD_DELTAE_SWEEP_20260115,5761,3316,14500,48.1,7686
TXSD_DELTAE_SWEEP_20260115,5771,3316,14500,48.1,7686
TXSD_DELTAE_SWEEP_20260115,5781,3316,14500,48.1,7686
TXSD_DELTAE_SWEEP_20260115,5791,3316,14400,47.8,7686
TXSD_DELTAE_SWEEP_20260115,5801,3316,14400,47.8,7687
TXSD_DELTAE_SWEEP_20260115,5811,3316,14400,47.8,7687
TXSD_DELTAE_SWEEP_20260115,5821,3316,14400,47.8,7687
TXSD_DELTAE_SWEEP_20260115,5831,3316,14400,47.8,7687
TXSD_DELTAE_SWEEP_20260115,5841,3316,14400,47.8,7687
TXSD_DELTAE_SWEEP_20260115,5851,3316,14500,48.1,7687
TXSD_DELTAE_SWEEP_20260115,5861,3316,14500,48.1,7687
TXSD_DELTAE_SWEEP_20260115,5871,3316,14500,48.1,7687
TXSD_DELTAE_SWEEP_20260115,5881,3316,14400,47.8,7687
TXSD_DELTAE_SWEEP_20260115,5891,3316,14500,48.1,7687
TXSD_DELTAE_SWEEP_20260115,5901,3316,14400,47.8,7687
TXSD_DELTAE_SWEEP_20260115,5911,3316,14500,48.1,7687
TXSD_DELTAE_SWEEP_20260115,5921,3316,14400,47.8,7687
TXSD_DELTAE_SWEEP_20260115,5931,3316,14400,47.8,7687
TXSD_DELTAE_SWEEP_20260115,5941,3316,14500,48.1,7687
TXSD_DELTAE_SWEEP_20260115,5951,3316,14400,47.8,7687
TXSD_DELTAE_SWEEP_20260115,5961,3316,14500,48.1,7687
TXSD_DELTAE_SWEEP_20260115,5971,3316,14400,47.8,7687
TXSD_DELTAE_SWEEP_20260115,5981,3316,14400,47.8,7687
TXSD_DELTAE_SWEEP_20260115,5991,3316,14500,48.1,7687
TXSD_DELTAE_SWEEP_20260115,6001,3316,14600,48.4,7687
TXSD_DELTAE_SWEEP_20260115,6011,3316,14500,48.1,7687
TXSD_DELTAE_SWEEP_20260115,6021,3316,14500,48.1,7687
TXSD_DELTAE_SWEEP_20260115,6031,3316,14400,47.8,7687
TXSD_DELTAE_SWEEP_20260115,6041,3316,14400,47.8,7687
TXSD_DELTAE_SWEEP_20260115,6051,3316,14400,47.8,7687
TXSD_DELTAE_SWEEP_20260115,6061,3316,14500,48.1,7687
TXSD_DELTAE_SWEEP_20260115,6071,3316,14400,47.8,7687
TXSD_DELTAE_SWEEP_20260115,6081,3316,14400,47.8,7687
TXSD_DELTAE_SWEEP_20260115,6091,3316,14400,47.8,7687
TXSD_DELTAE_SWEEP_20260115,6101,3316,14400,47.8,7687
TXSD_DELTAE_SWEEP_20260115,6111,3316,14400,47.8,7687
TXSD_DELTAE_SWEEP_20260115,6121,3316,14400,47.8,7687
TXSD_DELTAE_SWEEP_20260115,6131,3316,14400,47.8,7687
TXSD_DELTAE_SWEEP_20260115,6141,3316,14500,48.1,7687
TXSD_DELTAE_SWEEP_20260115,6151,3316,14400,47.8,7687
TXSD_DELTAE_SWEEP_20260115,6161,3316,14500,48.1,7687
TXSD_DELTAE_SWEEP_20260115,6171,3316,14500,48.1,7687
TXSD_DELTAE_SWEEP_20260115,6181,3316,14400,47.8,7687
TXSD_DELTAE_SWEEP_20260115,6191,3316,14400,47.8,7687
TXSD_DELTAE_SWEEP_20260115,6201,3316,14500,48.1,7687
TXSD_DELTAE_SWEEP_20260115,6211,3316,14400,47.8,7687
TXSD_DELTAE_SWEEP_20260115,6221,3316,14400,47.8,7687
TXSD_DELTAE_SWEEP_20260115,6231,3316,14400,47.8,7687
TXSD_DELTAE_SWEEP_20260115,6241,3316,14400,47.8,7687
TXSD_DELTAE_SWEEP_20260115,6251,3316,14400,47.8,7687
TXSD_DELTAE_SWEEP_20260115,6261,3316,14500,48.1,7687
TXSD_DELTAE_SWEEP_20260115,6271,3316,14400,47.8,7687
TXSD_DELTAE_SWEEP_20260115,6281,3316,14400,47.8,7687
TXSD_DELTAE_SWEEP_20260115,6291,3316,14400,47.8,7687
TXSD_DELTAE_SWEEP_20260115,6301,3316,14500,48.1,7687
TXSD_DELTAE_SWEEP_20260115,6311,3316,14500,48.1,7687
TXSD_DELTAE_SWEEP_20260115,6321,3316,14500,48.1,7687
TXSD_DELTAE_SWEEP_20260115,6331,3316,14400,47.8,7687
TXSD_DELTAE_SWEEP_20260115,6341,3316,14500,48.1,7687
TXSD_DELTAE_SWEEP_20260115,6351,3316,14400,47.8,7687
TXSD_DELTAE_SWEEP_20260115,6361,3316,14400,47.8,7687
TXSD_DELTAE_SWEEP_20260115,6371,3316,14400,47.8,7687
TXSD_DELTAE_SWEEP_20260115,6381,3316,14300,47.4,7687
TXSD_DELTAE_SWEEP_20260115,6391,3316,14500,48.1,7687
TXSD_DELTAE_SWEEP_20260115,6401,3316,14500,48.1,7687
TXSD_DELTAE_SWEEP_20260115,6411,3316,14400,47.8,7687
TXSD_DELTAE_SWEEP_20260115,6421,3316,14500,48.1,7687
TXSD_DELTAE_SWEEP_20260115,6431,3316,14500,48.1,7687
TXSD_DELTAE_SWEEP_20260115,6441,3316,14400,47.8,7687
TXSD_DELTAE_SWEEP_20260115,6451,3316,14400,47.8,7687
TXSD_DELTAE_SWEEP_20260115,6461,3316,14300,47.4,7687
TXSD_DELTAE_SWEEP_20260115,6471,3316,14400,47.8,7687
TXSD_DELTAE_SWEEP_20260115,6481,3316,14400,47.8,7687
TXSD_DELTAE_SWEEP_20260115,6491,3316,14500,48.1,7687
TXSD_DELTAE_SWEEP_20260115,6501,3316,14400,47.8,7687
TXSD_DELTAE_SWEEP_20260115,6511,3316,14400,47.8,7687
TXSD_DELTAE_SWEEP_20260115,6521,3316,14400,47.8,7687
TXSD_DELTAE_SWEEP_20260115,6531,3316,14400,47.8,7687
TXSD_DELTAE_SWEEP_20260115,6541,3316,14400,47.8,7687
TXSD_DELTAE_SWEEP_20260115,6551,3316,14400,47.8,7687
TXSD_DELTAE_SWEEP_20260115,6561,3316,14400,47.8,7687
TXSD_DELTAE_SWEEP_20260115,6571,3316,14500,48.1,7687
TXSD_DELTAE_SWEEP_20260115,6581,3316,14400,47.8,7687
TXSD_DELTAE_SWEEP_20260115,6591,3316,14400,47.8,7687
TXSD_DELTAE_SWEEP_20260115,6601,3316,14500,48.1,7687
TXSD_DELTAE_SWEEP_20260115,6611,3316,14500,48.1,7687
TXSD_DELTAE_SWEEP_20260115,6621,3316,14400,47.8,7687
TXSD_DELTAE_SWEEP_20260115,6631,3316,14400,47.8,7687
TXSD_DELTAE_SWEEP_20260115,6641,3316,14500,48.1,7687
TXSD_DELTAE_SWEEP_20260115,6651,3312,14400,47.7,7687
TXSD_DELTAE_SWEEP_20260115,6661,3316,14400,47.8,7687
TXSD_DELTAE_SWEEP_20260115,6671,3316,14400,47.8,7687
TXSD_DELTAE_SWEEP_20260115,6681,3316,14400,47.8,7687
TXSD_DELTAE_SWEEP_20260115,6691,3316,14400,47.8,7687
TXSD_DELTAE_SWEEP_20260115,6701,3316,14400,47.8,7687
TXSD_DELTAE_SWEEP_20260115,6711,3316,14500,48.1,7687
TXSD_DELTAE_SWEEP_20260115,6721,3316,14500,48.1,7687
TXSD_DELTAE_SWEEP_20260115,6731,3316,14500,48.1,7687
TXSD_DELTAE_SWEEP_20260115,6741,3316,14400,47.8,7687
TXSD_DELTAE_SWEEP_20260115,6751,3316,14500,48.1,7687
TXSD_DELTAE_SWEEP_20260115,6761,3316,14500,48.1,7687
TXSD_DELTAE_SWEEP_20260115,6771,3316,14500,48.1,7687
TXSD_DELTAE_SWEEP_20260115,6781,3316,14400,47.8,7687
TXSD_DELTAE_SWEEP_20260115,6791,3316,14400,47.8,7687
TXSD_DELTAE_SWEEP_20260115,6801,3316,14400,47.8,7688
TXSD_DELTAE_SWEEP_20260115,6811,3316,14400,47.8,7688
TXSD_DELTAE_SWEEP_20260115,6821,3316,14500,48.1,7688
TXSD_DELTAE_SWEEP_20260115,6831,3316,14400,47.8,7688
TXSD_DELTAE_SWEEP_20260115,6841,3316,14600,48.4,7688
TXSD_DELTAE_SWEEP_20260115,6851,3316,14400,47.8,7688
TXSD_DELTAE_SWEEP_20260115,6861,3316,14400,47.8,7688
TXSD_DELTAE_SWEEP_20260115,6871,3316,14500,48.1,7688
TXSD_DELTAE_SWEEP_20260115,6881,3316,14400,47.8,7688
TXSD_DELTAE_SWEEP_20260115,6891,3316,14300,47.4,7688
TXSD_DELTAE_SWEEP_20260115,6901,3316,14500,48.1,7688
TXSD_DELTAE_SWEEP_20260115,6911,3316,14400,47.8,7688
TXSD_DELTAE_SWEEP_20260115,6921,3316,14400,47.8,7688
TXSD_DELTAE_SWEEP_20260115,6931,3316,14300,47.4,7688
TXSD_DELTAE_SWEEP_20260115,6941,3316,14400,47.8,7688
TXSD_DELTAE_SWEEP_20260115,6951,3316,14400,47.8,7688
TXSD_DELTAE_SWEEP_20260115,6961,3316,14400,47.8,7688
TXSD_DELTAE_SWEEP_20260115,6971,3316,14500,48.1,7688
TXSD_DELTAE_SWEEP_20260115,6981,3316,14400,47.8,7688
TXSD_DELTAE_SWEEP_20260115,6991,3316,14400,47.8,7688
TXSD_DELTAE_SWEEP_20260115,7001,3316,14500,48.1,7688
TXSD_DELTAE_SWEEP_20260115,7011,3316,14400,47.8,7688
TXSD_DELTAE_SWEEP_20260115,7021,3316,14400,47.8,7688
TXSD_DELTAE_SWEEP_20260115,7031,3316,14400,47.8,7688
TXSD_DELTAE_SWEEP_20260115,7041,3316,14400,47.8,7688
TXSD_DELTAE_SWEEP_20260115,7051,3316,14500,48.1,7688
TXSD_DELTAE_SWEEP_20260115,7061,3316,14400,47.8,7688
TXSD_DELTAE_SWEEP_20260115,7071,3316,14400,47.8,7688
TXSD_DELTAE_SWEEP_20260115,7081,3316,14400,47.8,7688
TXSD_DELTAE_SWEEP_20260115,7091,3316,14400,47.8,7688
TXSD_DELTAE_SWEEP_20260115,7101,3316,14500,48.1,7688
TXSD_DELTAE_SWEEP_20260115,7111,3316,14400,47.8,7688
TXSD_DELTAE_SWEEP_20260115,7121,3316,14500,48.1,7688
TXSD_DELTAE_SWEEP_20260115,7131,3316,14400,47.8,7688
TXSD_DELTAE_SWEEP_20260115,7141,3316,14400,47.8,7688
TXSD_DELTAE_SWEEP_20260115,7151,3316,14400,47.8,7688
TXSD_DELTAE_SWEEP_20260115,7161,3316,14400,47.8,7688
TXSD_DELTAE_SWEEP_20260115,7171,3316,14400,47.8,7688
TXSD_DELTAE_SWEEP_20260115,7181,3316,14500,48.1,7688
TXSD_DELTAE_SWEEP_20260115,7191,3316,14400,47.8,7688
TXSD_DELTAE_SWEEP_20260115,7201,3316,14500,48.1,7688
TXSD_DELTAE_SWEEP_20260115,7211,3316,14400,47.8,7688
TXSD_DELTAE_SWEEP_20260115,7221,3316,14400,47.8,7688
TXSD_DELTAE_SWEEP_20260115,7231,3316,14400,47.8,7688
TXSD_DELTAE_SWEEP_20260115,7241,3316,14400,47.8,7688
TXSD_DELTAE_SWEEP_20260115,7251,3316,14500,48.1,7688
TXSD_DELTAE_SWEEP_20260115,7261,3316,14500,48.1,7688
TXSD_DELTAE_SWEEP_20260115,7271,3316,14400,47.8,7688
TXSD_DELTAE_SWEEP_20260115,7281,3316,14400,47.8,7688
TXSD_DELTAE_SWEEP_20260115,7291,3316,14400,47.8,7688
TXSD_DELTAE_SWEEP_20260115,7301,3316,14400,47.8,7688
TXSD_DELTAE_SWEEP_20260115,7311,3316,14500,48.1,7688
TXSD_DELTAE_SWEEP_20260115,7321,3316,14400,47.8,7688
TXSD_DELTAE_SWEEP_20260115,7331,3316,14400,47.8,7688
TXSD_DELTAE_SWEEP_20260115,7341,3316,14400,47.8,7688
TXSD_DELTAE_SWEEP_20260115,7351,3316,14500,48.1,7688
TXSD_DELTAE_SWEEP_20260115,7361,3316,14500,48.1,7688
TXSD_DELTAE_SWEEP_20260115,7371,3316,14400,47.8,7688
TXSD_DELTAE_SWEEP_20260115,7381,3316,14400,47.8,7688
TXSD_DELTAE_SWEEP_20260115,7391,3316,14400,47.8,7688
TXSD_DELTAE_SWEEP_20260115,7401,3316,14400,47.8,7688
TXSD_DELTAE_SWEEP_20260115,7411,3316,14400,47.8,7688
TXSD_DELTAE_SWEEP_20260115,7421,3316,14500,48.1,7688
TXSD_DELTAE_SWEEP_20260115,7431,3316,14400,47.8,7688
TXSD_DELTAE_SWEEP_20260115,7441,3316,14400,47.8,7688
TXSD_DELTAE_SWEEP_20260115,7451,3316,14400,47.8,7688
TXSD_DELTAE_SWEEP_20260115,7461,3316,14500,48.1,7688
TXSD_DELTAE_SWEEP_20260115,7471,3316,14400,47.8,7688
TXSD_DELTAE_SWEEP_20260115,7481,3316,14500,48.1,7688
TXSD_DELTAE_SWEEP_20260115,7491,3316,14400,47.8,7688
TXSD_DELTAE_SWEEP_20260115,7501,3316,14500,48.1,7688
TXSD_DELTAE_SWEEP_20260115,7511,3316,14400,47.8,7688
TXSD_DELTAE_SWEEP_20260115,7521,3316,14400,47.8,7688
TXSD_DELTAE_SWEEP_20260115,7531,3316,14400,47.8,7688
TXSD_DELTAE_SWEEP_20260115,7541,3316,14500,48.1,7688
TXSD_DELTAE_SWEEP_20260115,7551,3316,14500,48.1,7688
TXSD_DELTAE_SWEEP_20260115,7561,3316,14400,47.8,7688
TXSD_DELTAE_SWEEP_20260115,7571,3316,14400,47.8,7688
TXSD_DELTAE_SWEEP_20260115,7581,3316,14400,47.8,7688
TXSD_DELTAE_SWEEP_20260115,7591,3316,14400,47.8,7688
TXSD_DELTAE_SWEEP_20260115,7601,3316,14500,48.1,7688
TXSD_DELTAE_SWEEP_20260115,7611,3316,14500,48.1,7688
TXSD_DELTAE_SWEEP_20260115,7621,3316,14400,47.8,7688
TXSD_DELTAE_SWEEP_20260115,7631,3316,14400,47.8,7688
TXSD_DELTAE_SWEEP_20260115,7641,3316,14400,47.8,7688
TXSD_DELTAE_SWEEP_20260115,7651,3316,14400,47.8,7688
TXSD_DELTAE_SWEEP_20260115,7661,3316,14400,47.8,7688
TXSD_DELTAE_SWEEP_20260115,7671,3316,14300,47.4,7688
TXSD_DELTAE_SWEEP_20260115,7681,3316,14400,47.8,7688
TXSD_DELTAE_SWEEP_20260115,7691,3316,14400,47.8,7688
TXSD_DELTAE_SWEEP_20260115,7701,3316,14500,48.1,7688
TXSD_DELTAE_SWEEP_20260115,7711,3316,14400,47.8,7688
TXSD_DELTAE_SWEEP_20260115,7721,3316,14400,47.8,7688
TXSD_DELTAE_SWEEP_20260115,7731,3316,14400,47.8,7688
TXSD_DELTAE_SWEEP_20260115,7741,3316,14500,48.1,7688
TXSD_DELTAE_SWEEP_20260115,7751,3316,14500,48.1,7688
TXSD_DELTAE_SWEEP_20260115,7761,3316,14500,48.1,7688
TXSD_DELTAE_SWEEP_20260115,7771,3316,14500,48.1,7688
TXSD_DELTAE_SWEEP_20260115,7781,3316,14500,48.1,7688
TXSD_DELTAE_SWEEP_20260115,7791,3316,14500,48.1,7688
TXSD_DELTAE_SWEEP_20260115,7801,3316,14500,48.1,7689
TXSD_DELTAE_SWEEP_20260115,7811,3316,14400,47.8,7689
TXSD_DELTAE_SWEEP_20260115,7821,3316,14400,47.8,7689
TXSD_DELTAE_SWEEP_20260115,7831,3316,14400,47.8,7689
TXSD_DELTAE_SWEEP_20260115,7841,3316,14400,47.8,7689
TXSD_DELTAE_SWEEP_20260115,7851,3316,14500,48.1,7689
TXSD_DELTAE_SWEEP_20260115,7861,3316,14400,47.8,7689
TXSD_DELTAE_SWEEP_20260115,7871,3316,14500,48.1,7689
TXSD_DELTAE_SWEEP_20260115,7881,3316,14600,48.4,7689
TXSD_DELTAE_SWEEP_20260115,7891,3316,14400,47.8,7689
TXSD_DELTAE_SWEEP_20260115,7901,3316,14400,47.8,7689
TXSD_DELTAE_SWEEP_20260115,7911,3316,14500,48.1,7689
TXSD_DELTAE_SWEEP_20260115,7921,3316,14400,47.8,7689
TXSD_DELTAE_SWEEP_20260115,7931,3316,14400,47.8,7689
TXSD_DELTAE_SWEEP_20260115,7941,3316,14400,47.8,7689
TXSD_DELTAE_SWEEP_20260115,7951,3316,14400,47.8,7689
TXSD_DELTAE_SWEEP_20260115,7961,3316,14500,48.1,7689
TXSD_DELTAE_SWEEP_20260115,7971,3316,14400,47.8,7689
TXSD_DELTAE_SWEEP_20260115,7981,3316,14400,47.8,7689
TXSD_DELTAE_SWEEP_20260115,7991,3316,14500,48.1,7689
TXSD_DELTAE_SWEEP_20260115,8001,3316,14500,48.1,7689
TXSD_DELTAE_SWEEP_20260115,8011,3316,14400,47.8,7689
TXSD_DELTAE_SWEEP_20260115,8021,3316,14400,47.8,7689
TXSD_DELTAE_SWEEP_20260115,8031,3316,14400,47.8,7689
TXSD_DELTAE_SWEEP_20260115,8041,3316,14500,48.1,7689
TXSD_DELTAE_SWEEP_20260115,8051,3316,14500,48.1,7689
TXSD_DELTAE_SWEEP_20260115,8061,3316,14500,48.1,7689
TXSD_DELTAE_SWEEP_20260115,8071,3316,14400,47.8,7689
TXSD_DELTAE_SWEEP_20260115,8081,3316,14400,47.8,7689
TXSD_DELTAE_SWEEP_20260115,8091,3316,14500,48.1,7689
TXSD_DELTAE_SWEEP_20260115,8101,3316,14400,47.8,7689
TXSD_DELTAE_SWEEP_20260115,8111,3316,14400,47.8,7689
TXSD_DELTAE_SWEEP_20260115,8121,3316,14400,47.8,7689
TXSD_DELTAE_SWEEP_20260115,8131,3316,14500,48.1,7689
TXSD_DELTAE_SWEEP_20260115,8141,3316,14400,47.8,7689
TXSD_DELTAE_SWEEP_20260115,8151,3316,14400,47.8,7689
TXSD_DELTAE_SWEEP_20260115,8161,3316,14400,47.8,7689
TXSD_DELTAE_SWEEP_20260115,8171,3316,14500,48.1,7689
TXSD_DELTAE_SWEEP_20260115,8181,3316,14300,47.4,7689
TXSD_DELTAE_SWEEP_20260115,8191,3316,14500,48.1,7689
TXSD_DELTAE_SWEEP_20260115,8201,3316,14400,47.8,7689
TXSD_DELTAE_SWEEP_20260115,8211,3316,14400,47.8,7689
TXSD_DELTAE_SWEEP_20260115,8221,3316,14400,47.8,7689
TXSD_DELTAE_SWEEP_20260115,8231,3316,14400,47.8,7689
TXSD_DELTAE_SWEEP_20260115,8241,3316,14400,47.8,7689
TXSD_DELTAE_SWEEP_20260115,8251,3316,14500,48.1,7689
TXSD_DELTAE_SWEEP_20260115,8261,3316,14400,47.8,7689
TXSD_DELTAE_SWEEP_20260115,8271,3316,14400,47.8,7689
TXSD_DELTAE_SWEEP_20260115,8281,3316,14400,47.8,7689
TXSD_DELTAE_SWEEP_20260115,8291,3316,14400,47.8,7689
TXSD_DELTAE_SWEEP_20260115,8301,3316,14500,48.1,7689
TXSD_DELTAE_SWEEP_20260115,8311,3316,14400,47.8,7689
TXSD_DELTAE_SWEEP_20260115,8321,3316,14500,48.1,7689
TXSD_DELTAE_SWEEP_20260115,8331,3316,14400,47.8,7689
TXSD_DELTAE_SWEEP_20260115,8341,3316,14500,48.1,7689
TXSD_DELTAE_SWEEP_20260115,8351,3316,14500,48.1,7689
TXSD_DELTAE_SWEEP_20260115,8361,3316,14500,48.1,7689
TXSD_DELTAE_SWEEP_20260115,8371,3316,14400,47.8,7689
TXSD_DELTAE_SWEEP_20260115,8381,3316,14400,47.8,7689
TXSD_DELTAE_SWEEP_20260115,8391,3316,14400,47.8,7689
TXSD_DELTAE_SWEEP_20260115,8401,3316,14400,47.8,7689
TXSD_DELTAE_SWEEP_20260115,8411,3316,14400,47.8,7689
TXSD_DELTAE_SWEEP_20260115,8421,3316,14400,47.8,7689
TXSD_DELTAE_SWEEP_20260115,8431,3316,14400,47.8,7689
TXSD_DELTAE_SWEEP_20260115,8441,3316,14400,47.8,7689
TXSD_DELTAE_SWEEP_20260115,8451,3316,14400,47.8,7689
TXSD_DELTAE_SWEEP_20260115,8461,3316,14400,47.8,7689
TXSD_DELTAE_SWEEP_20260115,8471,3316,14400,47.8,7689
TXSD_DELTAE_SWEEP_20260115,8481,3316,14400,47.8,7689
TXSD_DELTAE_SWEEP_20260115,8491,3316,14500,48.1,7689
TXSD_DELTAE_SWEEP_20260115,8501,3316,14500,48.1,7689
TXSD_DELTAE_SWEEP_20260115,8511,3316,14400,47.8,7689
TXSD_DELTAE_SWEEP_20260115,8521,3316,14400,47.8,7689
TXSD_DELTAE_SWEEP_20260115,8531,3316,14500,48.1,7689
TXSD_DELTAE_SWEEP_20260115,8541,3316,14500,48.1,7689
TXSD_DELTAE_SWEEP_20260115,8551,3316,14500,48.1,7689
TXSD_DELTAE_SWEEP_20260115,8561,3316,14400,47.8,7689
TXSD_DELTAE_SWEEP_20260115,8571,3316,14400,47.8,7689
TXSD_DELTAE_SWEEP_20260115,8581,3316,14400,47.8,7689
TXSD_DELTAE_SWEEP_20260115,8591,3316,14400,47.8,7689
TXSD_DELTAE_SWEEP_20260115,8601,3316,14500,48.1,7689
TXSD_DELTAE_SWEEP_20260115,8611,3316,14400,47.8,7689
TXSD_DELTAE_SWEEP_20260115,8621,3316,14500,48.1,7689
TXSD_DELTAE_SWEEP_20260115,8631,3316,14400,47.8,7689
TXSD_DELTAE_SWEEP_20260115,8641,3316,14400,47.8,7689
TXSD_DELTAE_SWEEP_20260115,8651,3316,14400,47.8,7689
TXSD_DELTAE_SWEEP_20260115,8661,3316,14500,48.1,7689
TXSD_DELTAE_SWEEP_20260115,8671,3316,14400,47.8,7689
TXSD_DELTAE_SWEEP_20260115,8681,3316,14400,47.8,7689
TXSD_DELTAE_SWEEP_20260115,8691,3316,14500,48.1,7689
TXSD_DELTAE_SWEEP_20260115,8701,3316,14400,47.8,7689
TXSD_DELTAE_SWEEP_20260115,8711,3316,14400,47.8,7689
TXSD_DELTAE_SWEEP_20260115,8721,3316,14400,47.8,7689
TXSD_DELTAE_SWEEP_20260115,8731,3316,14400,47.8,7689
TXSD_DELTAE_SWEEP_20260115,8741,3316,14300,47.4,7689
TXSD_DELTAE_SWEEP_20260115,8751,3316,14500,48.1,7689
TXSD_DELTAE_SWEEP_20260115,8761,3316,14400,47.8,7689
TXSD_DELTAE_SWEEP_20260115,8771,3316,14500,48.1,7689
TXSD_DELTAE_SWEEP_20260115,8781,3316,14500,48.1,7689
TXSD_DELTAE_SWEEP_20260115,8791,3316,14400,47.8,7689
TXSD_DELTAE_SWEEP_20260115,8801,3316,14400,47.8,7690
TXSD_DELTAE_SWEEP_20260115,8811,3316,14400,47.8,7690
TXSD_DELTAE_SWEEP_20260115,8821,3316,14400,47.8,7690
TXSD_DELTAE_SWEEP_20260115,8831,3316,14400,47.8,7690
TXSD_DELTAE_SWEEP_20260115,8841,3316,14500,48.1,7690
TXSD_DELTAE_SWEEP_20260115,8851,3316,14500,48.1,7690
TXSD_DELTAE_SWEEP_20260115,8861,3316,14500,48.1,7690
TXSD_DELTAE_SWEEP_20260115,8871,3316,14400,47.8,7690
TXSD_DELTAE_SWEEP_20260115,8881,3316,14500,48.1,7690
TXSD_DELTAE_SWEEP_20260115,8891,3316,14400,47.8,7690
TXSD_DELTAE_SWEEP_20260115,8901,3316,14500,48.1,7690
TXSD_DELTAE_SWEEP_20260115,8911,3316,14500,48.1,7690
TXSD_DELTAE_SWEEP_20260115,8921,3316,14500,48.1,7690
TXSD_DELTAE_SWEEP_20260115,8931,3316,14400,47.8,7690
TXSD_DELTAE_SWEEP_20260115,8941,3316,14400,47.8,7690
TXSD_DELTAE_SWEEP_20260115,8951,3316,14500,48.1,7690
TXSD_DELTAE_SWEEP_20260115,8961,3316,14400,47.8,7690
TXSD_DELTAE_SWEEP_20260115,8971,3316,14500,48.1,7690
TXSD_DELTAE_SWEEP_20260115,8981,3316,14300,47.4,7690
TXSD_DELTAE_SWEEP_20260115,8991,3316,14400,47.8,7690
TXSD_DELTAE_SWEEP_20260115,9001,3316,14500,48.1,7690
TXSD_DELTAE_SWEEP_20260115,9011,3316,14400,47.8,7690
TXSD_DELTAE_SWEEP_20260115,9021,3316,14400,47.8,7690
TXSD_DELTAE_SWEEP_20260115,9031,3316,14400,47.8,7690
TXSD_DELTAE_SWEEP_20260115,9041,3316,14400,47.8,7690
TXSD_DELTAE_SWEEP_20260115,9051,3316,14500,48.1,7690
TXSD_DELTAE_SWEEP_20260115,9061,3316,14500,48.1,7690
TXSD_DELTAE_SWEEP_20260115,9071,3316,14500,48.1,7690
TXSD_DELTAE_SWEEP_20260115,9081,3316,14400,47.8,7690
TXSD_DELTAE_SWEEP_20260115,9091,3312,14400,47.7,7690
TXSD_DELTAE_SWEEP_20260115,9101,3316,14400,47.8,7690
TXSD_DELTAE_SWEEP_20260115,9111,3316,14500,48.1,7690
TXSD_DELTAE_SWEEP_20260115,9121,3316,14400,47.8,7690
TXSD_DELTAE_SWEEP_20260115,9131,3316,14400,47.8,7690
TXSD_DELTAE_SWEEP_20260115,9141,3316,14500,48.1,7690
TXSD_DELTAE_SWEEP_20260115,9151,3316,14400,47.8,7690
TXSD_DELTAE_SWEEP_20260115,9161,3316,14400,47.8,7690
TXSD_DELTAE_SWEEP_20260115,9171,3316,14300,47.4,7690
TXSD_DELTAE_SWEEP_20260115,9181,3316,14400,47.8,7690
TXSD_DELTAE_SWEEP_20260115,9191,3316,14400,47.8,7690
TXSD_DELTAE_SWEEP_20260115,9201,3316,14400,47.8,7690
TXSD_DELTAE_SWEEP_20260115,9211,3316,14500,48.1,7690
TXSD_DELTAE_SWEEP_20260115,9221,3316,14400,47.8,7690
TXSD_DELTAE_SWEEP_20260115,9231,3316,14500,48.1,7690
TXSD_DELTAE_SWEEP_20260115,9241,3316,14500,48.1,7690
TXSD_DELTAE_SWEEP_20260115,9251,3316,14500,48.1,7690
TXSD_DELTAE_SWEEP_20260115,9261,3316,14400,47.8,7690
TXSD_DELTAE_SWEEP_20260115,9271,3316,14500,48.1,7690
TXSD_DELTAE_SWEEP_20260115,9281,3316,14400,47.8,7690
TXSD_DELTAE_SWEEP_20260115,9291,3316,14400,47.8,7690
TXSD_DELTAE_SWEEP_20260115,9301,3316,14400,47.8,7690
TXSD_DELTAE_SWEEP_20260115,9311,3316,14400,47.8,7690
TXSD_DELTAE_SWEEP_20260115,9321,3316,14400,47.8,7690
TXSD_DELTAE_SWEEP_20260115,9331,3316,14400,47.8,7690
TXSD_DELTAE_SWEEP_20260115,9341,3316,14400,47.8,7690
TXSD_DELTAE_SWEEP_20260115,9351,3316,14500,48.1,7690
TXSD_DELTAE_SWEEP_20260115,9361,3316,14400,47.8,7690
TXSD_DELTAE_SWEEP_20260115,9371,3316,14400,47.8,7690
TXSD_DELTAE_SWEEP_20260115,9381,3316,14500,48.1,7690
TXSD_DELTAE_SWEEP_20260115,9391,3316,14500,48.1,7690
TXSD_DELTAE_SWEEP_20260115,9401,3316,14600,48.4,7690
TXSD_DELTAE_SWEEP_20260115,9411,3316,14500,48.1,7690
TXSD_DELTAE_SWEEP_20260115,9421,3316,14500,48.1,7690
TXSD_DELTAE_SWEEP_20260115,9431,3316,14400,47.8,7690
TXSD_DELTAE_SWEEP_20260115,9441,3316,14400,47.8,7690
TXSD_DELTAE_SWEEP_20260115,9451,3316,14500,48.1,7690
TXSD_DELTAE_SWEEP_20260115,9461,3316,14400,47.8,7690
TXSD_DELTAE_SWEEP_20260115,9471,3316,14400,47.8,7690
TXSD_DELTAE_SWEEP_20260115,9481,3316,14400,47.8,7690
TXSD_DELTAE_SWEEP_20260115,9491,3316,14400,47.8,7690
TXSD_DELTAE_SWEEP_20260115,9501,3316,14500,48.1,7690
TXSD_DELTAE_SWEEP_20260115,9511,3316,14400,47.8,7690
TXSD_DELTAE_SWEEP_20260115,9521,3316,14400,47.8,7690
TXSD_DELTAE_SWEEP_20260115,9531,3316,14400,47.8,7690
TXSD_DELTAE_SWEEP_20260115,9541,3316,14400,47.8,7690
TXSD_DELTAE_SWEEP_20260115,9551,3316,14500,48.1,7690
TXSD_DELTAE_SWEEP_20260115,9561,3316,14400,47.8,7690
TXSD_DELTAE_SWEEP_20260115,9571,3316,14400,47.8,7690
TXSD_DELTAE_SWEEP_20260115,9581,3316,14400,47.8,7690
TXSD_DELTAE_SWEEP_20260115,9591,3316,14400,47.8,7690
TXSD_DELTAE_SWEEP_20260115,9601,3316,14400,47.8,7690
TXSD_DELTAE_SWEEP_20260115,9611,3316,14500,48.1,7690
TXSD_DELTAE_SWEEP_20260115,9621,3316,14400,47.8,7690
TXSD_DELTAE_SWEEP_20260115,9631,3316,14400,47.8,7690
TXSD_DELTAE_SWEEP_20260115,9641,3316,14400,47.8,7690
TXSD_DELTAE_SWEEP_20260115,9651,3316,14500,48.1,7690
TXSD_DELTAE_SWEEP_20260115,9661,3316,14400,47.8,7690
TXSD_DELTAE_SWEEP_20260115,9671,3316,14500,48.1,7690
TXSD_DELTAE_SWEEP_20260115,9681,3316,14400,47.8,7690
TXSD_DELTAE_SWEEP_20260115,9691,3316,14400,47.8,7690
TXSD_DELTAE_SWEEP_20260115,9701,3316,14400,47.8,7690
TXSD_DELTAE_SWEEP_20260115,9711,3316,14400,47.8,7690
TXSD_DELTAE_SWEEP_20260115,9721,3316,14400,47.8,7690
TXSD_DELTAE_SWEEP_20260115,9731,3316,14500,48.1,7690
TXSD_DELTAE_SWEEP_20260115,9741,3316,14400,47.8,7690
TXSD_DELTAE_SWEEP_20260115,9751,3316,14500,48.1,7690
TXSD_DELTAE_SWEEP_20260115,9761,3316,14500,48.1,7690
TXSD_DELTAE_SWEEP_20260115,9771,3316,14500,48.1,7690
TXSD_DELTAE_SWEEP_20260115,9781,3316,14400,47.8,7690
TXSD_DELTAE_SWEEP_20260115,9791,3316,14500,48.1,7690
TXSD_DELTAE_SWEEP_20260115,9801,3312,14500,48.0,7691
TXSD_DELTAE_SWEEP_20260115,9811,3316,14400,47.8,7691
TXSD_DELTAE_SWEEP_20260115,9821,3316,14400,47.8,7691
TXSD_DELTAE_SWEEP_20260115,9831,3316,14300,47.4,7691
TXSD_DELTAE_SWEEP_20260115,9841,3316,14400,47.8,7691
TXSD_DELTAE_SWEEP_20260115,9851,3316,14400,47.8,7691
TXSD_DELTAE_SWEEP_20260115,9861,3316,14400,47.8,7691
TXSD_DELTAE_SWEEP_20260115,9871,3316,14600,48.4,7691
TXSD_DELTAE_SWEEP_20260115,9881,3316,14400,47.8,7691
TXSD_DELTAE_SWEEP_20260115,9891,3316,14500,48.1,7691
TXSD_DELTAE_SWEEP_20260115,9901,3316,14500,48.1,7691
TXSD_DELTAE_SWEEP_20260115,9911,3316,14400,47.8,7691
TXSD_DELTAE_SWEEP_20260115,9921,3316,14400,47.8,7691
TXSD_DELTAE_SWEEP_20260115,9931,3316,14500,48.1,7691
TXSD_DELTAE_SWEEP_20260115,9941,3316,14400,47.8,7691
TXSD_DELTAE_SWEEP_20260115,9951,3316,14500,48.1,7691
TXSD_DELTAE_SWEEP_20260115,9961,3316,14500,48.1,7691
TXSD_DELTAE_SWEEP_20260115,9971,3316,14400,47.8,7691
TXSD_DELTAE_SWEEP_20260115,9981,3316,14400,47.8,7691
TXSD_DELTAE_SWEEP_20260115,9991,3316,14500,48.1,7691
TXSD_DELTAE_SWEEP_20260115,10001,3316,14500,48.1,7691
TXSD_DELTAE_SWEEP_20260115,10011,3316,14300,47.4,7691
TXSD_DELTAE_SWEEP_20260115,10021,3316,14400,47.8,7691
TXSD_DELTAE_SWEEP_20260115,10031,3316,14300,47.4,7691
TXSD_DELTAE_SWEEP_20260115,10041,3316,14400,47.8,7691
TXSD_DELTAE_SWEEP_20260115,10051,3316,14400,47.8,7691
TXSD_DELTAE_SWEEP_20260115,10061,3316,14500,48.1,7691
TXSD_DELTAE_SWEEP_20260115,10071,3316,14400,47.8,7691
TXSD_DELTAE_SWEEP_20260115,10081,3316,14400,47.8,7691
TXSD_DELTAE_SWEEP_20260115,10091,3316,14300,47.4,7691
TXSD_DELTAE_SWEEP_20260115,10101,3316,14400,47.8,7691
TXSD_DELTAE_SWEEP_20260115,10111,3316,14400,47.8,7691
TXSD_DELTAE_SWEEP_20260115,10121,3316,14400,47.8,7691
TXSD_DELTAE_SWEEP_20260115,10131,3316,14500,48.1,7691
TXSD_DELTAE_SWEEP_20260115,10141,3316,14400,47.8,7691
TXSD_DELTAE_SWEEP_20260115,10151,3316,14500,48.1,7691
TXSD_DELTAE_SWEEP_20260115,10161,3316,14400,47.8,7691
TXSD_DELTAE_SWEEP_20260115,10171,3316,14500,48.1,7691
TXSD_DELTAE_SWEEP_20260115,10181,3316,14400,47.8,7691
TXSD_DELTAE_SWEEP_20260115,10191,3316,14400,47.8,7691
TXSD_DELTAE_SWEEP_20260115,10201,3316,14400,47.8,7691
TXSD_DELTAE_SWEEP_20260115,10211,3316,14500,48.1,7691
TXSD_DELTAE_SWEEP_20260115,10221,3316,14400,47.8,7691
TXSD_DELTAE_SWEEP_20260115,10231,3316,14500,48.1,7691
TXSD_DELTAE_SWEEP_20260115,10241,3316,14400,47.8,7691
TXSD_DELTAE_SWEEP_20260115,10251,3316,14400,47.8,7691
TXSD_DELTAE_SWEEP_20260115,10261,3316,14500,48.1,7691
TXSD_DELTAE_SWEEP_20260115,10271,3316,14400,47.8,7691
TXSD_DELTAE_SWEEP_20260115,10281,3316,14500,48.1,7691
TXSD_DELTAE_SWEEP_20260115,10291,3316,14400,47.8,7691
TXSD_DELTAE_SWEEP_20260115,10301,3316,14500,48.1,7691
TXSD_DELTAE_SWEEP_20260115,10311,3316,14400,47.8,7691
TXSD_DELTAE_SWEEP_20260115,10321,3312,14400,47.7,7691
TXSD_DELTAE_SWEEP_20260115,10331,3316,14400,47.8,7691
TXSD_DELTAE_SWEEP_20260115,10341,3316,14400,47.8,7691
TXSD_DELTAE_SWEEP_20260115,10351,3316,14400,47.8,7691
TXSD_DELTAE_SWEEP_20260115,10361,3316,14400,47.8,7691
TXSD_DELTAE_SWEEP_20260115,10371,3316,14400,47.8,7691
TXSD_DELTAE_SWEEP_20260115,10381,3316,14400,47.8,7691
TXSD_DELTAE_SWEEP_20260115,10391,3316,14400,47.8,7691
TXSD_DELTAE_SWEEP_20260115,10401,3316,14400,47.8,7691
TXSD_DELTAE_SWEEP_20260115,10411,3316,14400,47.8,7691
TXSD_DELTAE_SWEEP_20260115,10421,3316,14400,47.8,7691
TXSD_DELTAE_SWEEP_20260115,10431,3316,14400,47.8,7691
TXSD_DELTAE_SWEEP_20260115,10441,3316,14400,47.8,7691
TXSD_DELTAE_SWEEP_20260115,10451,3316,14400,47.8,7691
TXSD_DELTAE_SWEEP_20260115,10461,3316,14500,48.1,7691
TXSD_DELTAE_SWEEP_20260115,10471,3316,14400,47.8,7691
TXSD_DELTAE_SWEEP_20260115,10481,3316,14400,47.8,7691
TXSD_DELTAE_SWEEP_20260115,10491,3316,14500,48.1,7691
TXSD_DELTAE_SWEEP_20260115,10501,3316,14400,47.8,7691
TXSD_DELTAE_SWEEP_20260115,10511,3316,14400,47.8,7691
TXSD_DELTAE_SWEEP_20260115,10521,3316,14300,47.4,7691
TXSD_DELTAE_SWEEP_20260115,10531,3316,14300,47.4,7691
TXSD_DELTAE_SWEEP_20260115,10541,3316,14400,47.8,7691
TXSD_DELTAE_SWEEP_20260115,10551,3316,14400,47.8,7691
TXSD_DELTAE_SWEEP_20260115,10561,3316,14400,47.8,7691
TXSD_DELTAE_SWEEP_20260115,10571,3316,14400,47.8,7691
TXSD_DELTAE_SWEEP_20260115,10581,3316,14400,47.8,7691
TXSD_DELTAE_SWEEP_20260115,10591,3316,14400,47.8,7691
TXSD_DELTAE_SWEEP_20260115,10601,3316,14400,47.8,7691
TXSD_DELTAE_SWEEP_20260115,10611,3316,14400,47.8,7691
TXSD_DELTAE_SWEEP_20260115,10621,3316,14500,48.1,7691
TXSD_DELTAE_SWEEP_20260115,10631,3316,14400,47.8,7691
TXSD_DELTAE_SWEEP_20260115,10641,3316,14500,48.1,7691
TXSD_DELTAE_SWEEP_20260115,10651,3316,14400,47.8,7691
TXSD_DELTAE_SWEEP_20260115,10661,3316,14400,47.8,7691
TXSD_DELTAE_SWEEP_20260115,10671,3316,14500,48.1,7691
TXSD_DELTAE_SWEEP_20260115,10681,3316,14400,47.8,7691
TXSD_DELTAE_SWEEP_20260115,10691,3316,14400,47.8,7691
TXSD_DELTAE_SWEEP_20260115,10701,3316,14400,47.8,7691
TXSD_DELTAE_SWEEP_20260115,10711,3316,14500,48.1,7691
TXSD_DELTAE_SWEEP_20260115,10721,3316,14400,47.8,7691
TXSD_DELTAE_SWEEP_20260115,10731,3316,14400,47.8,7691
TXSD_DELTAE_SWEEP_20260115,10741,3316,14400,47.8,7691
TXSD_DELTAE_SWEEP_20260115,10751,3316,14500,48.1,7691
TXSD_DELTAE_SWEEP_20260115,10761,3316,14400,47.8,7691
TXSD_DELTAE_SWEEP_20260115,10771,3316,14500,48.1,7691
TXSD_DELTAE_SWEEP_20260115,10781,3316,14400,47.8,7691
TXSD_DELTAE_SWEEP_20260115,10791,3316,14500,48.1,7691
TXSD_DELTAE_SWEEP_20260115,10801,3316,14500,48.1,7692
TXSD_DELTAE_SWEEP_20260115,10811,3316,14400,47.8,7692
TXSD_DELTAE_SWEEP_20260115,10821,3316,14500,48.1,7692
TXSD_DELTAE_SWEEP_20260115,10831,3316,14400,47.8,7692
TXSD_DELTAE_SWEEP_20260115,10841,3316,14400,47.8,7692
TXSD_DELTAE_SWEEP_20260115,10851,3316,14400,47.8,7692
TXSD_DELTAE_SWEEP_20260115,10861,3316,14400,47.8,7692
TXSD_DELTAE_SWEEP_20260115,10871,3316,14500,48.1,7692
TXSD_DELTAE_SWEEP_20260115,10881,3316,14400,47.8,7692
TXSD_DELTAE_SWEEP_20260115,10891,3316,14500,48.1,7692
TXSD_DELTAE_SWEEP_20260115,10901,3316,14800,49.1,7692
TXSD_DELTAE_SWEEP_20260115,10911,3316,14400,47.8,7692
TXSD_DELTAE_SWEEP_20260115,10921,3316,14500,48.1,7692
TXSD_DELTAE_SWEEP_20260115,10931,3316,14400,47.8,7692
TXSD_DELTAE_SWEEP_20260115,10941,3316,14400,47.8,7692
TXSD_DELTAE_SWEEP_20260115,10951,3316,14500,48.1,7692
TXSD_DELTAE_SWEEP_20260115,10961,3312,14400,47.7,7692
TXSD_DELTAE_SWEEP_20260115,10971,3316,14400,47.8,7692
TXSD_DELTAE_SWEEP_20260115,10981,3316,14400,47.8,7692
TXSD_DELTAE_SWEEP_20260115,10991,3316,14400,47.8,7692
TXSD_DELTAE_SWEEP_20260115,11001,3316,14400,47.8,7692
TXSD_DELTAE_SWEEP_20260115,11011,3316,14500,48.1,7692
TXSD_DELTAE_SWEEP_20260115,11021,3316,14400,47.8,7692
TXSD_DELTAE_SWEEP_20260115,11031,3316,14400,47.8,7692
TXSD_DELTAE_SWEEP_20260115,11041,3316,14400,47.8,7692
TXSD_DELTAE_SWEEP_20260115,11051,3316,14400,47.8,7692
TXSD_DELTAE_SWEEP_20260115,11061,3316,14400,47.8,7692
TXSD_DELTAE_SWEEP_20260115,11071,3316,14500,48.1,7692
TXSD_DELTAE_SWEEP_20260115,11081,3316,14500,48.1,7692
TXSD_DELTAE_SWEEP_20260115,11091,3316,14500,48.1,7692
TXSD_DELTAE_SWEEP_20260115,11101,3316,14400,47.8,7692
TXSD_DELTAE_SWEEP_20260115,11111,3316,14400,47.8,7692
TXSD_DELTAE_SWEEP_20260115,11121,3316,14400,47.8,7692
TXSD_DELTAE_SWEEP_20260115,11131,3312,14400,47.7,7692
TXSD_DELTAE_SWEEP_20260115,11141,3316,14400,47.8,7692
TXSD_DELTAE_SWEEP_20260115,11151,3316,14400,47.8,7692
TXSD_DELTAE_SWEEP_20260115,11161,3316,14500,48.1,7692
TXSD_DELTAE_SWEEP_20260115,11171,3316,14400,47.8,7692
TXSD_DELTAE_SWEEP_20260115,11181,3316,14400,47.8,7692
TXSD_DELTAE_SWEEP_20260115,11191,3316,14300,47.4,7692
TXSD_DELTAE_SWEEP_20260115,11201,3316,14400,47.8,7692
TXSD_DELTAE_SWEEP_20260115,11211,3316,14400,47.8,7692
TXSD_DELTAE_SWEEP_20260115,11221,3316,14500,48.1,7692
TXSD_DELTAE_SWEEP_20260115,11231,3316,14400,47.8,7692
TXSD_DELTAE_SWEEP_20260115,11241,3316,14400,47.8,7692
TXSD_DELTAE_SWEEP_20260115,11251,3316,14500,48.1,7692
TXSD_DELTAE_SWEEP_20260115,11261,3316,14400,47.8,7692
TXSD_DELTAE_SWEEP_20260115,11271,3316,14400,47.8,7692
TXSD_DELTAE_SWEEP_20260115,11281,3316,14400,47.8,7692
TXSD_DELTAE_SWEEP_20260115,11291,3316,14400,47.8,7692
TXSD_DELTAE_SWEEP_20260115,11301,3316,14400,47.8,7692
TXSD_DELTAE_SWEEP_20260115,11311,3316,14500,48.1,7692
TXSD_DELTAE_SWEEP_20260115,11321,3316,14400,47.8,7692
TXSD_DELTAE_SWEEP_20260115,11331,3316,14400,47.8,7692
TXSD_DELTAE_SWEEP_20260115,11341,3316,14400,47.8,7692
TXSD_DELTAE_SWEEP_20260115,11351,3316,14400,47.8,7692
TXSD_DELTAE_SWEEP_20260115,11361,3316,14500,48.1,7692
TXSD_DELTAE_SWEEP_20260115,11371,3316,14400,47.8,7692
TXSD_DELTAE_SWEEP_20260115,11381,3316,14400,47.8,7692
TXSD_DELTAE_SWEEP_20260115,11391,3316,14400,47.8,7692
TXSD_DELTAE_SWEEP_20260115,11401,3316,14400,47.8,7692
TXSD_DELTAE_SWEEP_20260115,11411,3316,14400,47.8,7692
TXSD_DELTAE_SWEEP_20260115,11421,3316,14400,47.8,7692
TXSD_DELTAE_SWEEP_20260115,11431,3316,14400,47.8,7692
TXSD_DELTAE_SWEEP_20260115,11441,3316,14400,47.8,7692
TXSD_DELTAE_SWEEP_20260115,11451,3316,14400,47.8,7692
TXSD_DELTAE_SWEEP_20260115,11461,3316,14400,47.8,7692
TXSD_DELTAE_SWEEP_20260115,11471,3316,14400,47.8,7692
TXSD_DELTAE_SWEEP_20260115,11481,3316,14500,48.1,7692
TXSD_DELTAE_SWEEP_20260115,11491,3316,14400,47.8,7692
TXSD_DELTAE_SWEEP_20260115,11501,3316,14500,48.1,7692
TXSD_DELTAE_SWEEP_20260115,11511,3316,14400,47.8,7692
TXSD_DELTAE_SWEEP_20260115,11521,3316,14500,48.1,7692
TXSD_DELTAE_SWEEP_20260115,11531,3316,14400,47.8,7692
TXSD_DELTAE_SWEEP_20260115,11541,3316,14400,47.8,7692
TXSD_DELTAE_SWEEP_20260115,11551,3316,14400,47.8,7692
TXSD_DELTAE_SWEEP_20260115,11561,3312,14400,47.7,7692
TXSD_DELTAE_SWEEP_20260115,11571,3316,14400,47.8,7692
TXSD_DELTAE_SWEEP_20260115,11581,3316,14400,47.8,7692
TXSD_DELTAE_SWEEP_20260115,11591,3316,14400,47.8,7692
TXSD_DELTAE_SWEEP_20260115,11601,3316,14400,47.8,7692
TXSD_DELTAE_SWEEP_20260115,11611,3316,14500,48.1,7692
TXSD_DELTAE_SWEEP_20260115,11621,3316,14400,47.8,7692
TXSD_DELTAE_SWEEP_20260115,11631,3316,14500,48.1,7692
TXSD_DELTAE_SWEEP_20260115,11641,3316,14400,47.8,7692
TXSD_DELTAE_SWEEP_20260115,11651,3316,14500,48.1,7692
TXSD_DELTAE_SWEEP_20260115,11661,3316,14400,47.8,7692
TXSD_DELTAE_SWEEP_20260115,11671,3316,14400,47.8,7692
TXSD_DELTAE_SWEEP_20260115,11681,3316,14500,48.1,7692
TXSD_DELTAE_SWEEP_20260115,11691,3316,14400,47.8,7692
TXSD_DELTAE_SWEEP_20260115,11701,3316,14400,47.8,7692
TXSD_DELTAE_SWEEP_20260115,11711,3316,14300,47.4,7692
TXSD_DELTAE_SWEEP_20260115,11721,3316,14500,48.1,7692
TXSD_DELTAE_SWEEP_20260115,11731,3316,14400,47.8,7692
TXSD_DELTAE_SWEEP_20260115,11741,3316,14400,47.8,7692
TXSD_DELTAE_SWEEP_20260115,11751,3316,14400,47.8,7692
TXSD_DELTAE_SWEEP_20260115,11761,3312,14500,48.0,7692
TXSD_DELTAE_SWEEP_20260115,11771,3316,14400,47.8,7692
TXSD_DELTAE_SWEEP_20260115,11781,3316,14400,47.8,7692
TXSD_DELTAE_SWEEP_20260115,11791,3316,14400,47.8,7692
TXSD_DELTAE_SWEEP_20260115,11801,3316,14500,48.1,7693
TXSD_DELTAE_SWEEP_20260115,11811,3316,14400,47.8,7693
TXSD_DELTAE_SWEEP_20260115,11821,3316,14400,47.8,7693
TXSD_DELTAE_SWEEP_20260115,11831,3316,14500,48.1,7693
TXSD_DELTAE_SWEEP_20260115,11841,3316,14400,47.8,7693
TXSD_DELTAE_SWEEP_20260115,11851,3316,14500,48.1,7693
TXSD_DELTAE_SWEEP_20260115,11861,3316,14500,48.1,7693
TXSD_DELTAE_SWEEP_20260115,11871,3316,14500,48.1,7693
TXSD_DELTAE_SWEEP_20260115,11881,3316,14400,47.8,7693
TXSD_DELTAE_SWEEP_20260115,11891,3316,14500,48.1,7693
TXSD_DELTAE_SWEEP_20260115,11901,3316,14400,47.8,7693
TXSD_DELTAE_SWEEP_20260115,11911,3316,14500,48.1,7693
TXSD_DELTAE_SWEEP_20260115,11921,3316,14400,47.8,7693
TXSD_DELTAE_SWEEP_20260115,11931,3316,14500,48.1,7693
TXSD_DELTAE_SWEEP_20260115,11941,3316,14500,48.1,7693
TXSD_DELTAE_SWEEP_20260115,11951,3316,14500,48.1,7693
TXSD_DELTAE_SWEEP_20260115,11961,3316,14400,47.8,7693
TXSD_DELTAE_SWEEP_20260115,11971,3316,14400,47.8,7693
TXSD_DELTAE_SWEEP_20260115,11981,3316,14400,47.8,7693
TXSD_DELTAE_SWEEP_20260115,11991,3316,14400,47.8,7693
TXSD_DELTAE_SWEEP_20260115,12001,3316,14400,47.8,7693
TXSD_DELTAE_SWEEP_20260115,12011,3316,14400,47.8,7693
TXSD_DELTAE_SWEEP_20260115,12021,3316,14400,47.8,7693
TXSD_DELTAE_SWEEP_20260115,12031,3316,14400,47.8,7693
TXSD_DELTAE_SWEEP_20260115,12041,3316,14400,47.8,7693
TXSD_DELTAE_SWEEP_20260115,12051,3316,14400,47.8,7693
TXSD_DELTAE_SWEEP_20260115,12061,3316,14400,47.8,7693
TXSD_DELTAE_SWEEP_20260115,12071,3316,14300,47.4,7693
TXSD_DELTAE_SWEEP_20260115,12081,3316,14500,48.1,7693
TXSD_DELTAE_SWEEP_20260115,12091,3316,14400,47.8,7693
TXSD_DELTAE_SWEEP_20260115,12101,3316,14500,48.1,7693
TXSD_DELTAE_SWEEP_20260115,12111,3316,14600,48.4,7693
TXSD_DELTAE_SWEEP_20260115,12121,3316,14400,47.8,7693
TXSD_DELTAE_SWEEP_20260115,12131,3316,14400,47.8,7693
TXSD_DELTAE_SWEEP_20260115,12141,3316,14400,47.8,7693
TXSD_DELTAE_SWEEP_20260115,12151,3316,14500,48.1,7693
TXSD_DELTAE_SWEEP_20260115,12161,3316,14500,48.1,7693
TXSD_DELTAE_SWEEP_20260115,12171,3316,14400,47.8,7693
TXSD_DELTAE_SWEEP_20260115,12181,3316,14500,48.1,7693
TXSD_DELTAE_SWEEP_20260115,12191,3316,14500,48.1,7693
TXSD_DELTAE_SWEEP_20260115,12201,3316,14400,47.8,7693
TXSD_DELTAE_SWEEP_20260115,12211,3316,14400,47.8,7693
TXSD_DELTAE_SWEEP_20260115,12221,3316,14400,47.8,7693
TXSD_DELTAE_SWEEP_20260115,12231,3316,14500,48.1,7693
TXSD_DELTAE_SWEEP_20260115,12241,3316,14500,48.1,7693
TXSD_DELTAE_SWEEP_20260115,12251,3316,14400,47.8,7693
TXSD_DELTAE_SWEEP_20260115,12261,3316,14500,48.1,7693
TXSD_DELTAE_SWEEP_20260115,12271,3316,14400,47.8,7693
TXSD_DELTAE_SWEEP_20260115,12281,3316,14400,47.8,7693
TXSD_DELTAE_SWEEP_20260115,12291,3316,14400,47.8,7693
TXSD_DELTAE_SWEEP_20260115,12301,3316,14500,48.1,7693
TXSD_DELTAE_SWEEP_20260115,12311,3316,14400,47.8,7693
TXSD_DELTAE_SWEEP_20260115,12321,3316,14400,47.8,7693
TXSD_DELTAE_SWEEP_20260115,12331,3316,14400,47.8,7693
TXSD_DELTAE_SWEEP_20260115,12341,3316,14400,47.8,7693
TXSD_DELTAE_SWEEP_20260115,12351,3316,14400,47.8,7693
TXSD_DELTAE_SWEEP_20260115,12361,3316,14500,48.1,7693
TXSD_DELTAE_SWEEP_20260115,12371,3316,14400,47.8,7693
TXSD_DELTAE_SWEEP_20260115,12381,3316,14500,48.1,7693
TXSD_DELTAE_SWEEP_20260115,12391,3316,14400,47.8,7693
TXSD_DELTAE_SWEEP_20260115,12401,3316,14400,47.8,7693
TXSD_DELTAE_SWEEP_20260115,12411,3316,14400,47.8,7693
TXSD_DELTAE_SWEEP_20260115,12421,3316,14400,47.8,7693
TXSD_DELTAE_SWEEP_20260115,12431,3316,14400,47.8,7693
TXSD_DELTAE_SWEEP_20260115,12441,3316,14400,47.8,7693
TXSD_DELTAE_SWEEP_20260115,12451,3316,14500,48.1,7693
TXSD_DELTAE_SWEEP_20260115,12461,3316,14400,47.8,7693
TXSD_DELTAE_SWEEP_20260115,12471,3316,14500,48.1,7693
TXSD_DELTAE_SWEEP_20260115,12481,3316,14500,48.1,7693
TXSD_DELTAE_SWEEP_20260115,12491,3316,14400,47.8,7693
TXSD_DELTAE_SWEEP_20260115,12501,3316,14500,48.1,7693
TXSD_DELTAE_SWEEP_20260115,12511,3316,14400,47.8,7693
TXSD_DELTAE_SWEEP_20260115,12521,3316,14400,47.8,7693
TXSD_DELTAE_SWEEP_20260115,12531,3316,14400,47.8,7693
TXSD_DELTAE_SWEEP_20260115,12541,3316,14400,47.8,7693
TXSD_DELTAE_SWEEP_20260115,12551,3316,14400,47.8,7693
TXSD_DELTAE_SWEEP_20260115,12561,3316,14500,48.1,7693
TXSD_DELTAE_SWEEP_20260115,12571,3316,14400,47.8,7693
TXSD_DELTAE_SWEEP_20260115,12581,3316,14400,47.8,7693
TXSD_DELTAE_SWEEP_20260115,12591,3316,14400,47.8,7693
TXSD_DELTAE_SWEEP_20260115,12601,3316,14500,48.1,7693
TXSD_DELTAE_SWEEP_20260115,12611,3316,14400,47.8,7693
TXSD_DELTAE_SWEEP_20260115,12621,3316,14500,48.1,7693
TXSD_DELTAE_SWEEP_20260115,12631,3316,14400,47.8,7693
TXSD_DELTAE_SWEEP_20260115,12641,3316,14400,47.8,7693
TXSD_DELTAE_SWEEP_20260115,12651,3316,14400,47.8,7693
TXSD_DELTAE_SWEEP_20260115,12661,3316,14500,48.1,7693
TXSD_DELTAE_SWEEP_20260115,12671,3316,14400,47.8,7693
TXSD_DELTAE_SWEEP_20260115,12681,3316,14400,47.8,7693
TXSD_DELTAE_SWEEP_20260115,12691,3316,14400,47.8,7693
TXSD_DELTAE_SWEEP_20260115,12701,3316,14500,48.1,7693
TXSD_DELTAE_SWEEP_20260115,12711,3316,14400,47.8,7693
TXSD_DELTAE_SWEEP_20260115,12721,3316,14400,47.8,7693
TXSD_DELTAE_SWEEP_20260115,12731,3316,14400,47.8,7693
TXSD_DELTAE_SWEEP_20260115,12741,3316,14400,47.8,7693
TXSD_DELTAE_SWEEP_20260115,12751,3316,14500,48.1,7693
TXSD_DELTAE_SWEEP_20260115,12761,3316,14400,47.8,7693
TXSD_DELTAE_SWEEP_20260115,12771,3316,14500,48.1,7693
TXSD_DELTAE_SWEEP_20260115,12781,3316,14400,47.8,7693
TXSD_DELTAE_SWEEP_20260115,12791,3316,14500,48.1,7693
TXSD_DELTAE_SWEEP_20260115,12801,3316,14500,48.1,7694
TXSD_DELTAE_SWEEP_20260115,12811,3316,14500,48.1,7694
TXSD_DELTAE_SWEEP_20260115,12821,3316,14400,47.8,7694
TXSD_DELTAE_SWEEP_20260115,12831,3316,14400,47.8,7694
TXSD_DELTAE_SWEEP_20260115,12841,3316,14400,47.8,7694
TXSD_DELTAE_SWEEP_20260115,12851,3316,14500,48.1,7694
TXSD_DELTAE_SWEEP_20260115,12861,3316,14400,47.8,7694
TXSD_DELTAE_SWEEP_20260115,12871,3316,14400,47.8,7694
TXSD_DELTAE_SWEEP_20260115,12881,3316,14500,48.1,7694
TXSD_DELTAE_SWEEP_20260115,12891,3316,14400,47.8,7694
TXSD_DELTAE_SWEEP_20260115,12901,3316,14500,48.1,7694
TXSD_DELTAE_SWEEP_20260115,12911,3316,14500,48.1,7694
TXSD_DELTAE_SWEEP_20260115,12921,3316,14500,48.1,7694
TXSD_DELTAE_SWEEP_20260115,12931,3316,14400,47.8,7694
TXSD_DELTAE_SWEEP_20260115,12941,3316,14400,47.8,7694
TXSD_DELTAE_SWEEP_20260115,12951,3316,14500,48.1,7694
TXSD_DELTAE_SWEEP_20260115,12961,3316,14400,47.8,7694
TXSD_DELTAE_SWEEP_20260115,12971,3316,14400,47.8,7694
TXSD_DELTAE_SWEEP_20260115,12981,3316,14400,47.8,7694
TXSD_DELTAE_SWEEP_20260115,12991,3316,14400,47.8,7694
TXSD_DELTAE_SWEEP_20260115,13001,3316,14400,47.8,7694
TXSD_DELTAE_SWEEP_20260115,13011,3316,14400,47.8,7694
TXSD_DELTAE_SWEEP_20260115,13021,3316,14400,47.8,7694
TXSD_DELTAE_SWEEP_20260115,13031,3316,14400,47.8,7694
TXSD_DELTAE_SWEEP_20260115,13041,3316,14400,47.8,7694
TXSD_DELTAE_SWEEP_20260115,13051,3316,14500,48.1,7694
TXSD_DELTAE_SWEEP_20260115,13061,3316,14400,47.8,7694
TXSD_DELTAE_SWEEP_20260115,13071,3316,14500,48.1,7694
TXSD_DELTAE_SWEEP_20260115,13081,3316,14400,47.8,7694
TXSD_DELTAE_SWEEP_20260115,13091,3312,14500,48.0,7694
TXSD_DELTAE_SWEEP_20260115,13101,3316,14500,48.1,7694
TXSD_DELTAE_SWEEP_20260115,13111,3316,14400,47.8,7694
TXSD_DELTAE_SWEEP_20260115,13121,3316,14400,47.8,7694
TXSD_DELTAE_SWEEP_20260115,13131,3316,14500,48.1,7694
TXSD_DELTAE_SWEEP_20260115,13141,3316,14400,47.8,7694
TXSD_DELTAE_SWEEP_20260115,13151,3316,14400,47.8,7694
TXSD_DELTAE_SWEEP_20260115,13161,3316,14500,48.1,7694
TXSD_DELTAE_SWEEP_20260115,13171,3316,14300,47.4,7694
TXSD_DELTAE_SWEEP_20260115,13181,3316,14500,48.1,7694
TXSD_DELTAE_SWEEP_20260115,13191,3316,14300,47.4,7694
TXSD_DELTAE_SWEEP_20260115,13201,3316,14500,48.1,7694
TXSD_DELTAE_SWEEP_20260115,13211,3316,14400,47.8,7694
TXSD_DELTAE_SWEEP_20260115,13221,3316,14500,48.1,7694
TXSD_DELTAE_SWEEP_20260115,13231,3316,14400,47.8,7694
TXSD_DELTAE_SWEEP_20260115,13241,3316,14400,47.8,7694
TXSD_DELTAE_SWEEP_20260115,13251,3316,14500,48.1,7694
TXSD_DELTAE_SWEEP_20260115,13261,3316,14400,47.8,7694
TXSD_DELTAE_SWEEP_20260115,13271,3316,14500,48.1,7694
TXSD_DELTAE_SWEEP_20260115,13281,3316,14400,47.8,7694
TXSD_DELTAE_SWEEP_20260115,13291,3316,14400,47.8,7694
TXSD_DELTAE_SWEEP_20260115,13301,3316,14400,47.8,7694
TXSD_DELTAE_SWEEP_20260115,13311,3316,14500,48.1,7694
TXSD_DELTAE_SWEEP_20260115,13321,3316,14400,47.8,7694
TXSD_DELTAE_SWEEP_20260115,13331,3316,14400,47.8,7694
TXSD_DELTAE_SWEEP_20260115,13341,3316,14400,47.8,7694
TXSD_DELTAE_SWEEP_20260115,13351,3316,14400,47.8,7694
TXSD_DELTAE_SWEEP_20260115,13361,3316,14500,48.1,7694
TXSD_DELTAE_SWEEP_20260115,13371,3316,14500,48.1,7694
TXSD_DELTAE_SWEEP_20260115,13381,3316,14400,47.8,7694
TXSD_DELTAE_SWEEP_20260115,13391,3316,14500,48.1,7694
TXSD_DELTAE_SWEEP_20260115,13401,3316,14400,47.8,7694
TXSD_DELTAE_SWEEP_20260115,13411,3316,14400,47.8,7694
TXSD_DELTAE_SWEEP_20260115,13421,3316,14400,47.8,7694
TXSD_DELTAE_SWEEP_20260115,13431,3316,14300,47.4,7694
TXSD_DELTAE_SWEEP_20260115,13441,3316,14500,48.1,7694
TXSD_DELTAE_SWEEP_20260115,13451,3316,14400,47.8,7694
TXSD_DELTAE_SWEEP_20260115,13461,3316,14400,47.8,7694
TXSD_DELTAE_SWEEP_20260115,13471,3316,14400,47.8,7694
TXSD_DELTAE_SWEEP_20260115,13481,3316,14400,47.8,7694
TXSD_DELTAE_SWEEP_20260115,13491,3316,14300,47.4,7694
TXSD_DELTAE_SWEEP_20260115,13501,3316,14400,47.8,7694
TXSD_DELTAE_SWEEP_20260115,13511,3316,14500,48.1,7694
TXSD_DELTAE_SWEEP_20260115,13521,3316,14500,48.1,7694
TXSD_DELTAE_SWEEP_20260115,13531,3316,14400,47.8,7694
TXSD_DELTAE_SWEEP_20260115,13541,3316,14400,47.8,7694
TXSD_DELTAE_SWEEP_20260115,13551,3316,14400,47.8,7694
TXSD_DELTAE_SWEEP_20260115,13561,3316,14400,47.8,7694
TXSD_DELTAE_SWEEP_20260115,13571,3316,14400,47.8,7694
TXSD_DELTAE_SWEEP_20260115,13581,3316,14400,47.8,7694
TXSD_DELTAE_SWEEP_20260115,13591,3316,14500,48.1,7694
TXSD_DELTAE_SWEEP_20260115,13601,3316,14500,48.1,7694
TXSD_DELTAE_SWEEP_20260115,13611,3316,14500,48.1,7694
TXSD_DELTAE_SWEEP_20260115,13621,3316,14400,47.8,7694
TXSD_DELTAE_SWEEP_20260115,13631,3316,14500,48.1,7694
TXSD_DELTAE_SWEEP_20260115,13641,3316,14400,47.8,7694
TXSD_DELTAE_SWEEP_20260115,13651,3316,14400,47.8,7694
TXSD_DELTAE_SWEEP_20260115,13661,3316,14400,47.8,7694
TXSD_DELTAE_SWEEP_20260115,13671,3316,14400,47.8,7694
TXSD_DELTAE_SWEEP_20260115,13681,3316,14400,47.8,7694
TXSD_DELTAE_SWEEP_20260115,13691,3316,14400,47.8,7694
TXSD_DELTAE_SWEEP_20260115,13701,3316,14400,47.8,7694
TXSD_DELTAE_SWEEP_20260115,13711,3316,14400,47.8,7694
TXSD_DELTAE_SWEEP_20260115,13721,3316,14500,48.1,7694
TXSD_DELTAE_SWEEP_20260115,13731,3316,14400,47.8,7694
TXSD_DELTAE_SWEEP_20260115,13741,3316,14500,48.1,7694
TXSD_DELTAE_SWEEP_20260115,13751,3316,14400,47.8,7694
TXSD_DELTAE_SWEEP_20260115,13761,3316,14500,48.1,7694
TXSD_DELTAE_SWEEP_20260115,13771,3316,14400,47.8,7694
TXSD_DELTAE_SWEEP_20260115,13781,3316,14500,48.1,7694
TXSD_DELTAE_SWEEP_20260115,13791,3316,14400,47.8,7694
TXSD_DELTAE_SWEEP_20260115,13801,3316,14500,48.1,7695
TXSD_DELTAE_SWEEP_20260115,13811,3316,14400,47.8,7695
TXSD_DELTAE_SWEEP_20260115,13821,3316,14400,47.8,7695
TXSD_DELTAE_SWEEP_20260115,13831,3316,14400,47.8,7695
TXSD_DELTAE_SWEEP_20260115,13841,3316,14400,47.8,7695
TXSD_DELTAE_SWEEP_20260115,13851,3316,14400,47.8,7695
TXSD_DELTAE_SWEEP_20260115,13861,3316,14400,47.8,7695
TXSD_DELTAE_SWEEP_20260115,13871,3316,14500,48.1,7695
TXSD_DELTAE_SWEEP_20260115,13881,3316,14400,47.8,7695
TXSD_DELTAE_SWEEP_20260115,13891,3316,14400,47.8,7695
TXSD_DELTAE_SWEEP_20260115,13901,3316,14400,47.8,7695
TXSD_DELTAE_SWEEP_20260115,13911,3316,14500,48.1,7695
TXSD_DELTAE_SWEEP_20260115,13921,3316,14400,47.8,7695
TXSD_DELTAE_SWEEP_20260115,13931,3316,14500,48.1,7695
TXSD_DELTAE_SWEEP_20260115,13941,3316,14400,47.8,7695
TXSD_DELTAE_SWEEP_20260115,13951,3316,14400,47.8,7695
TXSD_DELTAE_SWEEP_20260115,13961,3316,14400,47.8,7695
TXSD_DELTAE_SWEEP_20260115,13971,3316,14400,47.8,7695
TXSD_DELTAE_SWEEP_20260115,13981,3316,14400,47.8,7695
TXSD_DELTAE_SWEEP_20260115,13991,3316,14400,47.8,7695
TXSD_DELTAE_SWEEP_20260115,14001,3316,14400,47.8,7695
TXSD_DELTAE_SWEEP_20260115,14011,3316,14400,47.8,7695
TXSD_DELTAE_SWEEP_20260115,14021,3316,14400,47.8,7695
TXSD_DELTAE_SWEEP_20260115,14031,3316,14400,47.8,7695
TXSD_DELTAE_SWEEP_20260115,14041,3316,14500,48.1,7695
TXSD_DELTAE_SWEEP_20260115,14051,3316,14400,47.8,7695
TXSD_DELTAE_SWEEP_20260115,14061,3316,14500,48.1,7695
TXSD_DELTAE_SWEEP_20260115,14071,3316,14400,47.8,7695
TXSD_DELTAE_SWEEP_20260115,14081,3316,14400,47.8,7695
TXSD_DELTAE_SWEEP_20260115,14091,3316,14400,47.8,7695
TXSD_DELTAE_SWEEP_20260115,14101,3316,14500,48.1,7695
TXSD_DELTAE_SWEEP_20260115,14111,3316,14400,47.8,7695
TXSD_DELTAE_SWEEP_20260115,14121,3316,14400,47.8,7695
TXSD_DELTAE_SWEEP_20260115,14131,3316,14400,47.8,7695
TXSD_DELTAE_SWEEP_20260115,14141,3316,14400,47.8,7695
TXSD_DELTAE_SWEEP_20260115,14151,3316,14400,47.8,7695
TXSD_DELTAE_SWEEP_20260115,14161,3316,14400,47.8,7695
TXSD_DELTAE_SWEEP_20260115,14171,3316,14400,47.8,7695
TXSD_DELTAE_SWEEP_20260115,14181,3316,14500,48.1,7695
TXSD_DELTAE_SWEEP_20260115,14191,3316,14500,48.1,7695
TXSD_DELTAE_SWEEP_20260115,14201,3316,14400,47.8,7695
TXSD_DELTAE_SWEEP_20260115,14211,3316,14500,48.1,7695
TXSD_DELTAE_SWEEP_20260115,14221,3316,14400,47.8,7695
TXSD_DELTAE_SWEEP_20260115,14231,3316,14500,48.1,7695
TXSD_DELTAE_SWEEP_20260115,14241,3316,14400,47.8,7695
TXSD_DELTAE_SWEEP_20260115,14251,3316,14400,47.8,7695
TXSD_DELTAE_SWEEP_20260115,14261,3316,14400,47.8,7695
TXSD_DELTAE_SWEEP_20260115,14271,3316,14400,47.8,7695
TXSD_DELTAE_SWEEP_20260115,14281,3316,14400,47.8,7695
TXSD_DELTAE_SWEEP_20260115,14291,3316,14500,48.1,7695
TXSD_DELTAE_SWEEP_20260115,14301,3316,14500,48.1,7695
TXSD_DELTAE_SWEEP_20260115,14311,3316,14400,47.8,7695
TXSD_DELTAE_SWEEP_20260115,14321,3316,14500,48.1,7695
TXSD_DELTAE_SWEEP_20260115,14331,3316,14400,47.8,7695
TXSD_DELTAE_SWEEP_20260115,14341,3316,14600,48.4,7695
TXSD_DELTAE_SWEEP_20260115,14351,3316,14400,47.8,7695
TXSD_DELTAE_SWEEP_20260115,14361,3316,14400,47.8,7695
TXSD_DELTAE_SWEEP_20260115,14371,3316,14400,47.8,7695
TXSD_DELTAE_SWEEP_20260115,14381,3316,14500,48.1,7695
TXSD_DELTAE_SWEEP_20260115,14391,3316,14400,47.8,7695
TXSD_DELTAE_SWEEP_20260115,14401,3316,14400,47.8,7695
TXSD_DELTAE_SWEEP_20260115,14411,3316,14400,47.8,7695
TXSD_DELTAE_SWEEP_20260115,14421,3316,14500,48.1,7695
TXSD_DELTAE_SWEEP_20260115,14431,3316,14400,47.8,7695
TXSD_DELTAE_SWEEP_20260115,14441,3316,14500,48.1,7695
TXSD_DELTAE_SWEEP_20260115,14451,3316,14500,48.1,7695
TXSD_DELTAE_SWEEP_20260115,14461,3316,14400,47.8,7695
TXSD_DELTAE_SWEEP_20260115,14471,3316,14500,48.1,7695
TXSD_DELTAE_SWEEP_20260115,14481,3316,14400,47.8,7695
TXSD_DELTAE_SWEEP_20260115,14491,3316,14400,47.8,7695
TXSD_DELTAE_SWEEP_20260115,14501,3316,14400,47.8,7695
TXSD_DELTAE_SWEEP_20260115,14511,3316,14500,48.1,7695
TXSD_DELTAE_SWEEP_20260115,14521,3316,14500,48.1,7695
TXSD_DELTAE_SWEEP_20260115,14531,3316,14500,48.1,7695
TXSD_DELTAE_SWEEP_20260115,14541,3316,14400,47.8,7695
TXSD_DELTAE_SWEEP_20260115,14551,3316,14400,47.8,7695
TXSD_DELTAE_SWEEP_20260115,14561,3316,14400,47.8,7695
TXSD_DELTAE_SWEEP_20260115,14571,3316,14400,47.8,7695
TXSD_DELTAE_SWEEP_20260115,14581,3316,14400,47.8,7695
TXSD_DELTAE_SWEEP_20260115,14591,3316,14400,47.8,7695
TXSD_DELTAE_SWEEP_20260115,14601,3316,14500,48.1,7695
TXSD_DELTAE_SWEEP_20260115,14611,3316,14400,47.8,7695
TXSD_DELTAE_SWEEP_20260115,14621,3316,14500,48.1,7695
TXSD_DELTAE_SWEEP_20260115,14631,3316,14500,48.1,7695
TXSD_DELTAE_SWEEP_20260115,14641,3316,14500,48.1,7695
TXSD_DELTAE_SWEEP_20260115,14651,3316,14400,47.8,7695
TXSD_DELTAE_SWEEP_20260115,14661,3316,14500,48.1,7695
TXSD_DELTAE_SWEEP_20260115,14671,3316,14400,47.8,7695
TXSD_DELTAE_SWEEP_20260115,14681,3316,14500,48.1,7695
TXSD_DELTAE_SWEEP_20260115,14691,3316,14400,47.8,7695
TXSD_DELTAE_SWEEP_20260115,14701,3316,14500,48.1,7695
TXSD_DELTAE_SWEEP_20260115,14711,3316,14500,48.1,7695
TXSD_DELTAE_SWEEP_20260115,14721,3312,14400,47.7,7695
TXSD_DELTAE_SWEEP_20260115,14731,3316,14400,47.8,7695
TXSD_DELTAE_SWEEP_20260115,14741,3316,14400,47.8,7695
TXSD_DELTAE_SWEEP_20260115,14751,3316,14500,48.1,7695
TXSD_DELTAE_SWEEP_20260115,14761,3316,14400,47.8,7695
TXSD_DELTAE_SWEEP_20260115,14771,3316,14400,47.8,7695
TXSD_DELTAE_SWEEP_20260115,14781,3316,14500,48.1,7695
TXSD_DELTAE_SWEEP_20260115,14791,3316,14500,48.1,7695
TXSD_DELTAE_SWEEP_20260115,14801,3316,14400,47.8,7696
TXSD_DELTAE_SWEEP_20260115,14811,3316,14400,47.8,7696
TXSD_DELTAE_SWEEP_20260115,14821,3316,14400,47.8,7696
TXSD_DELTAE_SWEEP_20260115,14831,3316,14500,48.1,7696
TXSD_DELTAE_SWEEP_20260115,14841,3316,14400,47.8,7696
TXSD_DELTAE_SWEEP_20260115,14851,3316,14400,47.8,7696
TXSD_DELTAE_SWEEP_20260115,14861,3316,14400,47.8,7696
TXSD_DELTAE_SWEEP_20260115,14871,3316,14400,47.8,7696
TXSD_DELTAE_SWEEP_20260115,14881,3316,14500,48.1,7696
TXSD_DELTAE_SWEEP_20260115,14891,3316,14400,47.8,7696
TXSD_DELTAE_SWEEP_20260115,14901,3316,14400,47.8,7696
TXSD_DELTAE_SWEEP_20260115,14911,3316,14400,47.8,7696
TXSD_DELTAE_SWEEP_20260115,14921,3316,14600,48.4,7696
TXSD_DELTAE_SWEEP_20260115,14931,3316,14400,47.8,7696
TXSD_DELTAE_SWEEP_20260115,14941,3316,14400,47.8,7696
TXSD_DELTAE_SWEEP_20260115,14951,3316,14400,47.8,7696
TXSD_DELTAE_SWEEP_20260115,14961,3316,14500,48.1,7696
TXSD_DELTAE_SWEEP_20260115,14971,3316,14400,47.8,7696
TXSD_DELTAE_SWEEP_20260115,14981,3316,14400,47.8,7696
TXSD_DELTAE_SWEEP_20260115,14991,3316,14400,47.8,7696
TXSD_DELTAE_SWEEP_20260115,15001,3316,14400,47.8,7696
TXSD_DELTAE_SWEEP_20260115,15011,3316,14400,47.8,7696
TXSD_DELTAE_SWEEP_20260115,15021,3316,14400,47.8,7696
TXSD_DELTAE_SWEEP_20260115,15031,3316,14400,47.8,7696
TXSD_DELTAE_SWEEP_20260115,15041,3316,14400,47.8,7696
TXSD_DELTAE_SWEEP_20260115,15051,3316,14500,48.1,7696
TXSD_DELTAE_SWEEP_20260115,15061,3316,14400,47.8,7696
TXSD_DELTAE_SWEEP_20260115,15071,3316,14400,47.8,7696
TXSD_DELTAE_SWEEP_20260115,15081,3316,14400,47.8,7696
TXSD_DELTAE_SWEEP_20260115,15091,3316,14400,47.8,7696
TXSD_DELTAE_SWEEP_20260115,15101,3316,14500,48.1,7696
TXSD_DELTAE_SWEEP_20260115,15111,3316,14500,48.1,7696
TXSD_DELTAE_SWEEP_20260115,15121,3316,14400,47.8,7696
TXSD_DELTAE_SWEEP_20260115,15131,3316,14500,48.1,7696
TXSD_DELTAE_SWEEP_20260115,15141,3316,14400,47.8,7696
TXSD_DELTAE_SWEEP_20260115,15151,3316,14400,47.8,7696
TXSD_DELTAE_SWEEP_20260115,15161,3316,14400,47.8,7696
TXSD_DELTAE_SWEEP_20260115,15171,3316,14400,47.8,7696
TXSD_DELTAE_SWEEP_20260115,15181,3316,14400,47.8,7696
TXSD_DELTAE_SWEEP_20260115,15191,3316,14400,47.8,7696
TXSD_DELTAE_SWEEP_20260115,15201,3316,14500,48.1,7696
TXSD_DELTAE_SWEEP_20260115,15211,3316,14400,47.8,7696
TXSD_DELTAE_SWEEP_20260115,15221,3316,14400,47.8,7696
TXSD_DELTAE_SWEEP_20260115,15231,3316,14500,48.1,7696
TXSD_DELTAE_SWEEP_20260115,15241,3316,14500,48.1,7696
TXSD_DELTAE_SWEEP_20260115,15251,3316,14400,47.8,7696
TXSD_DELTAE_SWEEP_20260115,15261,3316,14400,47.8,7696
TXSD_DELTAE_SWEEP_20260115,15271,3316,14500,48.1,7696
TXSD_DELTAE_SWEEP_20260115,15281,3316,14500,48.1,7696
TXSD_DELTAE_SWEEP_20260115,15291,3316,14400,47.8,7696
TXSD_DELTAE_SWEEP_20260115,15301,3316,14400,47.8,7696
TXSD_DELTAE_SWEEP_20260115,15311,3316,14400,47.8,7696
TXSD_DELTAE_SWEEP_20260115,15321,3316,14300,47.4,7696
TXSD_DELTAE_SWEEP_20260115,15331,3316,14500,48.1,7696
TXSD_DELTAE_SWEEP_20260115,15341,3316,14500,48.1,7696
TXSD_DELTAE_SWEEP_20260115,15351,3316,14400,47.8,7696
TXSD_DELTAE_SWEEP_20260115,15361,3316,14400,47.8,7696
TXSD_DELTAE_SWEEP_20260115,15371,3316,14400,47.8,7696
TXSD_DELTAE_SWEEP_20260115,15381,3316,14400,47.8,7696
TXSD_DELTAE_SWEEP_20260115,15391,3316,14500,48.1,7696
TXSD_DELTAE_SWEEP_20260115,15401,3316,14400,47.8,7696
TXSD_DELTAE_SWEEP_20260115,15411,3316,14400,47.8,7696
TXSD_DELTAE_SWEEP_20260115,15421,3316,14400,47.8,7696
TXSD_DELTAE_SWEEP_20260115,15431,3316,14400,47.8,7696
TXSD_DELTAE_SWEEP_20260115,15441,3316,14500,48.1,7696
TXSD_DELTAE_SWEEP_20260115,15451,3316,14400,47.8,7696
TXSD_DELTAE_SWEEP_20260115,15461,3316,14400,47.8,7696
TXSD_DELTAE_SWEEP_20260115,15471,3316,14400,47.8,7696
TXSD_DELTAE_SWEEP_20260115,15481,3316,14500,48.1,7696
TXSD_DELTAE_SWEEP_20260115,15491,3316,14400,47.8,7696
TXSD_DELTAE_SWEEP_20260115,15501,3316,14500,48.1,7696
TXSD_DELTAE_SWEEP_20260115,15511,3316,14500,48.1,7696
TXSD_DELTAE_SWEEP_20260115,15521,3316,14500,48.1,7696
TXSD_DELTAE_SWEEP_20260115,15531,3316,14500,48.1,7696
TXSD_DELTAE_SWEEP_20260115,15541,3316,14500,48.1,7696
TXSD_DELTAE_SWEEP_20260115,15551,3316,14400,47.8,7696
TXSD_DELTAE_SWEEP_20260115,15561,3316,14400,47.8,7696
TXSD_DELTAE_SWEEP_20260115,15571,3316,14400,47.8,7696
TXSD_DELTAE_SWEEP_20260115,15581,3316,14400,47.8,7696
TXSD_DELTAE_SWEEP_20260115,15591,3316,14400,47.8,7696
TXSD_DELTAE_SWEEP_20260115,15601,3316,14400,47.8,7696
TXSD_DELTAE_SWEEP_20260115,15611,3316,14500,48.1,7696
TXSD_DELTAE_SWEEP_20260115,15621,3316,14500,48.1,7696
TXSD_DELTAE_SWEEP_20260115,15631,3316,14500,48.1,7696
TXSD_DELTAE_SWEEP_20260115,15641,3316,14400,47.8,7696
TXSD_DELTAE_SWEEP_20260115,15651,3316,14400,47.8,7696
TXSD_DELTAE_SWEEP_20260115,15661,3316,14400,47.8,7696
TXSD_DELTAE_SWEEP_20260115,15671,3316,14400,47.8,7696
TXSD_DELTAE_SWEEP_20260115,15681,3316,14500,48.1,7696
TXSD_DELTAE_SWEEP_20260115,15691,3316,14300,47.4,7696
TXSD_DELTAE_SWEEP_20260115,15701,3316,14400,47.8,7696
TXSD_DELTAE_SWEEP_20260115,15711,3316,14400,47.8,7696
TXSD_DELTAE_SWEEP_20260115,15721,3316,14400,47.8,7696
TXSD_DELTAE_SWEEP_20260115,15731,3316,14400,47.8,7696
TXSD_DELTAE_SWEEP_20260115,15741,3316,14400,47.8,7696
TXSD_DELTAE_SWEEP_20260115,15751,3316,14400,47.8,7696
TXSD_DELTAE_SWEEP_20260115,15761,3316,14400,47.8,7696
TXSD_DELTAE_SWEEP_20260115,15771,3316,14400,47.8,7696
TXSD_DELTAE_SWEEP_20260115,15781,3316,14500,48.1,7696
TXSD_DELTAE_SWEEP_20260115,15791,3316,14400,47.8,7696
TXSD_DELTAE_SWEEP_20260115,15801,3316,14500,48.1,7697
TXSD_DELTAE_SWEEP_20260115,15811,3316,14400,47.8,7697
TXSD_DELTAE_SWEEP_20260115,15821,3316,14500,48.1,7697
TXSD_DELTAE_SWEEP_20260115,15831,3316,14600,48.4,7697
TXSD_DELTAE_SWEEP_20260115,15841,3312,14400,47.7,7697
TXSD_DELTAE_SWEEP_20260115,15851,3316,14500,48.1,7697
TXSD_DELTAE_SWEEP_20260115,15861,3316,14400,47.8,7697
TXSD_DELTAE_SWEEP_20260115,15871,3316,14400,47.8,7697
TXSD_DELTAE_SWEEP_20260115,15881,3316,14400,47.8,7697
TXSD_DELTAE_SWEEP_20260115,15891,3316,14500,48.1,7697
TXSD_DELTAE_SWEEP_20260115,15901,3316,14400,47.8,7697
TXSD_DELTAE_SWEEP_20260115,15911,3316,14400,47.8,7697
TXSD_DELTAE_SWEEP_20260115,15921,3316,14500,48.1,7697
TXSD_DELTAE_SWEEP_20260115,15931,3316,14400,47.8,7697
TXSD_DELTAE_SWEEP_20260115,15941,3316,14400,47.8,7697
TXSD_DELTAE_SWEEP_20260115,15951,3316,14500,48.1,7697
TXSD_DELTAE_SWEEP_20260115,15961,3316,14400,47.8,7697
TXSD_DELTAE_SWEEP_20260115,15971,3316,14400,47.8,7697
TXSD_DELTAE_SWEEP_20260115,15981,3316,14400,47.8,7697
TXSD_DELTAE_SWEEP_20260115,15991,3316,14400,47.8,7697
TXSD_DELTAE_SWEEP_20260115,16001,3316,14400,47.8,7697
TXSD_DELTAE_SWEEP_20260115,16011,3316,14500,48.1,7697
TXSD_DELTAE_SWEEP_20260115,16021,3316,14400,47.8,7697
TXSD_DELTAE_SWEEP_20260115,16031,3316,14500,48.1,7697
TXSD_DELTAE_SWEEP_20260115,16041,3316,14400,47.8,7697
TXSD_DELTAE_SWEEP_20260115,16051,3316,14400,47.8,7697
TXSD_DELTAE_SWEEP_20260115,16061,3316,14500,48.1,7697
TXSD_DELTAE_SWEEP_20260115,16071,3316,14400,47.8,7697
TXSD_DELTAE_SWEEP_20260115,16081,3316,14400,47.8,7697
TXSD_DELTAE_SWEEP_20260115,16091,3316,14400,47.8,7697
TXSD_DELTAE_SWEEP_20260115,16101,3316,14500,48.1,7697
TXSD_DELTAE_SWEEP_20260115,16111,3316,14400,47.8,7697
TXSD_DELTAE_SWEEP_20260115,16121,3316,14400,47.8,7697
TXSD_DELTAE_SWEEP_20260115,16131,3316,14500,48.1,7697
TXSD_DELTAE_SWEEP_20260115,16141,3316,14400,47.8,7697
TXSD_DELTAE_SWEEP_20260115,16151,3316,14400,47.8,7697
TXSD_DELTAE_SWEEP_20260115,16161,3316,14400,47.8,7697
TXSD_DELTAE_SWEEP_20260115,16171,3316,14500,48.1,7697
TXSD_DELTAE_SWEEP_20260115,16181,3316,14400,47.8,7697
TXSD_DELTAE_SWEEP_20260115,16191,3316,14500,48.1,7697
TXSD_DELTAE_SWEEP_20260115,16201,3316,14400,47.8,7697
TXSD_DELTAE_SWEEP_20260115,16211,3316,14500,48.1,7697
TXSD_DELTAE_SWEEP_20260115,16221,3316,14400,47.8,7697
TXSD_DELTAE_SWEEP_20260115,16231,3316,14500,48.1,7697
TXSD_DELTAE_SWEEP_20260115,16241,3316,14400,47.8,7697
TXSD_DELTAE_SWEEP_20260115,16251,3316,14500,48.1,7697
TXSD_DELTAE_SWEEP_20260115,16261,3316,14500,48.1,7697
TXSD_DELTAE_SWEEP_20260115,16271,3316,14400,47.8,7697
TXSD_DELTAE_SWEEP_20260115,16281,3316,14400,47.8,7697
TXSD_DELTAE_SWEEP_20260115,16291,3316,14400,47.8,7697
TXSD_DELTAE_SWEEP_20260115,16301,3316,14400,47.8,7697
TXSD_DELTAE_SWEEP_20260115,16311,3316,14500,48.1,7697
TXSD_DELTAE_SWEEP_20260115,16321,3316,14400,47.8,7697
TXSD_DELTAE_SWEEP_20260115,16331,3316,14400,47.8,7697
TXSD_DELTAE_SWEEP_20260115,16341,3316,14500,48.1,7697
TXSD_DELTAE_SWEEP_20260115,16351,3316,14400,47.8,7697
TXSD_DELTAE_SWEEP_20260115,16361,3316,14500,48.1,7697
TXSD_DELTAE_SWEEP_20260115,16371,3316,14400,47.8,7697
TXSD_DELTAE_SWEEP_20260115,16381,3316,14500,48.1,7697
TXSD_DELTAE_SWEEP_20260115,16391,3316,14500,48.1,7697
TXSD_DELTAE_SWEEP_20260115,16401,3316,14500,48.1,7697
TXSD_DELTAE_SWEEP_20260115,16411,3316,14400,47.8,7697
TXSD_DELTAE_SWEEP_20260115,16421,3316,14500,48.1,7697
TXSD_DELTAE_SWEEP_20260115,16431,3316,14400,47.8,7697
TXSD_DELTAE_SWEEP_20260115,16441,3316,14400,47.8,7697
TXSD_DELTAE_SWEEP_20260115,16451,3316,14400,47.8,7697
TXSD_DELTAE_SWEEP_20260115,16461,3316,14400,47.8,7697
TXSD_DELTAE_SWEEP_20260115,16471,3316,14500,48.1,7697
TXSD_DELTAE_SWEEP_20260115,16481,3316,14500,48.1,7697
TXSD_DELTAE_SWEEP_20260115,16491,3316,14500,48.1,7697
TXSD_DELTAE_SWEEP_20260115,16501,3316,14400,47.8,7697
TXSD_DELTAE_SWEEP_20260115,16511,3316,14500,48.1,7697
TXSD_DELTAE_SWEEP_20260115,16521,3316,14500,48.1,7697
TXSD_DELTAE_SWEEP_20260115,16531,3316,14500,48.1,7697
TXSD_DELTAE_SWEEP_20260115,16541,3316,14400,47.8,7697
TXSD_DELTAE_SWEEP_20260115,16551,3316,14500,48.1,7697
TXSD_DELTAE_SWEEP_20260115,16561,3312,14500,48.0,7697
TXSD_DELTAE_SWEEP_20260115,16571,3316,14500,48.1,7697
TXSD_DELTAE_SWEEP_20260115,16581,3316,14600,48.4,7697
TXSD_DELTAE_SWEEP_20260115,16591,3316,14400,47.8,7697
TXSD_DELTAE_SWEEP_20260115,16601,3316,14400,47.8,7697
TXSD_DELTAE_SWEEP_20260115,16611,3316,14500,48.1,7697
TXSD_DELTAE_SWEEP_20260115,16621,3316,14500,48.1,7697
TXSD_DELTAE_SWEEP_20260115,16631,3316,14500,48.1,7697
TXSD_DELTAE_SWEEP_20260115,16641,3316,14500,48.1,7697
TXSD_DELTAE_SWEEP_20260115,16651,3316,14400,47.8,7697
TXSD_DELTAE_SWEEP_20260115,16661,3316,14500,48.1,7697
TXSD_DELTAE_SWEEP_20260115,16671,3316,14500,48.1,7697
TXSD_DELTAE_SWEEP_20260115,16681,3316,14400,47.8,7697
TXSD_DELTAE_SWEEP_20260115,16691,3316,14500,48.1,7697
TXSD_DELTAE_SWEEP_20260115,16701,3316,14500,48.1,7697
TXSD_DELTAE_SWEEP_20260115,16711,3312,14400,47.7,7697
TXSD_DELTAE_SWEEP_20260115,16721,3316,14500,48.1,7697
TXSD_DELTAE_SWEEP_20260115,16731,3316,14400,47.8,7697
TXSD_DELTAE_SWEEP_20260115,16741,3316,14400,47.8,7697
TXSD_DELTAE_SWEEP_20260115,16751,3316,14400,47.8,7697
TXSD_DELTAE_SWEEP_20260115,16761,3316,14500,48.1,7697
TXSD_DELTAE_SWEEP_20260115,16771,3316,14500,48.1,7697
TXSD_DELTAE_SWEEP_20260115,16781,3316,14400,47.8,7697
TXSD_DELTAE_SWEEP_20260115,16791,3316,14500,48.1,7697
TXSD_DELTAE_SWEEP_20260115,16801,3316,14400,47.8,7698
TXSD_DELTAE_SWEEP_20260115,16811,3316,14400,47.8,7698
TXSD_DELTAE_SWEEP_20260115,16821,3312,14400,47.7,7698
TXSD_DELTAE_SWEEP_20260115,16831,3316,14400,47.8,7698
TXSD_DELTAE_SWEEP_20260115,16841,3316,14400,47.8,7698
TXSD_DELTAE_SWEEP_20260115,16851,3316,14400,47.8,7698
TXSD_DELTAE_SWEEP_20260115,16861,3316,14400,47.8,7698
TXSD_DELTAE_SWEEP_20260115,16871,3316,14500,48.1,7698
TXSD_DELTAE_SWEEP_20260115,16881,3316,14400,47.8,7698
TXSD_DELTAE_SWEEP_20260115,16891,3316,14500,48.1,7698
TXSD_DELTAE_SWEEP_20260115,16901,3316,14400,47.8,7698
TXSD_DELTAE_SWEEP_20260115,16911,3316,14400,47.8,7698
TXSD_DELTAE_SWEEP_20260115,16921,3316,14500,48.1,7698
TXSD_DELTAE_SWEEP_20260115,16931,3316,14500,48.1,7698
TXSD_DELTAE_SWEEP_20260115,16941,3316,14500,48.1,7698
TXSD_DELTAE_SWEEP_20260115,16951,3316,14500,48.1,7698
TXSD_DELTAE_SWEEP_20260115,16961,3316,14400,47.8,7698
TXSD_DELTAE_SWEEP_20260115,16971,3316,14400,47.8,7698
TXSD_DELTAE_SWEEP_20260115,16981,3316,14500,48.1,7698
TXSD_DELTAE_SWEEP_20260115,16991,3316,14400,47.8,7698
TXSD_DELTAE_SWEEP_20260115,17001,3316,14400,47.8,7698
TXSD_DELTAE_SWEEP_20260115,17011,3316,14400,47.8,7698
TXSD_DELTAE_SWEEP_20260115,17021,3316,14400,47.8,7698
TXSD_DELTAE_SWEEP_20260115,17031,3316,14500,48.1,7698
TXSD_DELTAE_SWEEP_20260115,17041,3316,14500,48.1,7698
TXSD_DELTAE_SWEEP_20260115,17051,3316,14500,48.1,7698
TXSD_DELTAE_SWEEP_20260115,17061,3316,14400,47.8,7698
TXSD_DELTAE_SWEEP_20260115,17071,3316,14500,48.1,7698
TXSD_DELTAE_SWEEP_20260115,17081,3316,14400,47.8,7698
TXSD_DELTAE_SWEEP_20260115,17091,3316,14400,47.8,7698
TXSD_DELTAE_SWEEP_20260115,17101,3316,14500,48.1,7698
TXSD_DELTAE_SWEEP_20260115,17111,3316,14400,47.8,7698
TXSD_DELTAE_SWEEP_20260115,17121,3320,14400,47.8,7698
TXSD_DELTAE_SWEEP_20260115,17131,3316,14400,47.8,7698
TXSD_DELTAE_SWEEP_20260115,17141,3316,14400,47.8,7698
TXSD_DELTAE_SWEEP_20260115,17151,3316,14500,48.1,7698
TXSD_DELTAE_SWEEP_20260115,17161,3316,14400,47.8,7698
TXSD_DELTAE_SWEEP_20260115,17171,3316,14400,47.8,7698
TXSD_DELTAE_SWEEP_20260115,17181,3316,14500,48.1,7698
TXSD_DELTAE_SWEEP_20260115,17191,3316,14400,47.8,7698
TXSD_DELTAE_SWEEP_20260115,17201,3316,14500,48.1,7698
TXSD_DELTAE_SWEEP_20260115,17211,3316,14400,47.8,7698
TXSD_DELTAE_SWEEP_20260115,17221,3316,14500,48.1,7698
TXSD_DELTAE_SWEEP_20260115,17231,3316,14400,47.8,7698
TXSD_DELTAE_SWEEP_20260115,17241,3316,14400,47.8,7698
TXSD_DELTAE_SWEEP_20260115,17251,3316,14500,48.1,7698
TXSD_DELTAE_SWEEP_20260115,17261,3316,14500,48.1,7698
TXSD_DELTAE_SWEEP_20260115,17271,3316,14400,47.8,7698
TXSD_DELTAE_SWEEP_20260115,17281,3316,14400,47.8,7698
TXSD_DELTAE_SWEEP_20260115,17291,3316,14500,48.1,7698
TXSD_DELTAE_SWEEP_20260115,17301,3316,14300,47.4,7698
TXSD_DELTAE_SWEEP_20260115,17311,3316,14400,47.8,7698
TXSD_DELTAE_SWEEP_20260115,17321,3316,14400,47.8,7698
TXSD_DELTAE_SWEEP_20260115,17331,3316,14400,47.8,7698
TXSD_DELTAE_SWEEP_20260115,17341,3316,14400,47.8,7698
TXSD_DELTAE_SWEEP_20260115,17351,3316,14500,48.1,7698
TXSD_DELTAE_SWEEP_20260115,17361,3316,14400,47.8,7698
TXSD_DELTAE_SWEEP_20260115,17371,3316,14500,48.1,7698
TXSD_DELTAE_SWEEP_20260115,17381,3316,14400,47.8,7698
TXSD_DELTAE_SWEEP_20260115,17391,3316,14500,48.1,7698
TXSD_DELTAE_SWEEP_20260115,17401,3316,14400,47.8,7698
TXSD_DELTAE_SWEEP_20260115,17411,3316,14400,47.8,7698
TXSD_DELTAE_SWEEP_20260115,17421,3316,14400,47.8,7698
TXSD_DELTAE_SWEEP_20260115,17431,3316,14500,48.1,7698
TXSD_DELTAE_SWEEP_20260115,17441,3316,14500,48.1,7698
TXSD_DELTAE_SWEEP_20260115,17451,3316,14400,47.8,7698
TXSD_DELTAE_SWEEP_20260115,17461,3316,14400,47.8,7698
TXSD_DELTAE_SWEEP_20260115,17471,3316,14400,47.8,7698
TXSD_DELTAE_SWEEP_20260115,17481,3316,14500,48.1,7698
TXSD_DELTAE_SWEEP_20260115,17491,3316,14300,47.4,7698
TXSD_DELTAE_SWEEP_20260115,17501,3316,14400,47.8,7698
TXSD_DELTAE_SWEEP_20260115,17511,3316,14500,48.1,7698
TXSD_DELTAE_SWEEP_20260115,17521,3316,14500,48.1,7698
TXSD_DELTAE_SWEEP_20260115,17531,3316,14400,47.8,7698
TXSD_DELTAE_SWEEP_20260115,17541,3316,14500,48.1,7698
TXSD_DELTAE_SWEEP_20260115,17551,3316,14400,47.8,7698
TXSD_DELTAE_SWEEP_20260115,17561,3316,14400,47.8,7698
TXSD_DELTAE_SWEEP_20260115,17571,3316,14400,47.8,7698
TXSD_DELTAE_SWEEP_20260115,17581,3316,14400,47.8,7698
TXSD_DELTAE_SWEEP_20260115,17591,3316,14500,48.1,7698
TXSD_DELTAE_SWEEP_20260115,17601,3316,14400,47.8,7698
TXSD_DELTAE_SWEEP_20260115,17611,3316,14400,47.8,7698
TXSD_DELTAE_SWEEP_20260115,17621,3316,14400,47.8,7698
TXSD_DELTAE_SWEEP_20260115,17631,3316,14500,48.1,7698
TXSD_DELTAE_SWEEP_20260115,17641,3316,14400,47.8,7698
TXSD_DELTAE_SWEEP_20260115,17651,3316,14400,47.8,7698
TXSD_DELTAE_SWEEP_20260115,17661,3316,14300,47.4,7698
TXSD_DELTAE_SWEEP_20260115,17671,3316,14500,48.1,7698
TXSD_DELTAE_SWEEP_20260115,17681,3312,14400,47.7,7698
TXSD_DELTAE_SWEEP_20260115,17691,3316,14400,47.8,7698
TXSD_DELTAE_SWEEP_20260115,17701,3316,14400,47.8,7698
TXSD_DELTAE_SWEEP_20260115,17711,3316,14400,47.8,7698
TXSD_DELTAE_SWEEP_20260115,17721,3316,14500,48.1,7698
TXSD_DELTAE_SWEEP_20260115,17731,3316,14400,47.8,7698
TXSD_DELTAE_SWEEP_20260115,17741,3316,14500,48.1,7698
TXSD_DELTAE_SWEEP_20260115,17751,3316,14400,47.8,7698
TXSD_DELTAE_SWEEP_20260115,17761,3316,14400,47.8,7698
TXSD_DELTAE_SWEEP_20260115,17771,3316,14400,47.8,7698
TXSD_DELTAE_SWEEP_20260115,17781,3316,14500,48.1,7698
TXSD_DELTAE_SWEEP_20260115,17791,3316,14400,47.8,7698
TXSD_DELTAE_SWEEP_20260115,17801,3316,14500,48.1,7699
TXSD_DELTAE_SWEEP_20260115,17811,3316,14400,47.8,7699
TXSD_DELTAE_SWEEP_20260115,17821,3316,14400,47.8,7699
TXSD_DELTAE_SWEEP_20260115,17831,3316,14400,47.8,7699
TXSD_DELTAE_SWEEP_20260115,17841,3316,14400,47.8,7699
TXSD_DELTAE_SWEEP_20260115,17851,3316,14500,48.1,7699
TXSD_DELTAE_SWEEP_20260115,17861,3316,14400,47.8,7699
TXSD_DELTAE_SWEEP_20260115,17871,3316,14400,47.8,7699
TXSD_DELTAE_SWEEP_20260115,17881,3316,14400,47.8,7699
TXSD_DELTAE_SWEEP_20260115,17891,3316,14500,48.1,7699
TXSD_DELTAE_SWEEP_20260115,17901,3316,14400,47.8,7699
TXSD_DELTAE_SWEEP_20260115,17911,3316,14400,47.8,7699
TXSD_DELTAE_SWEEP_20260115,17921,3316,14400,47.8,7699
TXSD_DELTAE_SWEEP_20260115,17931,3316,14600,48.4,7699
TXSD_DELTAE_SWEEP_20260115,17941,3316,14400,47.8,7699
TXSD_DELTAE_SWEEP_20260115,17951,3316,14400,47.8,7699
TXSD_DELTAE_SWEEP_20260115,17961,3316,14400,47.8,7699
TXSD_DELTAE_SWEEP_20260115,17971,3316,14400,47.8,7699
TXSD_DELTAE_SWEEP_20260115,17981,3316,14500,48.1,7699
TXSD_DELTAE_SWEEP_20260115,17991,3316,14500,48.1,7699
TXSD_DELTAE_SWEEP_20260115,18001,3316,14400,47.8,7699
TXSD_DELTAE_SWEEP_20260115,18011,3316,14400,47.8,7699
TXSD_DELTAE_SWEEP_20260115,18021,3316,14400,47.8,7699
TXSD_DELTAE_SWEEP_20260115,18031,3316,14400,47.8,7699
TXSD_DELTAE_SWEEP_20260115,18041,3316,14500,48.1,7699
TXSD_DELTAE_SWEEP_20260115,18051,3316,14300,47.4,7699
TXSD_DELTAE_SWEEP_20260115,18061,3316,14500,48.1,7699
TXSD_DELTAE_SWEEP_20260115,18071,3316,14400,47.8,7699
TXSD_DELTAE_SWEEP_20260115,18081,3316,14500,48.1,7699
TXSD_DELTAE_SWEEP_20260115,18091,3316,14500,48.1,7699
TXSD_DELTAE_SWEEP_20260115,18101,3316,14400,47.8,7699
TXSD_DELTAE_SWEEP_20260115,18111,3316,14400,47.8,7699
TXSD_DELTAE_SWEEP_20260115,18121,3316,14500,48.1,7699
TXSD_DELTAE_SWEEP_20260115,18131,3316,14400,47.8,7699
TXSD_DELTAE_SWEEP_20260115,18141,3316,14400,47.8,7699
TXSD_DELTAE_SWEEP_20260115,18151,3316,14400,47.8,7699
TXSD_DELTAE_SWEEP_20260115,18161,3316,14400,47.8,7699
TXSD_DELTAE_SWEEP_20260115,18171,3316,14500,48.1,7699
TXSD_DELTAE_SWEEP_20260115,18181,3316,14500,48.1,7699
TXSD_DELTAE_SWEEP_20260115,18191,3316,14500,48.1,7699
TXSD_DELTAE_SWEEP_20260115,18201,3316,14400,47.8,7699
TXSD_DELTAE_SWEEP_20260115,18211,3316,14400,47.8,7699
TXSD_DELTAE_SWEEP_20260115,18221,3316,14400,47.8,7699
TXSD_DELTAE_SWEEP_20260115,18231,3316,14500,48.1,7699
TXSD_DELTAE_SWEEP_20260115,18241,3316,14400,47.8,7699
TXSD_DELTAE_SWEEP_20260115,18251,3316,14400,47.8,7699
TXSD_DELTAE_SWEEP_20260115,18261,3316,14400,47.8,7699
TXSD_DELTAE_SWEEP_20260115,18271,3316,14500,48.1,7699
TXSD_DELTAE_SWEEP_20260115,18281,3316,14500,48.1,7699
TXSD_DELTAE_SWEEP_20260115,18291,3316,14400,47.8,7699
TXSD_DELTAE_SWEEP_20260115,18301,3316,14400,47.8,7699
TXSD_DELTAE_SWEEP_20260115,18311,3316,14400,47.8,7699
TXSD_DELTAE_SWEEP_20260115,18321,3316,14400,47.8,7699
TXSD_DELTAE_SWEEP_20260115,18331,3316,14400,47.8,7699
TXSD_DELTAE_SWEEP_20260115,18341,3316,14500,48.1,7699
TXSD_DELTAE_SWEEP_20260115,18351,3316,14500,48.1,7699
TXSD_DELTAE_SWEEP_20260115,18361,3316,14400,47.8,7699
TXSD_DELTAE_SWEEP_20260115,18371,3316,14400,47.8,7699
TXSD_DELTAE_SWEEP_20260115,18381,3316,14500,48.1,7699
TXSD_DELTAE_SWEEP_20260115,18391,3316,14400,47.8,7699
TXSD_DELTAE_SWEEP_20260115,18401,3316,14400,47.8,7699
TXSD_DELTAE_SWEEP_20260115,18411,3316,14400,47.8,7699
TXSD_DELTAE_SWEEP_20260115,18421,3316,14400,47.8,7699
TXSD_DELTAE_SWEEP_20260115,18431,3316,14500,48.1,7699
TXSD_DELTAE_SWEEP_20260115,18441,3316,14400,47.8,7699
TXSD_DELTAE_SWEEP_20260115,18451,3316,14500,48.1,7699
TXSD_DELTAE_SWEEP_20260115,18461,3316,14400,47.8,7699
TXSD_DELTAE_SWEEP_20260115,18471,3316,14500,48.1,7699
TXSD_DELTAE_SWEEP_20260115,18481,3316,14400,47.8,7699
TXSD_DELTAE_SWEEP_20260115,18491,3316,14400,47.8,7699
TXSD_DELTAE_SWEEP_20260115,18501,3316,14400,47.8,7699
TXSD_DELTAE_SWEEP_20260115,18511,3316,14400,47.8,7699
TXSD_DELTAE_SWEEP_20260115,18521,3316,14500,48.1,7699
TXSD_DELTAE_SWEEP_20260115,18531,3320,14500,48.1,7699
TXSD_DELTAE_SWEEP_20260115,18541,3316,14400,47.8,7699
TXSD_DELTAE_SWEEP_20260115,18551,3316,14500,48.1,7699
TXSD_DELTAE_SWEEP_20260115,18561,3316,14400,47.8,7699
TXSD_DELTAE_SWEEP_20260115,18571,3316,14400,47.8,7699
TXSD_DELTAE_SWEEP_20260115,18581,3316,14500,48.1,7699
TXSD_DELTAE_SWEEP_20260115,18591,3316,14400,47.8,7699
TXSD_DELTAE_SWEEP_20260115,18601,3316,14400,47.8,7699
TXSD_DELTAE_SWEEP_20260115,18611,3316,14400,47.8,7699
TXSD_DELTAE_SWEEP_20260115,18621,3316,14500,48.1,7699
TXSD_DELTAE_SWEEP_20260115,18631,3316,14400,47.8,7699
TXSD_DELTAE_SWEEP_20260115,18641,3316,14400,47.8,7699
TXSD_DELTAE_SWEEP_20260115,18651,3316,14400,47.8,7699
TXSD_DELTAE_SWEEP_20260115,18661,3316,14400,47.8,7699
TXSD_DELTAE_SWEEP_20260115,18671,3316,14400,47.8,7699
TXSD_DELTAE_SWEEP_20260115,18681,3316,14500,48.1,7699
TXSD_DELTAE_SWEEP_20260115,18691,3316,14400,47.8,7699
TXSD_DELTAE_SWEEP_20260115,18701,3316,14400,47.8,7699
TXSD_DELTAE_SWEEP_20260115,18711,3316,14400,47.8,7699
TXSD_DELTAE_SWEEP_20260115,18721,3316,14400,47.8,7699
TXSD_DELTAE_SWEEP_20260115,18731,3316,14500,48.1,7699
TXSD_DELTAE_SWEEP_20260115,18741,3316,14400,47.8,7699
TXSD_DELTAE_SWEEP_20260115,18751,3316,14400,47.8,7699
TXSD_DELTAE_SWEEP_20260115,18761,3316,14400,47.8,7699
TXSD_DELTAE_SWEEP_20260115,18771,3316,14400,47.8,7699
TXSD_DELTAE_SWEEP_20260115,18781,3316,14400,47.8,7699
TXSD_DELTAE_SWEEP_20260115,18791,3316,14500,48.1,7699
TXSD_DELTAE_SWEEP_20260115,18801,3316,14400,47.8,7700
TXSD_DELTAE_SWEEP_20260115,18811,3316,14400,47.8,7700
TXSD_DELTAE_SWEEP_20260115,18821,3316,14500,48.1,7700
TXSD_DELTAE_SWEEP_20260115,18831,3316,14600,48.4,7700
TXSD_DELTAE_SWEEP_20260115,18841,3316,14400,47.8,7700
TXSD_DELTAE_SWEEP_20260115,18851,3316,14400,47.8,7700
TXSD_DELTAE_SWEEP_20260115,18861,3316,14400,47.8,7700
TXSD_DELTAE_SWEEP_20260115,18871,3316,14400,47.8,7700
TXSD_DELTAE_SWEEP_20260115,18881,3316,14400,47.8,7700
TXSD_DELTAE_SWEEP_20260115,18891,3316,14400,47.8,7700
TXSD_DELTAE_SWEEP_20260115,18901,3316,14500,48.1,7700
TXSD_DELTAE_SWEEP_20260115,18911,3316,14400,47.8,7700
TXSD_DELTAE_SWEEP_20260115,18921,3316,14400,47.8,7700
TXSD_DELTAE_SWEEP_20260115,18931,3316,14500,48.1,7700
TXSD_DELTAE_SWEEP_20260115,18941,3316,14500,48.1,7700
TXSD_DELTAE_SWEEP_20260115,18951,3316,14400,47.8,7700
TXSD_DELTAE_SWEEP_20260115,18961,3316,14400,47.8,7700
TXSD_DELTAE_SWEEP_20260115,18971,3316,14400,47.8,7700
TXSD_DELTAE_SWEEP_20260115,18981,3316,14500,48.1,7700
TXSD_DELTAE_SWEEP_20260115,18991,3316,14400,47.8,7700
TXSD_DELTAE_SWEEP_20260115,19001,3316,14500,48.1,7700
TXSD_DELTAE_SWEEP_20260115,19011,3316,14400,47.8,7700
TXSD_DELTAE_SWEEP_20260115,19021,3316,14400,47.8,7700
TXSD_DELTAE_SWEEP_20260115,19031,3316,14500,48.1,7700
TXSD_DELTAE_SWEEP_20260115,19041,3316,14400,47.8,7700
TXSD_DELTAE_SWEEP_20260115,19051,3316,14500,48.1,7700
TXSD_DELTAE_SWEEP_20260115,19061,3316,14400,47.8,7700
TXSD_DELTAE_SWEEP_20260115,19071,3316,14500,48.1,7700
TXSD_DELTAE_SWEEP_20260115,19081,3316,14400,47.8,7700
TXSD_DELTAE_SWEEP_20260115,19091,3316,14500,48.1,7700
TXSD_DELTAE_SWEEP_20260115,19101,3316,14400,47.8,7700
TXSD_DELTAE_SWEEP_20260115,19111,3316,14400,47.8,7700
TXSD_DELTAE_SWEEP_20260115,19121,3316,14400,47.8,7700
TXSD_DELTAE_SWEEP_20260115,19131,3316,14400,47.8,7700
TXSD_DELTAE_SWEEP_20260115,19141,3316,14500,48.1,7700
TXSD_DELTAE_SWEEP_20260115,19151,3316,14300,47.4,7700
TXSD_DELTAE_SWEEP_20260115,19161,3316,14400,47.8,7700
TXSD_DELTAE_SWEEP_20260115,19171,3316,14400,47.8,7700
TXSD_DELTAE_SWEEP_20260115,19181,3316,14400,47.8,7700
TXSD_DELTAE_SWEEP_20260115,19191,3316,14400,47.8,7700
TXSD_DELTAE_SWEEP_20260115,19201,3316,14500,48.1,7700
TXSD_DELTAE_SWEEP_20260115,19211,3316,14400,47.8,7700
TXSD_DELTAE_SWEEP_20260115,19221,3316,14500,48.1,7700
TXSD_DELTAE_SWEEP_20260115,19231,3316,14400,47.8,7700
TXSD_DELTAE_SWEEP_20260115,19241,3316,14400,47.8,7700
TXSD_DELTAE_SWEEP_20260115,19251,3316,14400,47.8,7700
TXSD_DELTAE_SWEEP_20260115,19261,3316,14400,47.8,7700
TXSD_DELTAE_SWEEP_20260115,19271,3316,14400,47.8,7700
TXSD_DELTAE_SWEEP_20260115,19281,3316,14400,47.8,7700
TXSD_DELTAE_SWEEP_20260115,19291,3316,14400,47.8,7700
TXSD_DELTAE_SWEEP_20260115,19301,3316,14500,48.1,7700
TXSD_DELTAE_SWEEP_20260115,19311,3316,14500,48.1,7700
TXSD_DELTAE_SWEEP_20260115,19321,3316,14500,48.1,7700
TXSD_DELTAE_SWEEP_20260115,19331,3316,14400,47.8,7700
TXSD_DELTAE_SWEEP_20260115,19341,3316,14400,47.8,7700
TXSD_DELTAE_SWEEP_20260115,19351,3316,14400,47.8,7700
TXSD_DELTAE_SWEEP_20260115,19361,3316,14400,47.8,7700
TXSD_DELTAE_SWEEP_20260115,19371,3316,14400,47.8,7700
TXSD_DELTAE_SWEEP_20260115,19381,3316,14500,48.1,7700
TXSD_DELTAE_SWEEP_20260115,19391,3316,14400,47.8,7700
TXSD_DELTAE_SWEEP_20260115,19401,3316,14400,47.8,7700
TXSD_DELTAE_SWEEP_20260115,19411,3316,14500,48.1,7700
TXSD_DELTAE_SWEEP_20260115,19421,3316,14400,47.8,7700
TXSD_DELTAE_SWEEP_20260115,19431,3316,14400,47.8,7700
TXSD_DELTAE_SWEEP_20260115,19441,3316,14400,47.8,7700
TXSD_DELTAE_SWEEP_20260115,19451,3316,14400,47.8,7700
TXSD_DELTAE_SWEEP_20260115,19461,3316,14400,47.8,7700
TXSD_DELTAE_SWEEP_20260115,19471,3316,14400,47.8,7700
TXSD_DELTAE_SWEEP_20260115,19481,3316,14500,48.1,7700
TXSD_DELTAE_SWEEP_20260115,19491,3316,14500,48.1,7700
TXSD_DELTAE_SWEEP_20260115,19501,3316,14400,47.8,7700
TXSD_DELTAE_SWEEP_20260115,19511,3316,14400,47.8,7700
TXSD_DELTAE_SWEEP_20260115,19521,3316,14500,48.1,7700
TXSD_DELTAE_SWEEP_20260115,19531,3316,14400,47.8,7700
TXSD_DELTAE_SWEEP_20260115,19541,3316,14500,48.1,7700
TXSD_DELTAE_SWEEP_20260115,19551,3316,14500,48.1,7700
TXSD_DELTAE_SWEEP_20260115,19561,3316,14400,47.8,7700
TXSD_DELTAE_SWEEP_20260115,19571,3316,14400,47.8,7700
TXSD_DELTAE_SWEEP_20260115,19581,3316,14400,47.8,7700
TXSD_DELTAE_SWEEP_20260115,19591,3316,14500,48.1,7700
TXSD_DELTAE_SWEEP_20260115,19601,3316,14400,47.8,7700
TXSD_DELTAE_SWEEP_20260115,19611,3316,14400,47.8,7700
TXSD_DELTAE_SWEEP_20260115,19621,3316,14400,47.8,7700
TXSD_DELTAE_SWEEP_20260115,19631,3316,14500,48.1,7700
TXSD_DELTAE_SWEEP_20260115,19641,3316,14400,47.8,7700
TXSD_DELTAE_SWEEP_20260115,19651,3316,14500,48.1,7700
TXSD_DELTAE_SWEEP_20260115,19661,3316,14500,48.1,7700
TXSD_DELTAE_SWEEP_20260115,19671,3316,14500,48.1,7700
TXSD_DELTAE_SWEEP_20260115,19681,3316,14500,48.1,7700
TXSD_DELTAE_SWEEP_20260115,19691,3316,14500,48.1,7700
TXSD_DELTAE_SWEEP_20260115,19701,3316,14400,47.8,7700
TXSD_DELTAE_SWEEP_20260115,19711,3316,14400,47.8,7700
TXSD_DELTAE_SWEEP_20260115,19721,3316,14400,47.8,7700
TXSD_DELTAE_SWEEP_20260115,19731,3316,14400,47.8,7700
TXSD_DELTAE_SWEEP_20260115,19741,3316,14400,47.8,7700
TXSD_DELTAE_SWEEP_20260115,19751,3316,14400,47.8,7700
TXSD_DELTAE_SWEEP_20260115,19761,3316,14300,47.4,7700
TXSD_DELTAE_SWEEP_20260115,19771,3316,14500,48.1,7700
TXSD_DELTAE_SWEEP_20260115,19781,3316,14500,48.1,7700
TXSD_DELTAE_SWEEP_20260115,19791,3316,14400,47.8,7700
TXSD_DELTAE_SWEEP_20260115,19801,3316,14400,47.8,7701
TXSD_DELTAE_SWEEP_20260115,19811,3316,14400,47.8,7701
TXSD_DELTAE_SWEEP_20260115,19821,3316,14400,47.8,7701
TXSD_DELTAE_SWEEP_20260115,19831,3316,14500,48.1,7701
TXSD_DELTAE_SWEEP_20260115,19841,3316,14500,48.1,7701
TXSD_DELTAE_SWEEP_20260115,19851,3316,14400,47.8,7701
TXSD_DELTAE_SWEEP_20260115,19861,3316,14400,47.8,7701
TXSD_DELTAE_SWEEP_20260115,19871,3316,14400,47.8,7701
TXSD_DELTAE_SWEEP_20260115,19881,3316,14500,48.1,7701
TXSD_DELTAE_SWEEP_20260115,19891,3316,14500,48.1,7701
TXSD_DELTAE_SWEEP_20260115,19901,3316,14400,47.8,7701
TXSD_DELTAE_SWEEP_20260115,19911,3316,14500,48.1,7701
TXSD_DELTAE_SWEEP_20260115,19921,3316,14400,47.8,7701
TXSD_DELTAE_SWEEP_20260115,19931,3316,14500,48.1,7701
TXSD_DELTAE_SWEEP_20260115,19941,3316,14500,48.1,7701
TXSD_DELTAE_SWEEP_20260115,19951,3316,14500,48.1,7701
TXSD_DELTAE_SWEEP_20260115,19961,3316,14400,47.8,7701
TXSD_DELTAE_SWEEP_20260115,19971,3316,14400,47.8,7701
TXSD_DELTAE_SWEEP_20260115,19981,3316,14400,47.8,7701
TXSD_DELTAE_SWEEP_20260115,19991,3316,14500,48.1,7701
TXSD_DELTAE_SWEEP_20260115,20001,3316,14400,47.8,7701
TXSD_DELTAE_SWEEP_20260115,20011,3316,14400,47.8,7701
TXSD_DELTAE_SWEEP_20260115,20021,3316,14400,47.8,7701
TXSD_DELTAE_SWEEP_20260115,20031,3316,14400,47.8,7701
TXSD_DELTAE_SWEEP_20260115,20041,3316,14400,47.8,7701
TXSD_DELTAE_SWEEP_20260115,20051,3316,14400,47.8,7701
TXSD_DELTAE_SWEEP_20260115,20061,3316,14500,48.1,7701
TXSD_DELTAE_SWEEP_20260115,20071,3316,14400,47.8,7701
TXSD_DELTAE_SWEEP_20260115,20081,3316,14500,48.1,7701
TXSD_DELTAE_SWEEP_20260115,20091,3316,14400,47.8,7701
TXSD_DELTAE_SWEEP_20260115,20101,3316,14400,47.8,7701
TXSD_DELTAE_SWEEP_20260115,20111,3316,14500,48.1,7701
TXSD_DELTAE_SWEEP_20260115,20121,3316,14500,48.1,7701
TXSD_DELTAE_SWEEP_20260115,20131,3316,14400,47.8,7701
TXSD_DELTAE_SWEEP_20260115,20141,3316,14400,47.8,7701
TXSD_DELTAE_SWEEP_20260115,20151,3316,14400,47.8,7701
TXSD_DELTAE_SWEEP_20260115,20161,3316,14400,47.8,7701
TXSD_DELTAE_SWEEP_20260115,20171,3316,14400,47.8,7701
TXSD_DELTAE_SWEEP_20260115,20181,3316,14400,47.8,7701
TXSD_DELTAE_SWEEP_20260115,20191,3316,14400,47.8,7701
TXSD_DELTAE_SWEEP_20260115,20201,3316,14400,47.8,7701
TXSD_DELTAE_SWEEP_20260115,20211,3316,14400,47.8,7701
TXSD_DELTAE_SWEEP_20260115,20221,3316,14400,47.8,7701
TXSD_DELTAE_SWEEP_20260115,20231,3316,14500,48.1,7701
TXSD_DELTAE_SWEEP_20260115,20241,3316,14400,47.8,7701
TXSD_DELTAE_SWEEP_20260115,20251,3316,14400,47.8,7701
TXSD_DELTAE_SWEEP_20260115,20261,3316,14300,47.4,7701
TXSD_DELTAE_SWEEP_20260115,20271,3316,14500,48.1,7701
TXSD_DELTAE_SWEEP_20260115,20281,3316,14400,47.8,7701
TXSD_DELTAE_SWEEP_20260115,20291,3316,14400,47.8,7701
TXSD_DELTAE_SWEEP_20260115,20301,3316,14500,48.1,7701
TXSD_DELTAE_SWEEP_20260115,20311,3316,14400,47.8,7701
TXSD_DELTAE_SWEEP_20260115,20321,3316,14400,47.8,7701
TXSD_DELTAE_SWEEP_20260115,20331,3316,14500,48.1,7701
TXSD_DELTAE_SWEEP_20260115,20341,3316,14500,48.1,7701
TXSD_DELTAE_SWEEP_20260115,20351,3316,14400,47.8,7701
TXSD_DELTAE_SWEEP_20260115,20361,3316,14400,47.8,7701
TXSD_DELTAE_SWEEP_20260115,20371,3316,14400,47.8,7701
TXSD_DELTAE_SWEEP_20260115,20381,3316,14500,48.1,7701
TXSD_DELTAE_SWEEP_20260115,20391,3316,14500,48.1,7701
TXSD_DELTAE_SWEEP_20260115,20401,3316,14400,47.8,7701
TXSD_DELTAE_SWEEP_20260115,20411,3316,14400,47.8,7701
TXSD_DELTAE_SWEEP_20260115,20421,3316,14500,48.1,7701
TXSD_DELTAE_SWEEP_20260115,20431,3316,14400,47.8,7701
TXSD_DELTAE_SWEEP_20260115,20441,3316,14400,47.8,7701
TXSD_DELTAE_SWEEP_20260115,20451,3316,14400,47.8,7701
TXSD_DELTAE_SWEEP_20260115,20461,3316,14400,47.8,7701
TXSD_DELTAE_SWEEP_20260115,20471,3316,14400,47.8,7701
TXSD_DELTAE_SWEEP_20260115,20481,3316,14400,47.8,7701
TXSD_DELTAE_SWEEP_20260115,20491,3316,14400,47.8,7701
TXSD_DELTAE_SWEEP_20260115,20501,3316,14300,47.4,7701
TXSD_DELTAE_SWEEP_20260115,20511,3316,14500,48.1,7701
TXSD_DELTAE_SWEEP_20260115,20521,3316,14400,47.8,7701
TXSD_DELTAE_SWEEP_20260115,20531,3316,14500,48.1,7701
TXSD_DELTAE_SWEEP_20260115,20541,3316,14400,47.8,7701
TXSD_DELTAE_SWEEP_20260115,20551,3316,14500,48.1,7701
TXSD_DELTAE_SWEEP_20260115,20561,3316,14400,47.8,7701
TXSD_DELTAE_SWEEP_20260115,20571,3316,14400,47.8,7701
TXSD_DELTAE_SWEEP_20260115,20581,3316,14500,48.1,7701
TXSD_DELTAE_SWEEP_20260115,20591,3316,14500,48.1,7701
TXSD_DELTAE_SWEEP_20260115,20601,3316,14500,48.1,7701
TXSD_DELTAE_SWEEP_20260115,20611,3316,14400,47.8,7701
TXSD_DELTAE_SWEEP_20260115,20621,3316,14500,48.1,7701
TXSD_DELTAE_SWEEP_20260115,20631,3316,14500,48.1,7701
TXSD_DELTAE_SWEEP_20260115,20641,3316,14400,47.8,7701
TXSD_DELTAE_SWEEP_20260115,20651,3316,14400,47.8,7701
TXSD_DELTAE_SWEEP_20260115,20661,3316,14600,48.4,7701
TXSD_DELTAE_SWEEP_20260115,20671,3316,14500,48.1,7701
TXSD_DELTAE_SWEEP_20260115,20681,3316,14500,48.1,7701
TXSD_DELTAE_SWEEP_20260115,20691,3316,14500,48.1,7701
TXSD_DELTAE_SWEEP_20260115,20701,3316,14500,48.1,7701
TXSD_DELTAE_SWEEP_20260115,20711,3316,14500,48.1,7701
TXSD_DELTAE_SWEEP_20260115,20721,3316,14400,47.8,7701
TXSD_DELTAE_SWEEP_20260115,20731,3316,14500,48.1,7701
TXSD_DELTAE_SWEEP_20260115,20741,3316,14500,48.1,7701
TXSD_DELTAE_SWEEP_20260115,20751,3316,14400,47.8,7701
TXSD_DELTAE_SWEEP_20260115,20761,3316,14500,48.1,7701
TXSD_DELTAE_SWEEP_20260115,20771,3316,14400,47.8,7701
TXSD_DELTAE_SWEEP_20260115,20781,3316,14500,48.1,7701
TXSD_DELTAE_SWEEP_20260115,20791,3316,14500,48.1,7701
TXSD_DELTAE_SWEEP_20260115,20801,3316,14400,47.8,7702
TXSD_DELTAE_SWEEP_20260115,20811,3316,14400,47.8,7702
TXSD_DELTAE_SWEEP_20260115,20821,3316,14400,47.8,7702
TXSD_DELTAE_SWEEP_20260115,20831,3320,14500,48.1,7702
TXSD_DELTAE_SWEEP_20260115,20841,3316,14400,47.8,7702
TXSD_DELTAE_SWEEP_20260115,20851,3316,14500,48.1,7702
TXSD_DELTAE_SWEEP_20260115,20861,3316,14400,47.8,7702
TXSD_DELTAE_SWEEP_20260115,20871,3316,14500,48.1,7702
TXSD_DELTAE_SWEEP_20260115,20881,3316,14500,48.1,7702
TXSD_DELTAE_SWEEP_20260115,20891,3316,14500,48.1,7702
TXSD_DELTAE_SWEEP_20260115,20901,3316,14500,48.1,7702
TXSD_DELTAE_SWEEP_20260115,20911,3316,14400,47.8,7702
TXSD_DELTAE_SWEEP_20260115,20921,3316,14400,47.8,7702
TXSD_DELTAE_SWEEP_20260115,20931,3316,14400,47.8,7702
TXSD_DELTAE_SWEEP_20260115,20941,3316,14500,48.1,7702
TXSD_DELTAE_SWEEP_20260115,20951,3316,14500,48.1,7702
TXSD_DELTAE_SWEEP_20260115,20961,3316,14500,48.1,7702
TXSD_DELTAE_SWEEP_20260115,20971,3316,14400,47.8,7702
TXSD_DELTAE_SWEEP_20260115,20981,3316,14500,48.1,7702
TXSD_DELTAE_SWEEP_20260115,20991,3316,14500,48.1,7702
TXSD_DELTAE_SWEEP_20260115,21001,3316,14500,48.1,7702
TXSD_DELTAE_SWEEP_20260115,21011,3316,14400,47.8,7702
TXSD_DELTAE_SWEEP_20260115,21021,3316,14500,48.1,7702
TXSD_DELTAE_SWEEP_20260115,21031,3316,14500,48.1,7702
TXSD_DELTAE_SWEEP_20260115,21041,3316,14500,48.1,7702
TXSD_DELTAE_SWEEP_20260115,21051,3316,14500,48.1,7702
TXSD_DELTAE_SWEEP_20260115,21061,3316,14400,47.8,7702
TXSD_DELTAE_SWEEP_20260115,21071,3312,14400,47.7,7702
TXSD_DELTAE_SWEEP_20260115,21081,3316,14400,47.8,7702
TXSD_DELTAE_SWEEP_20260115,21091,3316,14400,47.8,7702
TXSD_DELTAE_SWEEP_20260115,21101,3316,14400,47.8,7702
TXSD_DELTAE_SWEEP_20260115,21111,3316,14500,48.1,7702
TXSD_DELTAE_SWEEP_20260115,21121,3316,14500,48.1,7702
TXSD_DELTAE_SWEEP_20260115,21131,3316,14500,48.1,7702
TXSD_DELTAE_SWEEP_20260115,21141,3316,14400,47.8,7702
TXSD_DELTAE_SWEEP_20260115,21151,3316,14400,47.8,7702
TXSD_DELTAE_SWEEP_20260115,21161,3316,14500,48.1,7702
TXSD_DELTAE_SWEEP_20260115,21171,3316,14400,47.8,7702
TXSD_DELTAE_SWEEP_20260115,21181,3316,14500,48.1,7702
TXSD_DELTAE_SWEEP_20260115,21191,3316,14500,48.1,7702
TXSD_DELTAE_SWEEP_20260115,21201,3316,14400,47.8,7702
TXSD_DELTAE_SWEEP_20260115,21211,3316,14400,47.8,7702
TXSD_DELTAE_SWEEP_20260115,21221,3316,14400,47.8,7702
TXSD_DELTAE_SWEEP_20260115,21231,3316,14400,47.8,7702
TXSD_DELTAE_SWEEP_20260115,21241,3316,14500,48.1,7702
TXSD_DELTAE_SWEEP_20260115,21251,3316,14400,47.8,7702
TXSD_DELTAE_SWEEP_20260115,21261,3316,14400,47.8,7702
TXSD_DELTAE_SWEEP_20260115,21271,3316,14500,48.1,7702
TXSD_DELTAE_SWEEP_20260115,21281,3316,14500,48.1,7702
TXSD_DELTAE_SWEEP_20260115,21291,3316,14500,48.1,7702
TXSD_DELTAE_SWEEP_20260115,21301,3316,14400,47.8,7702
TXSD_DELTAE_SWEEP_20260115,21311,3316,14500,48.1,7702
TXSD_DELTAE_SWEEP_20260115,21321,3316,14500,48.1,7702
TXSD_DELTAE_SWEEP_20260115,21331,3316,14400,47.8,7702
TXSD_DELTAE_SWEEP_20260115,21341,3316,14400,47.8,7702
TXSD_DELTAE_SWEEP_20260115,21351,3316,14400,47.8,7702
TXSD_DELTAE_SWEEP_20260115,21361,3316,14400,47.8,7702
TXSD_DELTAE_SWEEP_20260115,21371,3316,14400,47.8,7702
TXSD_DELTAE_SWEEP_20260115,21381,3316,14400,47.8,7702
TXSD_DELTAE_SWEEP_20260115,21391,3316,14500,48.1,7702
TXSD_DELTAE_SWEEP_20260115,21401,3316,14500,48.1,7702
TXSD_DELTAE_SWEEP_20260115,21411,3316,14500,48.1,7702
TXSD_DELTAE_SWEEP_20260115,21421,3316,14300,47.4,7702
TXSD_DELTAE_SWEEP_20260115,21431,3316,14500,48.1,7702
TXSD_DELTAE_SWEEP_20260115,21441,3316,14400,47.8,7702
TXSD_DELTAE_SWEEP_20260115,21451,3316,14400,47.8,7702
TXSD_DELTAE_SWEEP_20260115,21461,3316,14400,47.8,7702
TXSD_DELTAE_SWEEP_20260115,21471,3316,14400,47.8,7702
TXSD_DELTAE_SWEEP_20260115,21481,3316,14400,47.8,7702
TXSD_DELTAE_SWEEP_20260115,21491,3316,14500,48.1,7702
TXSD_DELTAE_SWEEP_20260115,21501,3316,14500,48.1,7702
TXSD_DELTAE_SWEEP_20260115,21511,3316,14400,47.8,7702
TXSD_DELTAE_SWEEP_20260115,21521,3316,14400,47.8,7702
TXSD_DELTAE_SWEEP_20260115,21531,3316,14400,47.8,7702
TXSD_DELTAE_SWEEP_20260115,21541,3316,14500,48.1,7702
TXSD_DELTAE_SWEEP_20260115,21551,3316,14400,47.8,7702
TXSD_DELTAE_SWEEP_20260115,21561,3316,14500,48.1,7702
TXSD_DELTAE_SWEEP_20260115,21571,3316,14400,47.8,7702
TXSD_DELTAE_SWEEP_20260115,21581,3316,14400,47.8,7702
TXSD_DELTAE_SWEEP_20260115,21591,3312,14400,47.7,7702
TXSD_DELTAE_SWEEP_20260115,21601,3316,14400,47.8,7702
TXSD_DELTAE_SWEEP_20260115,21611,3320,14400,47.8,7702
TXSD_DELTAE_SWEEP_20260115,21621,3316,14400,47.8,7702
TXSD_DELTAE_SWEEP_20260115,21631,3316,14500,48.1,7702
TXSD_DELTAE_SWEEP_20260115,21641,3316,14400,47.8,7702
TXSD_DELTAE_SWEEP_20260115,21651,3316,14500,48.1,7702
TXSD_DELTAE_SWEEP_20260115,21661,3316,14400,47.8,7702
TXSD_DELTAE_SWEEP_20260115,21671,3316,14400,47.8,7702
TXSD_DELTAE_SWEEP_20260115,21681,3316,14400,47.8,7702
TXSD_DELTAE_SWEEP_20260115,21691,3316,14400,47.8,7702
TXSD_DELTAE_SWEEP_20260115,21701,3316,14500,48.1,7702
TXSD_DELTAE_SWEEP_20260115,21711,3316,14500,48.1,7702
TXSD_DELTAE_SWEEP_20260115,21721,3316,14400,47.8,7702
TXSD_DELTAE_SWEEP_20260115,21731,3316,14400,47.8,7702
TXSD_DELTAE_SWEEP_20260115,21741,3316,14400,47.8,7702
TXSD_DELTAE_SWEEP_20260115,21751,3316,14400,47.8,7702
TXSD_DELTAE_SWEEP_20260115,21761,3316,14400,47.8,7702
TXSD_DELTAE_SWEEP_20260115,21771,3316,14400,47.8,7702
TXSD_DELTAE_SWEEP_20260115,21781,3316,14300,47.4,7702
TXSD_DELTAE_SWEEP_20260115,21791,3316,14500,48.1,7702
TXSD_DELTAE_SWEEP_20260115,21801,3316,14400,47.8,7703
TXSD_DELTAE_SWEEP_20260115,21811,3316,14500,48.1,7703
TXSD_DELTAE_SWEEP_20260115,21821,3316,14500,48.1,7703
TXSD_DELTAE_SWEEP_20260115,21831,3312,14300,47.4,7703
TXSD_DELTAE_SWEEP_20260115,21841,3316,14400,47.8,7703
TXSD_DELTAE_SWEEP_20260115,21851,3316,14400,47.8,7703
TXSD_DELTAE_SWEEP_20260115,21861,3316,14500,48.1,7703
TXSD_DELTAE_SWEEP_20260115,21871,3316,14400,47.8,7703
TXSD_DELTAE_SWEEP_20260115,21881,3316,14400,47.8,7703
TXSD_DELTAE_SWEEP_20260115,21891,3316,14400,47.8,7703
TXSD_DELTAE_SWEEP_20260115,21901,3316,14400,47.8,7703
TXSD_DELTAE_SWEEP_20260115,21911,3316,14400,47.8,7703
TXSD_DELTAE_SWEEP_20260115,21921,3316,14400,47.8,7703
TXSD_DELTAE_SWEEP_20260115,21931,3316,14500,48.1,7703
TXSD_DELTAE_SWEEP_20260115,21941,3316,14400,47.8,7703
TXSD_DELTAE_SWEEP_20260115,21951,3316,14500,48.1,7703
TXSD_DELTAE_SWEEP_20260115,21961,3312,14500,48.0,7703
TXSD_DELTAE_SWEEP_20260115,21971,3316,14500,48.1,7703
TXSD_DELTAE_SWEEP_20260115,21981,3316,14500,48.1,7703
TXSD_DELTAE_SWEEP_20260115,21991,3316,14500,48.1,7703
TXSD_DELTAE_SWEEP_20260115,22001,3316,14400,47.8,7703
TXSD_DELTAE_SWEEP_20260115,22011,3316,14400,47.8,7703
TXSD_DELTAE_SWEEP_20260115,22021,3316,14400,47.8,7703
TXSD_DELTAE_SWEEP_20260115,22031,3316,14400,47.8,7703
TXSD_DELTAE_SWEEP_20260115,22041,3316,14400,47.8,7703
TXSD_DELTAE_SWEEP_20260115,22051,3316,14400,47.8,7703
TXSD_DELTAE_SWEEP_20260115,22061,3316,14400,47.8,7703
TXSD_DELTAE_SWEEP_20260115,22071,3316,14400,47.8,7703
TXSD_DELTAE_SWEEP_20260115,22081,3316,14400,47.8,7703
TXSD_DELTAE_SWEEP_20260115,22091,3316,14400,47.8,7703
TXSD_DELTAE_SWEEP_20260115,22101,3316,14400,47.8,7703
TXSD_DELTAE_SWEEP_20260115,22111,3316,14400,47.8,7703
TXSD_DELTAE_SWEEP_20260115,22121,3316,14400,47.8,7703
TXSD_DELTAE_SWEEP_20260115,22131,3316,14400,47.8,7703
TXSD_DELTAE_SWEEP_20260115,22141,3316,14500,48.1,7703
TXSD_DELTAE_SWEEP_20260115,22151,3316,14400,47.8,7703
TXSD_DELTAE_SWEEP_20260115,22161,3316,14400,47.8,7703
TXSD_DELTAE_SWEEP_20260115,22171,3316,14500,48.1,7703
TXSD_DELTAE_SWEEP_20260115,22181,3316,14400,47.8,7703
TXSD_DELTAE_SWEEP_20260115,22191,3316,14400,47.8,7703
TXSD_DELTAE_SWEEP_20260115,22201,3316,14400,47.8,7703
TXSD_DELTAE_SWEEP_20260115,22211,3316,14400,47.8,7703
TXSD_DELTAE_SWEEP_20260115,22221,3316,14400,47.8,7703
TXSD_DELTAE_SWEEP_20260115,22231,3316,14400,47.8,7703
TXSD_DELTAE_SWEEP_20260115,22241,3316,14400,47.8,7703
TXSD_DELTAE_SWEEP_20260115,22251,3316,14500,48.1,7703
TXSD_DELTAE_SWEEP_20260115,22261,3316,14400,47.8,7703
TXSD_DELTAE_SWEEP_20260115,22271,3316,14400,47.8,7703
TXSD_DELTAE_SWEEP_20260115,22281,3316,14400,47.8,7703
TXSD_DELTAE_SWEEP_20260115,22291,3316,14500,48.1,7703
TXSD_DELTAE_SWEEP_20260115,22301,3316,14400,47.8,7703
TXSD_DELTAE_SWEEP_20260115,22311,3316,14400,47.8,7703
TXSD_DELTAE_SWEEP_20260115,22321,3316,14400,47.8,7703
TXSD_DELTAE_SWEEP_20260115,22331,3316,14500,48.1,7703
TXSD_DELTAE_SWEEP_20260115,22341,3316,14400,47.8,7703
TXSD_DELTAE_SWEEP_20260115,22351,3316,14400,47.8,7703
TXSD_DELTAE_SWEEP_20260115,22361,3316,14500,48.1,7703
TXSD_DELTAE_SWEEP_20260115,22371,3316,14400,47.8,7703
TXSD_DELTAE_SWEEP_20260115,22381,3316,14500,48.1,7703
TXSD_DELTAE_SWEEP_20260115,22391,3316,14500,48.1,7703
TXSD_DELTAE_SWEEP_20260115,22401,3316,14500,48.1,7703
TXSD_DELTAE_SWEEP_20260115,22411,3316,14400,47.8,7703
TXSD_DELTAE_SWEEP_20260115,22421,3316,14400,47.8,7703
TXSD_DELTAE_SWEEP_20260115,22431,3316,14400,47.8,7703
TXSD_DELTAE_SWEEP_20260115,22441,3316,14400,47.8,7703
TXSD_DELTAE_SWEEP_20260115,22451,3316,14500,48.1,7703
TXSD_DELTAE_SWEEP_20260115,22461,3316,14400,47.8,7703
TXSD_DELTAE_SWEEP_20260115,22471,3316,14400,47.8,7703
TXSD_DELTAE_SWEEP_20260115,22481,3316,14500,48.1,7703
TXSD_DELTAE_SWEEP_20260115,22491,3316,14500,48.1,7703
TXSD_DELTAE_SWEEP_20260115,22501,3316,14400,47.8,7703
TXSD_DELTAE_SWEEP_20260115,22511,3316,14400,47.8,7703
TXSD_DELTAE_SWEEP_20260115,22521,3316,14500,48.1,7703
TXSD_DELTAE_SWEEP_20260115,22531,3316,14600,48.4,7703
TXSD_DELTAE_SWEEP_20260115,22541,3316,14400,47.8,7703
TXSD_DELTAE_SWEEP_20260115,22551,3316,14400,47.8,7703
TXSD_DELTAE_SWEEP_20260115,22561,3316,14400,47.8,7703
TXSD_DELTAE_SWEEP_20260115,22571,3316,14500,48.1,7703
TXSD_DELTAE_SWEEP_20260115,22581,3316,14400,47.8,7703
TXSD_DELTAE_SWEEP_20260115,22591,3316,14400,47.8,7703
TXSD_DELTAE_SWEEP_20260115,22601,3316,14400,47.8,7703
TXSD_DELTAE_SWEEP_20260115,22611,3316,14400,47.8,7703
TXSD_DELTAE_SWEEP_20260115,22621,3316,14400,47.8,7703
TXSD_DELTAE_SWEEP_20260115,22631,3316,14400,47.8,7703
TXSD_DELTAE_SWEEP_20260115,22641,3316,14500,48.1,7703
TXSD_DELTAE_SWEEP_20260115,22651,3316,14400,47.8,7703
TXSD_DELTAE_SWEEP_20260115,22661,3316,14500,48.1,7703
TXSD_DELTAE_SWEEP_20260115,22671,3316,14400,47.8,7703
TXSD_DELTAE_SWEEP_20260115,22681,3316,14500,48.1,7703
TXSD_DELTAE_SWEEP_20260115,22691,3316,14400,47.8,7703
TXSD_DELTAE_SWEEP_20260115,22701,3316,14400,47.8,7703
TXSD_DELTAE_SWEEP_20260115,22711,3316,14400,47.8,7703
TXSD_DELTAE_SWEEP_20260115,22721,3316,14500,48.1,7703
TXSD_DELTAE_SWEEP_20260115,22731,3316,14400,47.8,7703
TXSD_DELTAE_SWEEP_20260115,22741,3316,14400,47.8,7703
TXSD_DELTAE_SWEEP_20260115,22751,3316,14400,47.8,7703
TXSD_DELTAE_SWEEP_20260115,22761,3316,14400,47.8,7703
TXSD_DELTAE_SWEEP_20260115,22771,3316,14400,47.8,7703
TXSD_DELTAE_SWEEP_20260115,22781,3316,14400,47.8,7703
TXSD_DELTAE_SWEEP_20260115,22791,3316,14400,47.8,7703
TXSD_DELTAE_SWEEP_20260115,22801,3316,14400,47.8,7704
TXSD_DELTAE_SWEEP_20260115,22811,3316,14400,47.8,7704
TXSD_DELTAE_SWEEP_20260115,22821,3316,14400,47.8,7704
TXSD_DELTAE_SWEEP_20260115,22831,3316,14500,48.1,7704
TXSD_DELTAE_SWEEP_20260115,22841,3316,14500,48.1,7704
TXSD_DELTAE_SWEEP_20260115,22851,3316,14500,48.1,7704
TXSD_DELTAE_SWEEP_20260115,22861,3316,14500,48.1,7704
TXSD_DELTAE_SWEEP_20260115,22871,3316,14400,47.8,7704
TXSD_DELTAE_SWEEP_20260115,22881,3316,14400,47.8,7704
TXSD_DELTAE_SWEEP_20260115,22891,3316,14400,47.8,7704
TXSD_DELTAE_SWEEP_20260115,22901,3316,14500,48.1,7704
TXSD_DELTAE_SWEEP_20260115,22911,3316,14400,47.8,7704
TXSD_DELTAE_SWEEP_20260115,22921,3316,14400,47.8,7704
TXSD_DELTAE_SWEEP_20260115,22931,3316,14400,47.8,7704
TXSD_DELTAE_SWEEP_20260115,22941,3316,14400,47.8,7704
TXSD_DELTAE_SWEEP_20260115,22951,3316,14400,47.8,7704
TXSD_DELTAE_SWEEP_20260115,22961,3316,14600,48.4,7704
TXSD_DELTAE_SWEEP_20260115,22971,3316,14400,47.8,7704
TXSD_DELTAE_SWEEP_20260115,22981,3316,14500,48.1,7704
TXSD_DELTAE_SWEEP_20260115,22991,3316,14400,47.8,7704
TXSD_DELTAE_SWEEP_20260115,23001,3316,14400,47.8,7704
TXSD_DELTAE_SWEEP_20260115,23011,3316,14400,47.8,7704
TXSD_DELTAE_SWEEP_20260115,23021,3316,14300,47.4,7704
TXSD_DELTAE_SWEEP_20260115,23031,3316,14500,48.1,7704
TXSD_DELTAE_SWEEP_20260115,23041,3316,14500,48.1,7704
TXSD_DELTAE_SWEEP_20260115,23051,3316,14400,47.8,7704
TXSD_DELTAE_SWEEP_20260115,23061,3316,14400,47.8,7704
TXSD_DELTAE_SWEEP_20260115,23071,3316,14300,47.4,7704
TXSD_DELTAE_SWEEP_20260115,23081,3316,14400,47.8,7704
TXSD_DELTAE_SWEEP_20260115,23091,3316,14500,48.1,7704
TXSD_DELTAE_SWEEP_20260115,23101,3316,14400,47.8,7704
TXSD_DELTAE_SWEEP_20260115,23111,3316,14500,48.1,7704
TXSD_DELTAE_SWEEP_20260115,23121,3316,14300,47.4,7704
TXSD_DELTAE_SWEEP_20260115,23131,3316,14500,48.1,7704
TXSD_DELTAE_SWEEP_20260115,23141,3316,14500,48.1,7704
TXSD_DELTAE_SWEEP_20260115,23151,3316,14500,48.1,7704
TXSD_DELTAE_SWEEP_20260115,23161,3316,14400,47.8,7704
TXSD_DELTAE_SWEEP_20260115,23171,3316,14300,47.4,7704
TXSD_DELTAE_SWEEP_20260115,23181,3316,14400,47.8,7704
TXSD_DELTAE_SWEEP_20260115,23191,3316,14400,47.8,7704
TXSD_DELTAE_SWEEP_20260115,23201,3316,14400,47.8,7704
TXSD_DELTAE_SWEEP_20260115,23211,3316,14300,47.4,7704
TXSD_DELTAE_SWEEP_20260115,23221,3316,14500,48.1,7704
TXSD_DELTAE_SWEEP_20260115,23231,3316,14400,47.8,7704
TXSD_DELTAE_SWEEP_20260115,23241,3316,14400,47.8,7704
TXSD_DELTAE_SWEEP_20260115,23251,3316,14400,47.8,7704
TXSD_DELTAE_SWEEP_20260115,23261,3316,14400,47.8,7704
TXSD_DELTAE_SWEEP_20260115,23271,3316,14400,47.8,7704
TXSD_DELTAE_SWEEP_20260115,23281,3316,14500,48.1,7704
TXSD_DELTAE_SWEEP_20260115,23291,3316,14500,48.1,7704
TXSD_DELTAE_SWEEP_20260115,23301,3316,14300,47.4,7704
TXSD_DELTAE_SWEEP_20260115,23311,3316,14300,47.4,7704
TXSD_DELTAE_SWEEP_20260115,23321,3316,14400,47.8,7704
TXSD_DELTAE_SWEEP_20260115,23331,3316,14300,47.4,7704
TXSD_DELTAE_SWEEP_20260115,23341,3316,14400,47.8,7704
TXSD_DELTAE_SWEEP_20260115,23351,3316,14400,47.8,7704
TXSD_DELTAE_SWEEP_20260115,23361,3316,14400,47.8,7704
TXSD_DELTAE_SWEEP_20260115,23371,3316,14500,48.1,7704
TXSD_DELTAE_SWEEP_20260115,23381,3316,14400,47.8,7704
TXSD_DELTAE_SWEEP_20260115,23391,3316,14500,48.1,7704
TXSD_DELTAE_SWEEP_20260115,23401,3316,14400,47.8,7704
TXSD_DELTAE_SWEEP_20260115,23411,3316,14500,48.1,7704
TXSD_DELTAE_SWEEP_20260115,23421,3316,14400,47.8,7704
TXSD_DELTAE_SWEEP_20260115,23431,3316,14400,47.8,7704
TXSD_DELTAE_SWEEP_20260115,23441,3316,14400,47.8,7704
TXSD_DELTAE_SWEEP_20260115,23451,3316,14400,47.8,7704
TXSD_DELTAE_SWEEP_20260115,23461,3316,14400,47.8,7704
TXSD_DELTAE_SWEEP_20260115,23471,3316,14400,47.8,7704
TXSD_DELTAE_SWEEP_20260115,23481,3316,14500,48.1,7704
TXSD_DELTAE_SWEEP_20260115,23491,3316,14400,47.8,7704
TXSD_DELTAE_SWEEP_20260115,23501,3316,14400,47.8,7704
TXSD_DELTAE_SWEEP_20260115,23511,3316,14300,47.4,7704
TXSD_DELTAE_SWEEP_20260115,23521,3316,14400,47.8,7704
TXSD_DELTAE_SWEEP_20260115,23531,3316,14400,47.8,7704
TXSD_DELTAE_SWEEP_20260115,23541,3316,14400,47.8,7704
TXSD_DELTAE_SWEEP_20260115,23551,3316,14400,47.8,7704
TXSD_DELTAE_SWEEP_20260115,23561,3316,14500,48.1,7704
TXSD_DELTAE_SWEEP_20260115,23571,3316,14400,47.8,7704
TXSD_DELTAE_SWEEP_20260115,23581,3316,14500,48.1,7704
TXSD_DELTAE_SWEEP_20260115,23591,3316,14400,47.8,7704
TXSD_DELTAE_SWEEP_20260115,23601,3316,14400,47.8,7704
TXSD_DELTAE_SWEEP_20260115,23611,3316,14500,48.1,7704
TXSD_DELTAE_SWEEP_20260115,23621,3316,14400,47.8,7704
TXSD_DELTAE_SWEEP_20260115,23631,3316,14400,47.8,7704
TXSD_DELTAE_SWEEP_20260115,23641,3316,14400,47.8,7704
TXSD_DELTAE_SWEEP_20260115,23651,3316,14400,47.8,7704
TXSD_DELTAE_SWEEP_20260115,23661,3316,14300,47.4,7704
TXSD_DELTAE_SWEEP_20260115,23671,3316,14400,47.8,7704
TXSD_DELTAE_SWEEP_20260115,23681,3316,14400,47.8,7704
TXSD_DELTAE_SWEEP_20260115,23691,3316,14400,47.8,7704
TXSD_DELTAE_SWEEP_20260115,23701,3316,14400,47.8,7704
TXSD_DELTAE_SWEEP_20260115,23711,3316,14400,47.8,7704
TXSD_DELTAE_SWEEP_20260115,23721,3316,14400,47.8,7704
TXSD_DELTAE_SWEEP_20260115,23731,3316,14400,47.8,7704
TXSD_DELTAE_SWEEP_20260115,23741,3316,14400,47.8,7704
TXSD_DELTAE_SWEEP_20260115,23751,3316,14400,47.8,7704
TXSD_DELTAE_SWEEP_20260115,23761,3316,14400,47.8,7704
TXSD_DELTAE_SWEEP_20260115,23771,3316,14400,47.8,7704
TXSD_DELTAE_SWEEP_20260115,23781,3316,14500,48.1,7704
TXSD_DELTAE_SWEEP_20260115,23791,3316,14500,48.1,7704
TXSD_DELTAE_SWEEP_20260115,23801,3316,14500,48.1,7705
TXSD_DELTAE_SWEEP_20260115,23811,3316,14400,47.8,7705
TXSD_DELTAE_SWEEP_20260115,23821,3316,14400,47.8,7705
TXSD_DELTAE_SWEEP_20260115,23831,3316,14400,47.8,7705
TXSD_DELTAE_SWEEP_20260115,23841,3316,14400,47.8,7705
TXSD_DELTAE_SWEEP_20260115,23851,3316,14400,47.8,7705
TXSD_DELTAE_SWEEP_20260115,23861,3316,14400,47.8,7705
TXSD_DELTAE_SWEEP_20260115,23871,3316,14400,47.8,7705
TXSD_DELTAE_SWEEP_20260115,23881,3316,14400,47.8,7705
TXSD_DELTAE_SWEEP_20260115,23891,3316,14400,47.8,7705
TXSD_DELTAE_SWEEP_20260115,23901,3316,14400,47.8,7705
TXSD_DELTAE_SWEEP_20260115,23911,3316,14400,47.8,7705
TXSD_DELTAE_SWEEP_20260115,23921,3316,14400,47.8,7705
TXSD_DELTAE_SWEEP_20260115,23931,3316,14500,48.1,7705
TXSD_DELTAE_SWEEP_20260115,23941,3316,14400,47.8,7705
TXSD_DELTAE_SWEEP_20260115,23951,3316,14400,47.8,7705
TXSD_DELTAE_SWEEP_20260115,23961,3316,14500,48.1,7705
TXSD_DELTAE_SWEEP_20260115,23971,3316,14400,47.8,7705
TXSD_DELTAE_SWEEP_20260115,23981,3316,14400,47.8,7705
TXSD_DELTAE_SWEEP_20260115,23991,3316,14500,48.1,7705
TXSD_DELTAE_SWEEP_20260115,24001,3316,14400,47.8,7705
TXSD_DELTAE_SWEEP_20260115,24011,3316,14500,48.1,7705
TXSD_DELTAE_SWEEP_20260115,24021,3316,14500,48.1,7705
TXSD_DELTAE_SWEEP_20260115,24031,3316,14400,47.8,7705
TXSD_DELTAE_SWEEP_20260115,24041,3316,14400,47.8,7705
TXSD_DELTAE_SWEEP_20260115,24051,3316,14400,47.8,7705
TXSD_DELTAE_SWEEP_20260115,24061,3316,14400,47.8,7705
TXSD_DELTAE_SWEEP_20260115,24071,3316,14300,47.4,7705
TXSD_DELTAE_SWEEP_20260115,24081,3316,14400,47.8,7705
TXSD_DELTAE_SWEEP_20260115,24091,3316,14400,47.8,7705
TXSD_DELTAE_SWEEP_20260115,24101,3316,14500,48.1,7705
TXSD_DELTAE_SWEEP_20260115,24111,3316,14400,47.8,7705
TXSD_DELTAE_SWEEP_20260115,24121,3316,14400,47.8,7705
TXSD_DELTAE_SWEEP_20260115,24131,3316,14400,47.8,7705
TXSD_DELTAE_SWEEP_20260115,24141,3316,14500,48.1,7705
TXSD_DELTAE_SWEEP_20260115,24151,3316,14500,48.1,7705
TXSD_DELTAE_SWEEP_20260115,24161,3316,14400,47.8,7705
TXSD_DELTAE_SWEEP_20260115,24171,3316,14400,47.8,7705
TXSD_DELTAE_SWEEP_20260115,24181,3316,14400,47.8,7705
TXSD_DELTAE_SWEEP_20260115,24191,3316,14400,47.8,7705
TXSD_DELTAE_SWEEP_20260115,24201,3316,14400,47.8,7705
TXSD_DELTAE_SWEEP_20260115,24211,3316,14500,48.1,7705
TXSD_DELTAE_SWEEP_20260115,24221,3316,14400,47.8,7705
TXSD_DELTAE_SWEEP_20260115,24231,3316,14500,48.1,7705
TXSD_DELTAE_SWEEP_20260115,24241,3316,14400,47.8,7705
TXSD_DELTAE_SWEEP_20260115,24251,3316,14400,47.8,7705
TXSD_DELTAE_SWEEP_20260115,24261,3316,14400,47.8,7705
TXSD_DELTAE_SWEEP_20260115,24271,3316,14400,47.8,7705
TXSD_DELTAE_SWEEP_20260115,24281,3316,14400,47.8,7705
TXSD_DELTAE_SWEEP_20260115,24291,3316,14400,47.8,7705
TXSD_DELTAE_SWEEP_20260115,24301,3316,14400,47.8,7705
TXSD_DELTAE_SWEEP_20260115,24311,3316,14400,47.8,7705
TXSD_DELTAE_SWEEP_20260115,24321,3316,14400,47.8,7705
TXSD_DELTAE_SWEEP_20260115,24331,3316,14300,47.4,7705
TXSD_DELTAE_SWEEP_20260115,24341,3316,14400,47.8,7705
TXSD_DELTAE_SWEEP_20260115,24351,3316,14400,47.8,7705
TXSD_DELTAE_SWEEP_20260115,24361,3316,14400,47.8,7705
TXSD_DELTAE_SWEEP_20260115,24371,3316,14400,47.8,7705
TXSD_DELTAE_SWEEP_20260115,24381,3316,14500,48.1,7705
TXSD_DELTAE_SWEEP_20260115,24391,3316,14400,47.8,7705
TXSD_DELTAE_SWEEP_20260115,24401,3316,14500,48.1,7705
TXSD_DELTAE_SWEEP_20260115,24411,3316,14400,47.8,7705
TXSD_DELTAE_SWEEP_20260115,24421,3316,14400,47.8,7705
TXSD_DELTAE_SWEEP_20260115,24431,3316,14400,47.8,7705
TXSD_DELTAE_SWEEP_20260115,24441,3316,14500,48.1,7705
TXSD_DELTAE_SWEEP_20260115,24451,3316,14400,47.8,7705
TXSD_DELTAE_SWEEP_20260115,24461,3316,14400,47.8,7705
TXSD_DELTAE_SWEEP_20260115,24471,3316,14500,48.1,7705
TXSD_DELTAE_SWEEP_20260115,24481,3316,14400,47.8,7705
TXSD_DELTAE_SWEEP_20260115,24491,3316,14400,47.8,7705
TXSD_DELTAE_SWEEP_20260115,24501,3316,14300,47.4,7705
TXSD_DELTAE_SWEEP_20260115,24511,3316,14400,47.8,7705
TXSD_DELTAE_SWEEP_20260115,24521,3316,14400,47.8,7705
TXSD_DELTAE_SWEEP_20260115,24531,3316,14500,48.1,7705
TXSD_DELTAE_SWEEP_20260115,24541,3316,14400,47.8,7705
TXSD_DELTAE_SWEEP_20260115,24551,3316,14400,47.8,7705
TXSD_DELTAE_SWEEP_20260115,24561,3316,14400,47.8,7705
TXSD_DELTAE_SWEEP_20260115,24571,3316,14400,47.8,7705
TXSD_DELTAE_SWEEP_20260115,24581,3316,14400,47.8,7705
TXSD_DELTAE_SWEEP_20260115,24591,3316,14400,47.8,7705
TXSD_DELTAE_SWEEP_20260115,24601,3316,14400,47.8,7705
TXSD_DELTAE_SWEEP_20260115,24611,3316,14400,47.8,7705
TXSD_DELTAE_SWEEP_20260115,24621,3316,14400,47.8,7705
TXSD_DELTAE_SWEEP_20260115,24631,3316,14400,47.8,7705
TXSD_DELTAE_SWEEP_20260115,24641,3316,14400,47.8,7705
TXSD_DELTAE_SWEEP_20260115,24651,3316,14300,47.4,7705
TXSD_DELTAE_SWEEP_20260115,24661,3316,14500,48.1,7705
TXSD_DELTAE_SWEEP_20260115,24671,3316,14400,47.8,7705
TXSD_DELTAE_SWEEP_20260115,24681,3316,14400,47.8,7705
TXSD_DELTAE_SWEEP_20260115,24691,3316,14400,47.8,7705
TXSD_DELTAE_SWEEP_20260115,24701,3316,14500,48.1,7705
TXSD_DELTAE_SWEEP_20260115,24711,3316,14400,47.8,7705
TXSD_DELTAE_SWEEP_20260115,24721,3316,14400,47.8,7705
TXSD_DELTAE_SWEEP_20260115,24731,3316,14400,47.8,7705
TXSD_DELTAE_SWEEP_20260115,24741,3316,14400,47.8,7705
TXSD_DELTAE_SWEEP_20260115,24751,3316,14400,47.8,7705
TXSD_DELTAE_SWEEP_20260115,24761,3316,14400,47.8,7705
TXSD_DELTAE_SWEEP_20260115,24771,3316,14600,48.4,7705
TXSD_DELTAE_SWEEP_20260115,24781,3316,14400,47.8,7705
TXSD_DELTAE_SWEEP_20260115,24791,3316,14400,47.8,7705
TXSD_DELTAE_SWEEP_20260115,24801,3316,14300,47.4,7706
TXSD_DELTAE_SWEEP_20260115,24811,3316,14500,48.1,7706
TXSD_DELTAE_SWEEP_20260115,24821,3316,14400,47.8,7706
TXSD_DELTAE_SWEEP_20260115,24831,3316,14500,48.1,7706
TXSD_DELTAE_SWEEP_20260115,24841,3316,14400,47.8,7706
TXSD_DELTAE_SWEEP_20260115,24851,3316,14400,47.8,7706
TXSD_DELTAE_SWEEP_20260115,24861,3316,14400,47.8,7706
TXSD_DELTAE_SWEEP_20260115,24871,3316,14500,48.1,7706
TXSD_DELTAE_SWEEP_20260115,24881,3316,14400,47.8,7706
TXSD_DELTAE_SWEEP_20260115,24891,3316,14400,47.8,7706
TXSD_DELTAE_SWEEP_20260115,24901,3316,14400,47.8,7706
TXSD_DELTAE_SWEEP_20260115,24911,3316,14400,47.8,7706
TXSD_DELTAE_SWEEP_20260115,24921,3316,14400,47.8,7706
TXSD_DELTAE_SWEEP_20260115,24931,3316,14400,47.8,7706
TXSD_DELTAE_SWEEP_20260115,24941,3316,14400,47.8,7706
TXSD_DELTAE_SWEEP_20260115,24951,3316,14500,48.1,7706
TXSD_DELTAE_SWEEP_20260115,24961,3316,14500,48.1,7706
TXSD_DELTAE_SWEEP_20260115,24971,3316,14500,48.1,7706
TXSD_DELTAE_SWEEP_20260115,24981,3316,14400,47.8,7706
TXSD_DELTAE_SWEEP_20260115,24991,3316,14400,47.8,7706
TXSD_DELTAE_SWEEP_20260115,25001,3316,14400,47.8,7706
TXSD_DELTAE_SWEEP_20260115,25011,3316,14400,47.8,7706
TXSD_DELTAE_SWEEP_20260115,25021,3316,14400,47.8,7706
TXSD_DELTAE_SWEEP_20260115,25031,3316,14400,47.8,7706
TXSD_DELTAE_SWEEP_20260115,25041,3320,14400,47.8,7706
TXSD_DELTAE_SWEEP_20260115,25051,3316,14400,47.8,7706
TXSD_DELTAE_SWEEP_20260115,25061,3316,14400,47.8,7706
TXSD_DELTAE_SWEEP_20260115,25071,3316,14400,47.8,7706
TXSD_DELTAE_SWEEP_20260115,25081,3316,14400,47.8,7706
TXSD_DELTAE_SWEEP_20260115,25091,3316,14400,47.8,7706
TXSD_DELTAE_SWEEP_20260115,25101,3316,14400,47.8,7706
TXSD_DELTAE_SWEEP_20260115,25111,3316,14500,48.1,7706
TXSD_DELTAE_SWEEP_20260115,25121,3312,14400,47.7,7706
TXSD_DELTAE_SWEEP_20260115,25131,3316,14400,47.8,7706
TXSD_DELTAE_SWEEP_20260115,25141,3316,14400,47.8,7706
TXSD_DELTAE_SWEEP_20260115,25151,3316,14400,47.8,7706
TXSD_DELTAE_SWEEP_20260115,25161,3316,14400,47.8,7706
TXSD_DELTAE_SWEEP_20260115,25171,3316,14400,47.8,7706
TXSD_DELTAE_SWEEP_20260115,25181,3316,14500,48.1,7706
TXSD_DELTAE_SWEEP_20260115,25191,3316,14500,48.1,7706
TXSD_DELTAE_SWEEP_20260115,25201,3316,14400,47.8,7706
TXSD_DELTAE_SWEEP_20260115,25211,3316,14400,47.8,7706
TXSD_DELTAE_SWEEP_20260115,25221,3316,14400,47.8,7706
TXSD_DELTAE_SWEEP_20260115,25231,3316,14400,47.8,7706
TXSD_DELTAE_SWEEP_20260115,25241,3316,14400,47.8,7706
TXSD_DELTAE_SWEEP_20260115,25251,3316,14400,47.8,7706
TXSD_DELTAE_SWEEP_20260115,25261,3316,14500,48.1,7706
TXSD_DELTAE_SWEEP_20260115,25271,3316,14400,47.8,7706
TXSD_DELTAE_SWEEP_20260115,25281,3316,14500,48.1,7706
TXSD_DELTAE_SWEEP_20260115,25291,3316,14400,47.8,7706
TXSD_DELTAE_SWEEP_20260115,25301,3316,14400,47.8,7706
TXSD_DELTAE_SWEEP_20260115,25311,3316,14400,47.8,7706
TXSD_DELTAE_SWEEP_20260115,25321,3316,14300,47.4,7706
TXSD_DELTAE_SWEEP_20260115,25331,3316,14400,47.8,7706
TXSD_DELTAE_SWEEP_20260115,25341,3316,14500,48.1,7706
TXSD_DELTAE_SWEEP_20260115,25351,3316,14500,48.1,7706
TXSD_DELTAE_SWEEP_20260115,25361,3316,14400,47.8,7706
TXSD_DELTAE_SWEEP_20260115,25371,3316,14400,47.8,7706
TXSD_DELTAE_SWEEP_20260115,25381,3316,14500,48.1,7706
TXSD_DELTAE_SWEEP_20260115,25391,3316,14500,48.1,7706
TXSD_DELTAE_SWEEP_20260115,25401,3316,14400,47.8,7706
TXSD_DELTAE_SWEEP_20260115,25411,3316,14400,47.8,7706
TXSD_DELTAE_SWEEP_20260115,25421,3316,14400,47.8,7706
TXSD_DELTAE_SWEEP_20260115,25431,3316,14400,47.8,7706
TXSD_DELTAE_SWEEP_20260115,25441,3316,14400,47.8,7706
TXSD_DELTAE_SWEEP_20260115,25451,3316,14400,47.8,7706
TXSD_DELTAE_SWEEP_20260115,25461,3316,14400,47.8,7706
TXSD_DELTAE_SWEEP_20260115,25471,3316,14400,47.8,7706
TXSD_DELTAE_SWEEP_20260115,25481,3316,14400,47.8,7706
TXSD_DELTAE_SWEEP_20260115,25491,3316,14400,47.8,7706
TXSD_DELTAE_SWEEP_20260115,25501,3316,14400,47.8,7706
TXSD_DELTAE_SWEEP_20260115,25511,3316,14400,47.8,7706
TXSD_DELTAE_SWEEP_20260115,25521,3316,14400,47.8,7706
TXSD_DELTAE_SWEEP_20260115,25531,3316,14400,47.8,7706
TXSD_DELTAE_SWEEP_20260115,25541,3316,14400,47.8,7706
TXSD_DELTAE_SWEEP_20260115,25551,3316,14400,47.8,7706
TXSD_DELTAE_SWEEP_20260115,25561,3316,14500,48.1,7706
TXSD_DELTAE_SWEEP_20260115,25571,3316,14400,47.8,7706
TXSD_DELTAE_SWEEP_20260115,25581,3316,14400,47.8,7706
TXSD_DELTAE_SWEEP_20260115,25591,3316,14400,47.8,7706
TXSD_DELTAE_SWEEP_20260115,25601,3316,14400,47.8,7706
TXSD_DELTAE_SWEEP_20260115,25611,3316,14400,47.8,7706
TXSD_DELTAE_SWEEP_20260115,25621,3316,14400,47.8,7706
TXSD_DELTAE_SWEEP_20260115,25631,3316,14400,47.8,7706
TXSD_DELTAE_SWEEP_20260115,25641,3316,14400,47.8,7706
TXSD_DELTAE_SWEEP_20260115,25651,3316,14400,47.8,7706
TXSD_DELTAE_SWEEP_20260115,25661,3316,14300,47.4,7706
TXSD_DELTAE_SWEEP_20260115,25671,3316,14400,47.8,7706
TXSD_DELTAE_SWEEP_20260115,25681,3316,14400,47.8,7706
TXSD_DELTAE_SWEEP_20260115,25691,3316,14500,48.1,7706
TXSD_DELTAE_SWEEP_20260115,25701,3316,14500,48.1,7706
TXSD_DELTAE_SWEEP_20260115,25711,3316,14500,48.1,7706
TXSD_DELTAE_SWEEP_20260115,25721,3316,14400,47.8,7706
TXSD_DELTAE_SWEEP_20260115,25731,3316,14400,47.8,7706
TXSD_DELTAE_SWEEP_20260115,25741,3316,14300,47.4,7706
TXSD_DELTAE_SWEEP_20260115,25751,3316,14400,47.8,7706
TXSD_DELTAE_SWEEP_20260115,25761,3316,14400,47.8,7706
TXSD_DELTAE_SWEEP_20260115,25771,3316,14300,47.4,7706
TXSD_DELTAE_SWEEP_20260115,25781,3316,14400,47.8,7706
TXSD_DELTAE_SWEEP_20260115,25791,3316,14500,48.1,7706
TXSD_DELTAE_SWEEP_20260115,25801,3316,14500,48.1,7707
TXSD_DELTAE_SWEEP_20260115,25811,3316,14400,47.8,7707
TXSD_DELTAE_SWEEP_20260115,25821,3316,14400,47.8,7707
TXSD_DELTAE_SWEEP_20260115,25831,3316,14400,47.8,7707
TXSD_DELTAE_SWEEP_20260115,25841,3316,14500,48.1,7707
TXSD_DELTAE_SWEEP_20260115,25851,3316,14400,47.8,7707
TXSD_DELTAE_SWEEP_20260115,25861,3316,14500,48.1,7707
TXSD_DELTAE_SWEEP_20260115,25871,3316,14500,48.1,7707
TXSD_DELTAE_SWEEP_20260115,25881,3316,14400,47.8,7707
TXSD_DELTAE_SWEEP_20260115,25891,3316,14300,47.4,7707
TXSD_DELTAE_SWEEP_20260115,25901,3316,14400,47.8,7707
TXSD_DELTAE_SWEEP_20260115,25911,3316,14500,48.1,7707
TXSD_DELTAE_SWEEP_20260115,25921,3316,14400,47.8,7707
TXSD_DELTAE_SWEEP_20260115,25931,3316,14400,47.8,7707
TXSD_DELTAE_SWEEP_20260115,25941,3316,14400,47.8,7707
TXSD_DELTAE_SWEEP_20260115,25951,3316,14400,47.8,7707
TXSD_DELTAE_SWEEP_20260115,25961,3316,14400,47.8,7707
TXSD_DELTAE_SWEEP_20260115,25971,3316,14500,48.1,7707
TXSD_DELTAE_SWEEP_20260115,25981,3316,14400,47.8,7707
TXSD_DELTAE_SWEEP_20260115,25991,3316,14400,47.8,7707
TXSD_DELTAE_SWEEP_20260115,26001,3316,14400,47.8,7707
TXSD_DELTAE_SWEEP_20260115,26011,3316,14500,48.1,7707
TXSD_DELTAE_SWEEP_20260115,26021,3316,14400,47.8,7707
TXSD_DELTAE_SWEEP_20260115,26031,3316,14400,47.8,7707
TXSD_DELTAE_SWEEP_20260115,26041,3316,14300,47.4,7707
TXSD_DELTAE_SWEEP_20260115,26051,3316,14400,47.8,7707
TXSD_DELTAE_SWEEP_20260115,26061,3316,14400,47.8,7707
TXSD_DELTAE_SWEEP_20260115,26071,3316,14400,47.8,7707
TXSD_DELTAE_SWEEP_20260115,26081,3316,14500,48.1,7707
TXSD_DELTAE_SWEEP_20260115,26091,3316,14400,47.8,7707
TXSD_DELTAE_SWEEP_20260115,26101,3316,14400,47.8,7707
TXSD_DELTAE_SWEEP_20260115,26111,3316,14300,47.4,7707
TXSD_DELTAE_SWEEP_20260115,26121,3316,14400,47.8,7707
TXSD_DELTAE_SWEEP_20260115,26131,3316,14400,47.8,7707
TXSD_DELTAE_SWEEP_20260115,26141,3316,14400,47.8,7707
TXSD_DELTAE_SWEEP_20260115,26151,3316,14400,47.8,7707
TXSD_DELTAE_SWEEP_20260115,26161,3316,14500,48.1,7707
TXSD_DELTAE_SWEEP_20260115,26171,3316,14400,47.8,7707
TXSD_DELTAE_SWEEP_20260115,26181,3316,14400,47.8,7707
TXSD_DELTAE_SWEEP_20260115,26191,3316,14400,47.8,7707
TXSD_DELTAE_SWEEP_20260115,26201,3316,14400,47.8,7707
TXSD_DELTAE_SWEEP_20260115,26211,3316,14400,47.8,7707
TXSD_DELTAE_SWEEP_20260115,26221,3316,14400,47.8,7707
TXSD_DELTAE_SWEEP_20260115,26231,3316,14500,48.1,7707
TXSD_DELTAE_SWEEP_20260115,26241,3316,14400,47.8,7707
TXSD_DELTAE_SWEEP_20260115,26251,3316,14400,47.8,7707
TXSD_DELTAE_SWEEP_20260115,26261,3316,14500,48.1,7707
TXSD_DELTAE_SWEEP_20260115,26271,3316,14400,47.8,7707
TXSD_DELTAE_SWEEP_20260115,26281,3316,14400,47.8,7707
TXSD_DELTAE_SWEEP_20260115,26291,3316,14400,47.8,7707
TXSD_DELTAE_SWEEP_20260115,26301,3316,14400,47.8,7707
TXSD_DELTAE_SWEEP_20260115,26311,3316,14400,47.8,7707
TXSD_DELTAE_SWEEP_20260115,26321,3316,14500,48.1,7707
TXSD_DELTAE_SWEEP_20260115,26331,3316,14400,47.8,7707
TXSD_DELTAE_SWEEP_20260115,26341,3316,14400,47.8,7707
TXSD_DELTAE_SWEEP_20260115,26351,3316,14400,47.8,7707
TXSD_DELTAE_SWEEP_20260115,26361,3316,14500,48.1,7707
TXSD_DELTAE_SWEEP_20260115,26371,3316,14500,48.1,7707
TXSD_DELTAE_SWEEP_20260115,26381,3316,14500,48.1,7707
TXSD_DELTAE_SWEEP_20260115,26391,3316,14500,48.1,7707
TXSD_DELTAE_SWEEP_20260115,26401,3316,14400,47.8,7707
TXSD_DELTAE_SWEEP_20260115,26411,3316,14400,47.8,7707
TXSD_DELTAE_SWEEP_20260115,26421,3316,14500,48.1,7707
TXSD_DELTAE_SWEEP_20260115,26431,3316,14400,47.8,7707
TXSD_DELTAE_SWEEP_20260115,26441,3316,14400,47.8,7707
TXSD_DELTAE_SWEEP_20260115,26451,3316,14400,47.8,7707
TXSD_DELTAE_SWEEP_20260115,26461,3316,14400,47.8,7707
TXSD_DELTAE_SWEEP_20260115,26471,3316,14500,48.1,7707
TXSD_DELTAE_SWEEP_20260115,26481,3316,14500,48.1,7707
TXSD_DELTAE_SWEEP_20260115,26491,3316,14500,48.1,7707
TXSD_DELTAE_SWEEP_20260115,26501,3316,14400,47.8,7707
TXSD_DELTAE_SWEEP_20260115,26511,3316,14400,47.8,7707
TXSD_DELTAE_SWEEP_20260115,26521,3316,14500,48.1,7707
TXSD_DELTAE_SWEEP_20260115,26531,3316,14400,47.8,7707
TXSD_DELTAE_SWEEP_20260115,26541,3316,14400,47.8,7707
TXSD_DELTAE_SWEEP_20260115,26551,3316,14500,48.1,7707
TXSD_DELTAE_SWEEP_20260115,26561,3316,14400,47.8,7707
TXSD_DELTAE_SWEEP_20260115,26571,3316,14400,47.8,7707
TXSD_DELTAE_SWEEP_20260115,26581,3312,14500,48.0,7707
TXSD_DELTAE_SWEEP_20260115,26591,3316,14500,48.1,7707
TXSD_DELTAE_SWEEP_20260115,26601,3316,14400,47.8,7707
TXSD_DELTAE_SWEEP_20260115,26611,3316,14400,47.8,7707
TXSD_DELTAE_SWEEP_20260115,26621,3316,14500,48.1,7707
TXSD_DELTAE_SWEEP_20260115,26631,3316,14500,48.1,7707
TXSD_DELTAE_SWEEP_20260115,26641,3316,14400,47.8,7707
TXSD_DELTAE_SWEEP_20260115,26651,3316,14400,47.8,7707
TXSD_DELTAE_SWEEP_20260115,26661,3316,14500,48.1,7707
TXSD_DELTAE_SWEEP_20260115,26671,3316,14400,47.8,7707
TXSD_DELTAE_SWEEP_20260115,26681,3316,14400,47.8,7707
TXSD_DELTAE_SWEEP_20260115,26691,3316,14400,47.8,7707
TXSD_DELTAE_SWEEP_20260115,26701,3316,14500,48.1,7707
TXSD_DELTAE_SWEEP_20260115,26711,3316,14400,47.8,7707
TXSD_DELTAE_SWEEP_20260115,26721,3316,14500,48.1,7707
TXSD_DELTAE_SWEEP_20260115,26731,3316,14500,48.1,7707
TXSD_DELTAE_SWEEP_20260115,26741,3316,14500,48.1,7707
TXSD_DELTAE_SWEEP_20260115,26751,3316,14400,47.8,7707
TXSD_DELTAE_SWEEP_20260115,26761,3316,14400,47.8,7707
TXSD_DELTAE_SWEEP_20260115,26771,3316,14400,47.8,7707
TXSD_DELTAE_SWEEP_20260115,26781,3316,14500,48.1,7707
TXSD_DELTAE_SWEEP_20260115,26791,3316,14400,47.8,7707
TXSD_DELTAE_SWEEP_20260115,26801,3316,14400,47.8,7708
TXSD_DELTAE_SWEEP_20260115,26811,3316,14400,47.8,7708
TXSD_DELTAE_SWEEP_20260115,26821,3316,14400,47.8,7708
TXSD_DELTAE_SWEEP_20260115,26831,3316,14500,48.1,7708
TXSD_DELTAE_SWEEP_20260115,26841,3316,14400,47.8,7708
TXSD_DELTAE_SWEEP_20260115,26851,3316,14500,48.1,7708
TXSD_DELTAE_SWEEP_20260115,26861,3316,14400,47.8,7708
TXSD_DELTAE_SWEEP_20260115,26871,3316,14400,47.8,7708
TXSD_DELTAE_SWEEP_20260115,26881,3316,14400,47.8,7708
TXSD_DELTAE_SWEEP_20260115,26891,3316,14400,47.8,7708
TXSD_DELTAE_SWEEP_20260115,26901,3316,14400,47.8,7708
TXSD_DELTAE_SWEEP_20260115,26911,3316,14500,48.1,7708
TXSD_DELTAE_SWEEP_20260115,26921,3316,14400,47.8,7708
TXSD_DELTAE_SWEEP_20260115,26931,3316,14400,47.8,7708
TXSD_DELTAE_SWEEP_20260115,26941,3316,14400,47.8,7708
TXSD_DELTAE_SWEEP_20260115,26951,3316,14300,47.4,7708
TXSD_DELTAE_SWEEP_20260115,26961,3316,14400,47.8,7708
TXSD_DELTAE_SWEEP_20260115,26971,3316,14400,47.8,7708
TXSD_DELTAE_SWEEP_20260115,26981,3316,14500,48.1,7708
TXSD_DELTAE_SWEEP_20260115,26991,3316,14400,47.8,7708
TXSD_DELTAE_SWEEP_20260115,27001,3316,14400,47.8,7708
TXSD_DELTAE_SWEEP_20260115,27011,3316,14400,47.8,7708
TXSD_DELTAE_SWEEP_20260115,27021,3316,14400,47.8,7708
TXSD_DELTAE_SWEEP_20260115,27031,3316,14400,47.8,7708
TXSD_DELTAE_SWEEP_20260115,27041,3316,14400,47.8,7708
TXSD_DELTAE_SWEEP_20260115,27051,3316,14400,47.8,7708
TXSD_DELTAE_SWEEP_20260115,27061,3316,14400,47.8,7708
TXSD_DELTAE_SWEEP_20260115,27071,3316,14400,47.8,7708
TXSD_DELTAE_SWEEP_20260115,27081,3316,14400,47.8,7708
TXSD_DELTAE_SWEEP_20260115,27091,3316,14500,48.1,7708
TXSD_DELTAE_SWEEP_20260115,27101,3316,14400,47.8,7708
TXSD_DELTAE_SWEEP_20260115,27111,3316,14400,47.8,7708
TXSD_DELTAE_SWEEP_20260115,27121,3316,14400,47.8,7708
TXSD_DELTAE_SWEEP_20260115,27131,3316,14500,48.1,7708
TXSD_DELTAE_SWEEP_20260115,27141,3316,14500,48.1,7708
TXSD_DELTAE_SWEEP_20260115,27151,3316,14500,48.1,7708
TXSD_DELTAE_SWEEP_20260115,27161,3316,14400,47.8,7708
TXSD_DELTAE_SWEEP_20260115,27171,3316,14400,47.8,7708
TXSD_DELTAE_SWEEP_20260115,27181,3316,14400,47.8,7708
TXSD_DELTAE_SWEEP_20260115,27191,3316,14400,47.8,7708
TXSD_DELTAE_SWEEP_20260115,27201,3316,14400,47.8,7708
TXSD_DELTAE_SWEEP_20260115,27211,3316,14500,48.1,7708
TXSD_DELTAE_SWEEP_20260115,27221,3316,14400,47.8,7708
TXSD_DELTAE_SWEEP_20260115,27231,3316,14400,47.8,7708
TXSD_DELTAE_SWEEP_20260115,27241,3316,14400,47.8,7708
TXSD_DELTAE_SWEEP_20260115,27251,3316,14400,47.8,7708
TXSD_DELTAE_SWEEP_20260115,27261,3316,14500,48.1,7708
TXSD_DELTAE_SWEEP_20260115,27271,3316,14400,47.8,7708
TXSD_DELTAE_SWEEP_20260115,27281,3316,14400,47.8,7708
TXSD_DELTAE_SWEEP_20260115,27291,3316,14400,47.8,7708
TXSD_DELTAE_SWEEP_20260115,27301,3316,14500,48.1,7708
TXSD_DELTAE_SWEEP_20260115,27311,3316,14400,47.8,7708
TXSD_DELTAE_SWEEP_20260115,27321,3316,14400,47.8,7708
TXSD_DELTAE_SWEEP_20260115,27331,3316,14400,47.8,7708
TXSD_DELTAE_SWEEP_20260115,27341,3316,14400,47.8,7708
TXSD_DELTAE_SWEEP_20260115,27351,3316,14400,47.8,7708
TXSD_DELTAE_SWEEP_20260115,27361,3316,14300,47.4,7708
TXSD_DELTAE_SWEEP_20260115,27371,3316,14500,48.1,7708
TXSD_DELTAE_SWEEP_20260115,27381,3316,14400,47.8,7708
TXSD_DELTAE_SWEEP_20260115,27391,3316,14500,48.1,7708
TXSD_DELTAE_SWEEP_20260115,27401,3316,14400,47.8,7708
TXSD_DELTAE_SWEEP_20260115,27411,3320,14500,48.1,7708
TXSD_DELTAE_SWEEP_20260115,27421,3316,14400,47.8,7708
TXSD_DELTAE_SWEEP_20260115,27431,3316,14500,48.1,7708
TXSD_DELTAE_SWEEP_20260115,27441,3316,14500,48.1,7708
TXSD_DELTAE_SWEEP_20260115,27451,3316,14500,48.1,7708
TXSD_DELTAE_SWEEP_20260115,27461,3316,14500,48.1,7708
TXSD_DELTAE_SWEEP_20260115,27471,3316,14400,47.8,7708
TXSD_DELTAE_SWEEP_20260115,27481,3316,14400,47.8,7708
TXSD_DELTAE_SWEEP_20260115,27491,3316,14400,47.8,7708
TXSD_DELTAE_SWEEP_20260115,27501,3316,14500,48.1,7708
TXSD_DELTAE_SWEEP_20260115,27511,3316,14400,47.8,7708
TXSD_DELTAE_SWEEP_20260115,27521,3316,14500,48.1,7708
TXSD_DELTAE_SWEEP_20260115,27531,3316,14400,47.8,7708
TXSD_DELTAE_SWEEP_20260115,27541,3316,14400,47.8,7708
TXSD_DELTAE_SWEEP_20260115,27551,3316,14400,47.8,7708
TXSD_DELTAE_SWEEP_20260115,27561,3316,14500,48.1,7708
TXSD_DELTAE_SWEEP_20260115,27571,3316,14400,47.8,7708
TXSD_DELTAE_SWEEP_20260115,27581,3316,14400,47.8,7708
TXSD_DELTAE_SWEEP_20260115,27591,3316,14400,47.8,7708
TXSD_DELTAE_SWEEP_20260115,27601,3316,14400,47.8,7708
TXSD_DELTAE_SWEEP_20260115,27611,3316,14400,47.8,7708
TXSD_DELTAE_SWEEP_20260115,27621,3316,14400,47.8,7708
TXSD_DELTAE_SWEEP_20260115,27631,3316,14400,47.8,7708
TXSD_DELTAE_SWEEP_20260115,27641,3316,14400,47.8,7708
TXSD_DELTAE_SWEEP_20260115,27651,3316,14500,48.1,7708
TXSD_DELTAE_SWEEP_20260115,27661,3316,14500,48.1,7708
TXSD_DELTAE_SWEEP_20260115,27671,3316,14400,47.8,7708
TXSD_DELTAE_SWEEP_20260115,27681,3316,14500,48.1,7708
TXSD_DELTAE_SWEEP_20260115,27691,3316,14400,47.8,7708
TXSD_DELTAE_SWEEP_20260115,27701,3316,14400,47.8,7708
TXSD_DELTAE_SWEEP_20260115,27711,3316,14500,48.1,7708
TXSD_DELTAE_SWEEP_20260115,27721,3316,14400,47.8,7708
TXSD_DELTAE_SWEEP_20260115,27731,3316,14500,48.1,7708
TXSD_DELTAE_SWEEP_20260115,27741,3316,14500,48.1,7708
TXSD_DELTAE_SWEEP_20260115,27751,3316,14500,48.1,7708
TXSD_DELTAE_SWEEP_20260115,27761,3316,14400,47.8,7708
TXSD_DELTAE_SWEEP_20260115,27771,3316,14300,47.4,7708
TXSD_DELTAE_SWEEP_20260115,27781,3316,14400,47.8,7708
TXSD_DELTAE_SWEEP_20260115,27791,3316,14400,47.8,7708
TXSD_DELTAE_SWEEP_20260115,27801,3316,14500,48.1,7709
TXSD_DELTAE_SWEEP_20260115,27811,3316,14400,47.8,7709
TXSD_DELTAE_SWEEP_20260115,27821,3316,14500,48.1,7709
TXSD_DELTAE_SWEEP_20260115,27831,3316,14400,47.8,7709
TXSD_DELTAE_SWEEP_20260115,27841,3316,14500,48.1,7709
TXSD_DELTAE_SWEEP_20260115,27851,3316,14400,47.8,7709
TXSD_DELTAE_SWEEP_20260115,27861,3316,14500,48.1,7709
TXSD_DELTAE_SWEEP_20260115,27871,3316,14400,47.8,7709
TXSD_DELTAE_SWEEP_20260115,27881,3316,14400,47.8,7709
TXSD_DELTAE_SWEEP_20260115,27891,3316,14400,47.8,7709
TXSD_DELTAE_SWEEP_20260115,27901,3316,14400,47.8,7709
TXSD_DELTAE_SWEEP_20260115,27911,3316,14400,47.8,7709
TXSD_DELTAE_SWEEP_20260115,27921,3316,14400,47.8,7709
TXSD_DELTAE_SWEEP_20260115,27931,3316,14400,47.8,7709
TXSD_DELTAE_SWEEP_20260115,27941,3316,14400,47.8,7709
TXSD_DELTAE_SWEEP_20260115,27951,3316,14400,47.8,7709
TXSD_DELTAE_SWEEP_20260115,27961,3316,14400,47.8,7709
TXSD_DELTAE_SWEEP_20260115,27971,3316,14500,48.1,7709
TXSD_DELTAE_SWEEP_20260115,27981,3316,14400,47.8,7709
TXSD_DELTAE_SWEEP_20260115,27991,3316,14600,48.4,7709
TXSD_DELTAE_SWEEP_20260115,28001,3316,14400,47.8,7709
TXSD_DELTAE_SWEEP_20260115,28011,3316,14400,47.8,7709
TXSD_DELTAE_SWEEP_20260115,28021,3316,14400,47.8,7709
TXSD_DELTAE_SWEEP_20260115,28031,3316,14400,47.8,7709
TXSD_DELTAE_SWEEP_20260115,28041,3316,14400,47.8,7709
TXSD_DELTAE_SWEEP_20260115,28051,3316,14400,47.8,7709
TXSD_DELTAE_SWEEP_20260115,28061,3316,14400,47.8,7709
TXSD_DELTAE_SWEEP_20260115,28071,3316,14400,47.8,7709
TXSD_DELTAE_SWEEP_20260115,28081,3316,14400,47.8,7709
TXSD_DELTAE_SWEEP_20260115,28091,3316,14400,47.8,7709
TXSD_DELTAE_SWEEP_20260115,28101,3316,14400,47.8,7709
TXSD_DELTAE_SWEEP_20260115,28111,3316,14400,47.8,7709
TXSD_DELTAE_SWEEP_20260115,28121,3316,14500,48.1,7709
TXSD_DELTAE_SWEEP_20260115,28131,3316,14400,47.8,7709
TXSD_DELTAE_SWEEP_20260115,28141,3316,14400,47.8,7709
TXSD_DELTAE_SWEEP_20260115,28151,3316,14400,47.8,7709
TXSD_DELTAE_SWEEP_20260115,28161,3316,14400,47.8,7709
TXSD_DELTAE_SWEEP_20260115,28171,3316,14400,47.8,7709
TXSD_DELTAE_SWEEP_20260115,28181,3316,14400,47.8,7709
TXSD_DELTAE_SWEEP_20260115,28191,3316,14400,47.8,7709
TXSD_DELTAE_SWEEP_20260115,28201,3316,14400,47.8,7709
TXSD_DELTAE_SWEEP_20260115,28211,3316,14500,48.1,7709
TXSD_DELTAE_SWEEP_20260115,28221,3316,14400,47.8,7709
TXSD_DELTAE_SWEEP_20260115,28231,3316,14400,47.8,7709
TXSD_DELTAE_SWEEP_20260115,28241,3316,14400,47.8,7709
TXSD_DELTAE_SWEEP_20260115,28251,3316,14500,48.1,7709
TXSD_DELTAE_SWEEP_20260115,28261,3316,14400,47.8,7709
TXSD_DELTAE_SWEEP_20260115,28271,3316,14400,47.8,7709
TXSD_DELTAE_SWEEP_20260115,28281,3316,14400,47.8,7709
TXSD_DELTAE_SWEEP_20260115,28291,3316,14400,47.8,7709
TXSD_DELTAE_SWEEP_20260115,28301,3316,14400,47.8,7709
TXSD_DELTAE_SWEEP_20260115,28311,3316,14500,48.1,7709
TXSD_DELTAE_SWEEP_20260115,28321,3316,14400,47.8,7709
TXSD_DELTAE_SWEEP_20260115,28331,3316,14400,47.8,7709
TXSD_DELTAE_SWEEP_20260115,28341,3316,14400,47.8,7709
TXSD_DELTAE_SWEEP_20260115,28351,3316,14400,47.8,7709
TXSD_DELTAE_SWEEP_20260115,28361,3316,14500,48.1,7709
TXSD_DELTAE_SWEEP_20260115,28371,3316,14400,47.8,7709
TXSD_DELTAE_SWEEP_20260115,28381,3316,14500,48.1,7709
TXSD_DELTAE_SWEEP_20260115,28391,3316,14400,47.8,7709
TXSD_DELTAE_SWEEP_20260115,28401,3316,14500,48.1,7709
TXSD_DELTAE_SWEEP_20260115,28411,3316,14400,47.8,7709
TXSD_DELTAE_SWEEP_20260115,28421,3316,14500,48.1,7709
TXSD_DELTAE_SWEEP_20260115,28431,3316,14400,47.8,7709
TXSD_DELTAE_SWEEP_20260115,28441,3316,14500,48.1,7709
TXSD_DELTAE_SWEEP_20260115,28451,3316,14400,47.8,7709
TXSD_DELTAE_SWEEP_20260115,28461,3316,14500,48.1,7709
TXSD_DELTAE_SWEEP_20260115,28471,3316,14500,48.1,7709
TXSD_DELTAE_SWEEP_20260115,28481,3316,14400,47.8,7709
TXSD_DELTAE_SWEEP_20260115,28491,3316,14500,48.1,7709
TXSD_DELTAE_SWEEP_20260115,28501,3316,14400,47.8,7709
TXSD_DELTAE_SWEEP_20260115,28511,3316,14500,48.1,7709
TXSD_DELTAE_SWEEP_20260115,28521,3316,14400,47.8,7709
TXSD_DELTAE_SWEEP_20260115,28531,3316,14500,48.1,7709
TXSD_DELTAE_SWEEP_20260115,28541,3316,14300,47.4,7709
TXSD_DELTAE_SWEEP_20260115,28551,3316,14400,47.8,7709
TXSD_DELTAE_SWEEP_20260115,28561,3316,14400,47.8,7709
TXSD_DELTAE_SWEEP_20260115,28571,3316,14500,48.1,7709
TXSD_DELTAE_SWEEP_20260115,28581,3316,14400,47.8,7709
TXSD_DELTAE_SWEEP_20260115,28591,3316,14500,48.1,7709
TXSD_DELTAE_SWEEP_20260115,28601,3316,14400,47.8,7709
TXSD_DELTAE_SWEEP_20260115,28611,3316,14400,47.8,7709
TXSD_DELTAE_SWEEP_20260115,28621,3316,14400,47.8,7709
TXSD_DELTAE_SWEEP_20260115,28631,3316,14500,48.1,7709
TXSD_DELTAE_SWEEP_20260115,28641,3316,14500,48.1,7709
TXSD_DELTAE_SWEEP_20260115,28651,3316,14500,48.1,7709
TXSD_DELTAE_SWEEP_20260115,28661,3316,14500,48.1,7709
TXSD_DELTAE_SWEEP_20260115,28671,3316,14400,47.8,7709
TXSD_DELTAE_SWEEP_20260115,28681,3316,14400,47.8,7709
TXSD_DELTAE_SWEEP_20260115,28691,3316,14400,47.8,7709
TXSD_DELTAE_SWEEP_20260115,28701,3316,14400,47.8,7709
TXSD_DELTAE_SWEEP_20260115,28711,3316,14400,47.8,7709
TXSD_DELTAE_SWEEP_20260115,28721,3316,14400,47.8,7709
TXSD_DELTAE_SWEEP_20260115,28731,3316,14400,47.8,7709
TXSD_DELTAE_SWEEP_20260115,28741,3316,14500,48.1,7709
TXSD_DELTAE_SWEEP_20260115,28751,3316,14400,47.8,7709
TXSD_DELTAE_SWEEP_20260115,28761,3316,14500,48.1,7709
TXSD_DELTAE_SWEEP_20260115,28771,3316,14500,48.1,7709
TXSD_DELTAE_SWEEP_20260115,28781,3316,14400,47.8,7709
TXSD_DELTAE_SWEEP_20260115,28791,3316,14500,48.1,7709
TXSD_DELTAE_SWEEP_20260115,28801,3316,14400,47.8,7710
TXSD_DELTAE_SWEEP_20260115,28811,3316,14500,48.1,7710
TXSD_DELTAE_SWEEP_20260115,28821,3316,14500,48.1,7710
TXSD_DELTAE_SWEEP_20260115,28831,3316,14500,48.1,7710
TXSD_DELTAE_SWEEP_20260115,28841,3316,14400,47.8,7710
TXSD_DELTAE_SWEEP_20260115,28851,3320,14400,47.8,7710
TXSD_DELTAE_SWEEP_20260115,28861,3316,14400,47.8,7710
TXSD_DELTAE_SWEEP_20260115,28871,3316,14400,47.8,7710
TXSD_DELTAE_SWEEP_20260115,28881,3316,14500,48.1,7710
TXSD_DELTAE_SWEEP_20260115,28891,3316,14500,48.1,7710
TXSD_DELTAE_SWEEP_20260115,28901,3316,14400,47.8,7710
TXSD_DELTAE_SWEEP_20260115,28911,3316,14400,47.8,7710
TXSD_DELTAE_SWEEP_20260115,28921,3316,14400,47.8,7710
TXSD_DELTAE_SWEEP_20260115,28931,3316,14400,47.8,7710
TXSD_DELTAE_SWEEP_20260115,28941,3316,14400,47.8,7710
TXSD_DELTAE_SWEEP_20260115,28951,3316,14300,47.4,7710
TXSD_DELTAE_SWEEP_20260115,28961,3316,14400,47.8,7710
TXSD_DELTAE_SWEEP_20260115,28971,3316,14400,47.8,7710
TXSD_DELTAE_SWEEP_20260115,28981,3316,14400,47.8,7710
TXSD_DELTAE_SWEEP_20260115,28991,3316,14400,47.8,7710
TXSD_DELTAE_SWEEP_20260115,29001,3316,14700,48.7,7710
TXSD_DELTAE_SWEEP_20260115,29011,3316,14400,47.8,7710
TXSD_DELTAE_SWEEP_20260115,29021,3316,14500,48.1,7710
TXSD_DELTAE_SWEEP_20260115,29031,3316,14400,47.8,7710
TXSD_DELTAE_SWEEP_20260115,29041,3316,14500,48.1,7710
TXSD_DELTAE_SWEEP_20260115,29051,3316,14400,47.8,7710
TXSD_DELTAE_SWEEP_20260115,29061,3316,14400,47.8,7710
TXSD_DELTAE_SWEEP_20260115,29071,3316,14400,47.8,7710
TXSD_DELTAE_SWEEP_20260115,29081,3316,14400,47.8,7710
TXSD_DELTAE_SWEEP_20260115,29091,3316,14400,47.8,7710
TXSD_DELTAE_SWEEP_20260115,29101,3316,14400,47.8,7710
TXSD_DELTAE_SWEEP_20260115,29111,3316,14500,48.1,7710
TXSD_DELTAE_SWEEP_20260115,29121,3316,14400,47.8,7710
TXSD_DELTAE_SWEEP_20260115,29131,3316,14400,47.8,7710
TXSD_DELTAE_SWEEP_20260115,29141,3316,14400,47.8,7710
TXSD_DELTAE_SWEEP_20260115,29151,3316,14400,47.8,7710
TXSD_DELTAE_SWEEP_20260115,29161,3316,14400,47.8,7710
TXSD_DELTAE_SWEEP_20260115,29171,3316,14500,48.1,7710
TXSD_DELTAE_SWEEP_20260115,29181,3316,14500,48.1,7710
TXSD_DELTAE_SWEEP_20260115,29191,3316,14400,47.8,7710
TXSD_DELTAE_SWEEP_20260115,29201,3316,14400,47.8,7710
TXSD_DELTAE_SWEEP_20260115,29211,3316,14400,47.8,7710
TXSD_DELTAE_SWEEP_20260115,29221,3316,14400,47.8,7710
TXSD_DELTAE_SWEEP_20260115,29231,3316,14400,47.8,7710
TXSD_DELTAE_SWEEP_20260115,29241,3316,14600,48.4,7710
TXSD_DELTAE_SWEEP_20260115,29251,3316,14400,47.8,7710
TXSD_DELTAE_SWEEP_20260115,29261,3316,14500,48.1,7710
TXSD_DELTAE_SWEEP_20260115,29271,3316,14400,47.8,7710
TXSD_DELTAE_SWEEP_20260115,29281,3316,14400,47.8,7710
TXSD_DELTAE_SWEEP_20260115,29291,3316,14400,47.8,7710
TXSD_DELTAE_SWEEP_20260115,29301,3316,14400,47.8,7710
TXSD_DELTAE_SWEEP_20260115,29311,3316,14400,47.8,7710
TXSD_DELTAE_SWEEP_20260115,29321,3316,14400,47.8,7710
TXSD_DELTAE_SWEEP_20260115,29331,3316,14400,47.8,7710
TXSD_DELTAE_SWEEP_20260115,29341,3316,14300,47.4,7710
TXSD_DELTAE_SWEEP_20260115,29351,3316,14400,47.8,7710
TXSD_DELTAE_SWEEP_20260115,29361,3316,14400,47.8,7710
TXSD_DELTAE_SWEEP_20260115,29371,3316,14300,47.4,7710
TXSD_DELTAE_SWEEP_20260115,29381,3316,14400,47.8,7710
TXSD_DELTAE_SWEEP_20260115,29391,3312,14400,47.7,7710
TXSD_DELTAE_SWEEP_20260115,29401,3316,14300,47.4,7710
TXSD_DELTAE_SWEEP_20260115,29411,3316,14500,48.1,7710
TXSD_DELTAE_SWEEP_20260115,29421,3316,14400,47.8,7710
TXSD_DELTAE_SWEEP_20260115,29431,3316,14500,48.1,7710
TXSD_DELTAE_SWEEP_20260115,29441,3316,14300,47.4,7710
TXSD_DELTAE_SWEEP_20260115,29451,3316,14400,47.8,7710
TXSD_DELTAE_SWEEP_20260115,29461,3316,14400,47.8,7710
TXSD_DELTAE_SWEEP_20260115,29471,3316,14400,47.8,7710
TXSD_DELTAE_SWEEP_20260115,29481,3316,14400,47.8,7710
TXSD_DELTAE_SWEEP_20260115,29491,3316,14400,47.8,7710
TXSD_DELTAE_SWEEP_20260115,29501,3316,14400,47.8,7710
TXSD_DELTAE_SWEEP_20260115,29511,3316,14400,47.8,7710
TXSD_DELTAE_SWEEP_20260115,29521,3316,14400,47.8,7710
TXSD_DELTAE_SWEEP_20260115,29531,3316,14500,48.1,7710
TXSD_DELTAE_SWEEP_20260115,29541,3316,14400,47.8,7710
TXSD_DELTAE_SWEEP_20260115,29551,3316,14400,47.8,7710
TXSD_DELTAE_SWEEP_20260115,29561,3316,14500,48.1,7710
TXSD_DELTAE_SWEEP_20260115,29571,3316,14400,47.8,7710
TXSD_DELTAE_SWEEP_20260115,29581,3316,14500,48.1,7710
TXSD_DELTAE_SWEEP_20260115,29591,3316,14400,47.8,7710
TXSD_DELTAE_SWEEP_20260115,29601,3316,14400,47.8,7710
TXSD_DELTAE_SWEEP_20260115,29611,3316,14500,48.1,7710
TXSD_DELTAE_SWEEP_20260115,29621,3316,14500,48.1,7710
TXSD_DELTAE_SWEEP_20260115,29631,3316,14400,47.8,7710
TXSD_DELTAE_SWEEP_20260115,29641,3316,14400,47.8,7710
TXSD_DELTAE_SWEEP_20260115,29651,3316,14400,47.8,7710
TXSD_DELTAE_SWEEP_20260115,29661,3316,14500,48.1,7710
TXSD_DELTAE_SWEEP_20260115,29671,3316,14500,48.1,7710
TXSD_DELTAE_SWEEP_20260115,29681,3316,14400,47.8,7710
TXSD_DELTAE_SWEEP_20260115,29691,3316,14400,47.8,7710
TXSD_DELTAE_SWEEP_20260115,29701,3316,14400,47.8,7710
TXSD_DELTAE_SWEEP_20260115,29711,3316,14500,48.1,7710
TXSD_DELTAE_SWEEP_20260115,29721,3316,14400,47.8,7710
TXSD_DELTAE_SWEEP_20260115,29731,3316,14500,48.1,7710
TXSD_DELTAE_SWEEP_20260115,29741,3316,14400,47.8,7710
TXSD_DELTAE_SWEEP_20260115,29751,3316,14500,48.1,7710
TXSD_DELTAE_SWEEP_20260115,29761,3316,14500,48.1,7710
TXSD_DELTAE_SWEEP_20260115,29771,3316,14400,47.8,7710
TXSD_DELTAE_SWEEP_20260115,29781,3316,14400,47.8,7710
TXSD_DELTAE_SWEEP_20260115,29791,3316,14300,47.4,7710
TXSD_DELTAE_SWEEP_20260115,29801,3316,14500,48.1,7711
TXSD_DELTAE_SWEEP_20260115,29811,3316,14500,48.1,7711
TXSD_DELTAE_SWEEP_20260115,29821,3316,14400,47.8,7711
TXSD_DELTAE_SWEEP_20260115,29831,3316,14400,47.8,7711
TXSD_DELTAE_SWEEP_20260115,29841,3316,14400,47.8,7711
TXSD_DELTAE_SWEEP_20260115,29851,3316,14400,47.8,7711
TXSD_DELTAE_SWEEP_20260115,29861,3316,14400,47.8,7711
TXSD_DELTAE_SWEEP_20260115,29871,3316,14400,47.8,7711
TXSD_DELTAE_SWEEP_20260115,29881,3316,14400,47.8,7711
TXSD_DELTAE_SWEEP_20260115,29891,3316,14300,47.4,7711
TXSD_DELTAE_SWEEP_20260115,29901,3316,14400,47.8,7711
TXSD_DELTAE_SWEEP_20260115,29911,3316,14500,48.1,7711
TXSD_DELTAE_SWEEP_20260115,29921,3316,14400,47.8,7711
TXSD_DELTAE_SWEEP_20260115,29931,3316,14400,47.8,7711
TXSD_DELTAE_SWEEP_20260115,29941,3316,14400,47.8,7711
TXSD_DELTAE_SWEEP_20260115,29951,3316,14400,47.8,7711
TXSD_DELTAE_SWEEP_20260115,29961,3316,14400,47.8,7711
TXSD_DELTAE_SWEEP_20260115,29971,3316,14500,48.1,7711
TXSD_DELTAE_SWEEP_20260115,29981,3316,14500,48.1,7711
TXSD_DELTAE_SWEEP_20260115,29991,3316,14500,48.1,7711
TXSD_DELTAE_SWEEP_20260115,30001,3316,14400,47.8,7711
TXSD_DELTAE_SWEEP_20260115,30011,3316,14500,48.1,7711
TXSD_DELTAE_SWEEP_20260115,30021,3316,14400,47.8,7711
TXSD_DELTAE_SWEEP_20260115,30031,3316,14400,47.8,7711
TXSD_DELTAE_SWEEP_20260115,30041,3316,14500,48.1,7711
TXSD_DELTAE_SWEEP_20260115,30051,3316,14400,47.8,7711
TXSD_DELTAE_SWEEP_20260115,30061,3316,14400,47.8,7711
TXSD_DELTAE_SWEEP_20260115,30071,3316,14300,47.4,7711
TXSD_DELTAE_SWEEP_20260115,30081,3316,14400,47.8,7711
TXSD_DELTAE_SWEEP_20260115,30091,3316,14500,48.1,7711
TXSD_DELTAE_SWEEP_20260115,30101,3316,14400,47.8,7711
TXSD_DELTAE_SWEEP_20260115,30111,3316,14400,47.8,7711
TXSD_DELTAE_SWEEP_20260115,30121,3316,14400,47.8,7711
TXSD_DELTAE_SWEEP_20260115,30131,3316,14400,47.8,7711
TXSD_DELTAE_SWEEP_20260115,30141,3316,14400,47.8,7711
TXSD_DELTAE_SWEEP_20260115,30151,3316,14400,47.8,7711
TXSD_DELTAE_SWEEP_20260115,30161,3316,14500,48.1,7711
TXSD_DELTAE_SWEEP_20260115,30171,3316,14400,47.8,7711
TXSD_DELTAE_SWEEP_20260115,30181,3316,14500,48.1,7711
TXSD_DELTAE_SWEEP_20260115,30191,3316,14400,47.8,7711
TXSD_DELTAE_SWEEP_20260115,30201,3316,14400,47.8,7711
TXSD_DELTAE_SWEEP_20260115,30211,3316,14400,47.8,7711
TXSD_DELTAE_SWEEP_20260115,30221,3316,14400,47.8,7711
TXSD_DELTAE_SWEEP_20260115,30231,3316,14500,48.1,7711
TXSD_DELTAE_SWEEP_20260115,30241,3316,14400,47.8,7711
TXSD_DELTAE_SWEEP_20260115,30251,3316,14400,47.8,7711
TXSD_DELTAE_SWEEP_20260115,30261,3316,14400,47.8,7711
TXSD_DELTAE_SWEEP_20260115,30271,3316,14500,48.1,7711
TXSD_DELTAE_SWEEP_20260115,30281,3316,14400,47.8,7711
TXSD_DELTAE_SWEEP_20260115,30291,3316,14400,47.8,7711
TXSD_DELTAE_SWEEP_20260115,30301,3316,14500,48.1,7711
TXSD_DELTAE_SWEEP_20260115,30311,3316,14400,47.8,7711
TXSD_DELTAE_SWEEP_20260115,30321,3316,14400,47.8,7711
TXSD_DELTAE_SWEEP_20260115,30331,3316,14400,47.8,7711
TXSD_DELTAE_SWEEP_20260115,30341,3316,14400,47.8,7711
TXSD_DELTAE_SWEEP_20260115,30351,3316,14400,47.8,7711
TXSD_DELTAE_SWEEP_20260115,30361,3316,14400,47.8,7711
TXSD_DELTAE_SWEEP_20260115,30371,3316,14500,48.1,7711
TXSD_DELTAE_SWEEP_20260115,30381,3316,14400,47.8,7711
TXSD_DELTAE_SWEEP_20260115,30391,3316,14400,47.8,7711
TXSD_DELTAE_SWEEP_20260115,30401,3316,14400,47.8,7711
TXSD_DELTAE_SWEEP_20260115,30411,3316,14400,47.8,7711
TXSD_DELTAE_SWEEP_20260115,30421,3316,14400,47.8,7711
TXSD_DELTAE_SWEEP_20260115,30431,3316,14400,47.8,7711
TXSD_DELTAE_SWEEP_20260115,30441,3316,14400,47.8,7711
TXSD_DELTAE_SWEEP_20260115,30451,3316,14300,47.4,7711
TXSD_DELTAE_SWEEP_20260115,30461,3316,14400,47.8,7711
TXSD_DELTAE_SWEEP_20260115,30471,3316,14400,47.8,7711
TXSD_DELTAE_SWEEP_20260115,30481,3316,14400,47.8,7711
TXSD_DELTAE_SWEEP_20260115,30491,3316,14400,47.8,7711
TXSD_DELTAE_SWEEP_20260115,30501,3316,14400,47.8,7711
TXSD_DELTAE_SWEEP_20260115,30511,3316,14400,47.8,7711
TXSD_DELTAE_SWEEP_20260115,30521,3316,14400,47.8,7711
TXSD_DELTAE_SWEEP_20260115,30531,3316,14400,47.8,7711
TXSD_DELTAE_SWEEP_20260115,30541,3316,14400,47.8,7711
TXSD_DELTAE_SWEEP_20260115,30551,3316,14400,47.8,7711
TXSD_DELTAE_SWEEP_20260115,30561,3316,14400,47.8,7711
TXSD_DELTAE_SWEEP_20260115,30571,3316,14400,47.8,7711
TXSD_DELTAE_SWEEP_20260115,30581,3316,14400,47.8,7711
TXSD_DELTAE_SWEEP_20260115,30591,3316,14400,47.8,7711
TXSD_DELTAE_SWEEP_20260115,30601,3316,14400,47.8,7711
TXSD_DELTAE_SWEEP_20260115,30611,3316,14400,47.8,7711
TXSD_DELTAE_SWEEP_20260115,30621,3316,14400,47.8,7711
TXSD_DELTAE_SWEEP_20260115,30631,3316,14400,47.8,7711
TXSD_DELTAE_SWEEP_20260115,30641,3316,14400,47.8,7711
TXSD_DELTAE_SWEEP_20260115,30651,3316,14400,47.8,7711
TXSD_DELTAE_SWEEP_20260115,30661,3316,14400,47.8,7711
TXSD_DELTAE_SWEEP_20260115,30671,3316,14400,47.8,7711
TXSD_DELTAE_SWEEP_20260115,30681,3316,14400,47.8,7711
TXSD_DELTAE_SWEEP_20260115,30691,3316,14400,47.8,7711
TXSD_DELTAE_SWEEP_20260115,30701,3316,14400,47.8,7711
TXSD_DELTAE_SWEEP_20260115,30711,3316,14500,48.1,7711
TXSD_DELTAE_SWEEP_20260115,30721,3316,14500,48.1,7711
TXSD_DELTAE_SWEEP_20260115,30731,3316,14500,48.1,7711
TXSD_DELTAE_SWEEP_20260115,30741,3316,14500,48.1,7711
TXSD_DELTAE_SWEEP_20260115,30751,3316,14500,48.1,7711
TXSD_DELTAE_SWEEP_20260115,30761,3316,14500,48.1,7711
TXSD_DELTAE_SWEEP_20260115,30771,3316,14400,47.8,7711
TXSD_DELTAE_SWEEP_20260115,30781,3316,14300,47.4,7711
TXSD_DELTAE_SWEEP_20260115,30791,3316,14400,47.8,7711
TXSD_DELTAE_SWEEP_20260115,30801,3316,14300,47.4,7712
TXSD_DELTAE_SWEEP_20260115,30811,3316,14500,48.1,7712
TXSD_DELTAE_SWEEP_20260115,30821,3316,14500,48.1,7712
TXSD_DELTAE_SWEEP_20260115,30831,3316,14500,48.1,7712
TXSD_DELTAE_SWEEP_20260115,30841,3316,14400,47.8,7712
TXSD_DELTAE_SWEEP_20260115,30851,3316,14400,47.8,7712
TXSD_DELTAE_SWEEP_20260115,30861,3316,14500,48.1,7712
TXSD_DELTAE_SWEEP_20260115,30871,3316,14500,48.1,7712
TXSD_DELTAE_SWEEP_20260115,30881,3316,14400,47.8,7712
TXSD_DELTAE_SWEEP_20260115,30891,3316,14500,48.1,7712
TXSD_DELTAE_SWEEP_20260115,30901,3316,14400,47.8,7712
TXSD_DELTAE_SWEEP_20260115,30911,3316,14400,47.8,7712
TXSD_DELTAE_SWEEP_20260115,30921,3316,14400,47.8,7712
TXSD_DELTAE_SWEEP_20260115,30931,3316,14400,47.8,7712
TXSD_DELTAE_SWEEP_20260115,30941,3316,14400,47.8,7712
TXSD_DELTAE_SWEEP_20260115,30951,3316,14400,47.8,7712
TXSD_DELTAE_SWEEP_20260115,30961,3316,14400,47.8,7712
TXSD_DELTAE_SWEEP_20260115,30971,3316,14400,47.8,7712
TXSD_DELTAE_SWEEP_20260115,30981,3316,14400,47.8,7712
TXSD_DELTAE_SWEEP_20260115,30991,3316,14400,47.8,7712
TXSD_DELTAE_SWEEP_20260115,31001,3316,14400,47.8,7712
TXSD_DELTAE_SWEEP_20260115,31011,3316,14400,47.8,7712
TXSD_DELTAE_SWEEP_20260115,31021,3316,14400,47.8,7712
TXSD_DELTAE_SWEEP_20260115,31031,3316,14400,47.8,7712
TXSD_DELTAE_SWEEP_20260115,31041,3316,14500,48.1,7712
TXSD_DELTAE_SWEEP_20260115,31051,3316,14400,47.8,7712
TXSD_DELTAE_SWEEP_20260115,31061,3316,14400,47.8,7712
TXSD_DELTAE_SWEEP_20260115,31071,3316,14400,47.8,7712
TXSD_DELTAE_SWEEP_20260115,31081,3316,14400,47.8,7712
TXSD_DELTAE_SWEEP_20260115,31091,3316,14400,47.8,7712
TXSD_DELTAE_SWEEP_20260115,31101,3316,14300,47.4,7712
TXSD_DELTAE_SWEEP_20260115,31111,3316,14400,47.8,7712
TXSD_DELTAE_SWEEP_20260115,31121,3316,14400,47.8,7712
TXSD_DELTAE_SWEEP_20260115,31131,3316,14500,48.1,7712
TXSD_DELTAE_SWEEP_20260115,31141,3316,14300,47.4,7712
TXSD_DELTAE_SWEEP_20260115,31151,3316,14500,48.1,7712
TXSD_DELTAE_SWEEP_20260115,31161,3316,14400,47.8,7712
TXSD_DELTAE_SWEEP_20260115,31171,3316,14500,48.1,7712
TXSD_DELTAE_SWEEP_20260115,31181,3316,14400,47.8,7712
TXSD_DELTAE_SWEEP_20260115,31191,3316,14500,48.1,7712
TXSD_DELTAE_SWEEP_20260115,31201,3316,14400,47.8,7712
TXSD_DELTAE_SWEEP_20260115,31211,3316,14300,47.4,7712
TXSD_DELTAE_SWEEP_20260115,31221,3316,14500,48.1,7712
TXSD_DELTAE_SWEEP_20260115,31231,3316,14400,47.8,7712
TXSD_DELTAE_SWEEP_20260115,31241,3316,14400,47.8,7712
TXSD_DELTAE_SWEEP_20260115,31251,3316,14400,47.8,7712
TXSD_DELTAE_SWEEP_20260115,31261,3316,14500,48.1,7712
TXSD_DELTAE_SWEEP_20260115,31271,3316,14400,47.8,7712
TXSD_DELTAE_SWEEP_20260115,31281,3316,14500,48.1,7712
TXSD_DELTAE_SWEEP_20260115,31291,3316,14400,47.8,7712
TXSD_DELTAE_SWEEP_20260115,31301,3316,14400,47.8,7712
TXSD_DELTAE_SWEEP_20260115,31311,3316,14400,47.8,7712
TXSD_DELTAE_SWEEP_20260115,31321,3316,14500,48.1,7712
TXSD_DELTAE_SWEEP_20260115,31331,3316,14400,47.8,7712
TXSD_DELTAE_SWEEP_20260115,31341,3316,14400,47.8,7712
TXSD_DELTAE_SWEEP_20260115,31351,3316,14300,47.4,7712
TXSD_DELTAE_SWEEP_20260115,31361,3316,14400,47.8,7712
TXSD_DELTAE_SWEEP_20260115,31371,3316,14400,47.8,7712
TXSD_DELTAE_SWEEP_20260115,31381,3316,14400,47.8,7712
TXSD_DELTAE_SWEEP_20260115,31391,3316,14500,48.1,7712
TXSD_DELTAE_SWEEP_20260115,31401,3316,14400,47.8,7712
TXSD_DELTAE_SWEEP_20260115,31411,3316,14500,48.1,7712
TXSD_DELTAE_SWEEP_20260115,31421,3316,14400,47.8,7712
TXSD_DELTAE_SWEEP_20260115,31431,3316,14400,47.8,7712
TXSD_DELTAE_SWEEP_20260115,31441,3316,14400,47.8,7712
TXSD_DELTAE_SWEEP_20260115,31451,3316,14400,47.8,7712
TXSD_DELTAE_SWEEP_20260115,31461,3316,14400,47.8,7712
TXSD_DELTAE_SWEEP_20260115,31471,3316,14500,48.1,7712
TXSD_DELTAE_SWEEP_20260115,31481,3316,14400,47.8,7712
TXSD_DELTAE_SWEEP_20260115,31491,3316,14400,47.8,7712
TXSD_DELTAE_SWEEP_20260115,31501,3316,14400,47.8,7712
TXSD_DELTAE_SWEEP_20260115,31511,3316,14500,48.1,7712
TXSD_DELTAE_SWEEP_20260115,31521,3316,14500,48.1,7712
TXSD_DELTAE_SWEEP_20260115,31531,3316,14500,48.1,7712
TXSD_DELTAE_SWEEP_20260115,31541,3316,14500,48.1,7712
TXSD_DELTAE_SWEEP_20260115,31551,3316,14400,47.8,7712
TXSD_DELTAE_SWEEP_20260115,31561,3316,14500,48.1,7712
TXSD_DELTAE_SWEEP_20260115,31571,3316,14500,48.1,7712
TXSD_DELTAE_SWEEP_20260115,31581,3316,14400,47.8,7712
TXSD_DELTAE_SWEEP_20260115,31591,3316,14400,47.8,7712
TXSD_DELTAE_SWEEP_20260115,31601,3316,14500,48.1,7712
TXSD_DELTAE_SWEEP_20260115,31611,3316,14500,48.1,7712
TXSD_DELTAE_SWEEP_20260115,31621,3316,14500,48.1,7712
TXSD_DELTAE_SWEEP_20260115,31631,3316,14500,48.1,7712
TXSD_DELTAE_SWEEP_20260115,31641,3316,14500,48.1,7712
TXSD_DELTAE_SWEEP_20260115,31651,3316,14400,47.8,7712
TXSD_DELTAE_SWEEP_20260115,31661,3316,14400,47.8,7712
TXSD_DELTAE_SWEEP_20260115,31671,3316,14400,47.8,7712
TXSD_DELTAE_SWEEP_20260115,31681,3316,14400,47.8,7712
TXSD_DELTAE_SWEEP_20260115,31691,3316,14500,48.1,7712
TXSD_DELTAE_SWEEP_20260115,31701,3316,14400,47.8,7712
TXSD_DELTAE_SWEEP_20260115,31711,3316,14500,48.1,7712
TXSD_DELTAE_SWEEP_20260115,31721,3316,14400,47.8,7712
TXSD_DELTAE_SWEEP_20260115,31731,3316,14400,47.8,7712
TXSD_DELTAE_SWEEP_20260115,31741,3316,14400,47.8,7712
TXSD_DELTAE_SWEEP_20260115,31751,3316,14500,48.1,7712
TXSD_DELTAE_SWEEP_20260115,31761,3316,14400,47.8,7712
TXSD_DELTAE_SWEEP_20260115,31771,3316,14500,48.1,7712
TXSD_DELTAE_SWEEP_20260115,31781,3316,14400,47.8,7712
TXSD_DELTAE_SWEEP_20260115,31791,3316,14500,48.1,7712
TXSD_DELTAE_SWEEP_20260115,31801,3316,14400,47.8,7713
TXSD_DELTAE_SWEEP_20260115,31811,3316,14500,48.1,7713
TXSD_DELTAE_SWEEP_20260115,31821,3316,14500,48.1,7713
TXSD_DELTAE_SWEEP_20260115,31831,3316,14400,47.8,7713
TXSD_DELTAE_SWEEP_20260115,31841,3316,14400,47.8,7713
TXSD_DELTAE_SWEEP_20260115,31851,3316,14400,47.8,7713
TXSD_DELTAE_SWEEP_20260115,31861,3316,14400,47.8,7713
TXSD_DELTAE_SWEEP_20260115,31871,3316,14500,48.1,7713
TXSD_DELTAE_SWEEP_20260115,31881,3316,14400,47.8,7713
TXSD_DELTAE_SWEEP_20260115,31891,3316,14400,47.8,7713
TXSD_DELTAE_SWEEP_20260115,31901,3316,14400,47.8,7713
TXSD_DELTAE_SWEEP_20260115,31911,3316,14400,47.8,7713
TXSD_DELTAE_SWEEP_20260115,31921,3316,14400,47.8,7713
TXSD_DELTAE_SWEEP_20260115,31931,3316,14400,47.8,7713
TXSD_DELTAE_SWEEP_20260115,31941,3316,14400,47.8,7713
TXSD_DELTAE_SWEEP_20260115,31951,3316,14500,48.1,7713
TXSD_DELTAE_SWEEP_20260115,31961,3316,14400,47.8,7713
TXSD_DELTAE_SWEEP_20260115,31971,3316,14500,48.1,7713
TXSD_DELTAE_SWEEP_20260115,31981,3316,14400,47.8,7713
TXSD_DELTAE_SWEEP_20260115,31991,3316,14400,47.8,7713
TXSD_DELTAE_SWEEP_20260115,32001,3316,14500,48.1,7713
TXSD_DELTAE_SWEEP_20260115,32011,3316,14500,48.1,7713
TXSD_DELTAE_SWEEP_20260115,32021,3316,14500,48.1,7713
TXSD_DELTAE_SWEEP_20260115,32031,3316,14400,47.8,7713
TXSD_DELTAE_SWEEP_20260115,32041,3316,14400,47.8,7713
TXSD_DELTAE_SWEEP_20260115,32051,3316,14400,47.8,7713
TXSD_DELTAE_SWEEP_20260115,32061,3316,14400,47.8,7713
TXSD_DELTAE_SWEEP_20260115,32071,3316,14400,47.8,7713
TXSD_DELTAE_SWEEP_20260115,32081,3316,14400,47.8,7713
TXSD_DELTAE_SWEEP_20260115,32091,3316,14400,47.8,7713
TXSD_DELTAE_SWEEP_20260115,32101,3316,14400,47.8,7713
TXSD_DELTAE_SWEEP_20260115,32111,3316,14400,47.8,7713
TXSD_DELTAE_SWEEP_20260115,32121,3316,14500,48.1,7713
TXSD_DELTAE_SWEEP_20260115,32131,3312,14400,47.7,7713
TXSD_DELTAE_SWEEP_20260115,32141,3316,14500,48.1,7713
TXSD_DELTAE_SWEEP_20260115,32151,3316,14400,47.8,7713
TXSD_DELTAE_SWEEP_20260115,32161,3316,14500,48.1,7713
TXSD_DELTAE_SWEEP_20260115,32171,3316,14400,47.8,7713
TXSD_DELTAE_SWEEP_20260115,32181,3316,14500,48.1,7713
TXSD_DELTAE_SWEEP_20260115,32191,3316,14400,47.8,7713
TXSD_DELTAE_SWEEP_20260115,32201,3316,14400,47.8,7713
TXSD_DELTAE_SWEEP_20260115,32211,3316,14600,48.4,7713
TXSD_DELTAE_SWEEP_20260115,32221,3316,14400,47.8,7713
TXSD_DELTAE_SWEEP_20260115,32231,3316,14400,47.8,7713
TXSD_DELTAE_SWEEP_20260115,32241,3316,14400,47.8,7713
TXSD_DELTAE_SWEEP_20260115,32251,3316,14400,47.8,7713
TXSD_DELTAE_SWEEP_20260115,32261,3316,14400,47.8,7713
TXSD_DELTAE_SWEEP_20260115,32271,3316,14400,47.8,7713
TXSD_DELTAE_SWEEP_20260115,32281,3316,14400,47.8,7713
TXSD_DELTAE_SWEEP_20260115,32291,3316,14400,47.8,7713
TXSD_DELTAE_SWEEP_20260115,32301,3316,14400,47.8,7713
TXSD_DELTAE_SWEEP_20260115,32311,3316,14400,47.8,7713
TXSD_DELTAE_SWEEP_20260115,32321,3316,14500,48.1,7713
TXSD_DELTAE_SWEEP_20260115,32331,3316,14500,48.1,7713
TXSD_DELTAE_SWEEP_20260115,32341,3316,14400,47.8,7713
TXSD_DELTAE_SWEEP_20260115,32351,3316,14400,47.8,7713
TXSD_DELTAE_SWEEP_20260115,32361,3316,14500,48.1,7713
TXSD_DELTAE_SWEEP_20260115,32371,3316,14400,47.8,7713
TXSD_DELTAE_SWEEP_20260115,32381,3316,14500,48.1,7713
TXSD_DELTAE_SWEEP_20260115,32391,3316,14400,47.8,7713
TXSD_DELTAE_SWEEP_20260115,32401,3316,14300,47.4,7713
TXSD_DELTAE_SWEEP_20260115,32411,3316,14400,47.8,7713
TXSD_DELTAE_SWEEP_20260115,32421,3316,14400,47.8,7713
TXSD_DELTAE_SWEEP_20260115,32431,3316,14400,47.8,7713
TXSD_DELTAE_SWEEP_20260115,32441,3316,14500,48.1,7713
TXSD_DELTAE_SWEEP_20260115,32451,3316,14400,47.8,7713
TXSD_DELTAE_SWEEP_20260115,32461,3316,14500,48.1,7713
TXSD_DELTAE_SWEEP_20260115,32471,3316,14400,47.8,7713
TXSD_DELTAE_SWEEP_20260115,32481,3316,14500,48.1,7713
TXSD_DELTAE_SWEEP_20260115,32491,3316,14400,47.8,7713
TXSD_DELTAE_SWEEP_20260115,32501,3316,14400,47.8,7713
TXSD_DELTAE_SWEEP_20260115,32511,3316,14500,48.1,7713
TXSD_DELTAE_SWEEP_20260115,32521,3316,14400,47.8,7713
TXSD_DELTAE_SWEEP_20260115,32531,3316,14400,47.8,7713
TXSD_DELTAE_SWEEP_20260115,32541,3316,14400,47.8,7713
TXSD_DELTAE_SWEEP_20260115,32551,3316,14500,48.1,7713
TXSD_DELTAE_SWEEP_20260115,32561,3316,14500,48.1,7713
TXSD_DELTAE_SWEEP_20260115,32571,3316,14500,48.1,7713
TXSD_DELTAE_SWEEP_20260115,32581,3316,14400,47.8,7713
TXSD_DELTAE_SWEEP_20260115,32591,3316,14400,47.8,7713
TXSD_DELTAE_SWEEP_20260115,32601,3316,14400,47.8,7713
TXSD_DELTAE_SWEEP_20260115,32611,3316,14500,48.1,7713
TXSD_DELTAE_SWEEP_20260115,32621,3316,14400,47.8,7713
TXSD_DELTAE_SWEEP_20260115,32631,3316,14400,47.8,7713
TXSD_DELTAE_SWEEP_20260115,32641,3316,14400,47.8,7713
TXSD_DELTAE_SWEEP_20260115,32651,3316,14400,47.8,7713
TXSD_DELTAE_SWEEP_20260115,32661,3316,14500,48.1,7713
TXSD_DELTAE_SWEEP_20260115,32671,3316,14500,48.1,7713
TXSD_DELTAE_SWEEP_20260115,32681,3316,14500,48.1,7713
TXSD_DELTAE_SWEEP_20260115,32691,3316,14400,47.8,7713
TXSD_DELTAE_SWEEP_20260115,32701,3316,14400,47.8,7713
TXSD_DELTAE_SWEEP_20260115,32711,3316,14500,48.1,7713
TXSD_DELTAE_SWEEP_20260115,32721,3316,14500,48.1,7713
TXSD_DELTAE_SWEEP_20260115,32731,3316,14500,48.1,7713
TXSD_DELTAE_SWEEP_20260115,32741,3316,14400,47.8,7713
TXSD_DELTAE_SWEEP_20260115,32751,3316,14300,47.4,7713
TXSD_DELTAE_SWEEP_20260115,32761,3316,14500,48.1,7713
TXSD_DELTAE_SWEEP_20260115,32771,3316,14500,48.1,7713
TXSD_DELTAE_SWEEP_20260115,32781,3316,14400,47.8,7713
TXSD_DELTAE_SWEEP_20260115,32791,3316,14400,47.8,7713
TXSD_DELTAE_SWEEP_20260115,32801,3316,14400,47.8,7714
TXSD_DELTAE_SWEEP_20260115,32811,3316,14400,47.8,7714
TXSD_DELTAE_SWEEP_20260115,32821,3316,14400,47.8,7714
TXSD_DELTAE_SWEEP_20260115,32831,3316,14400,47.8,7714
TXSD_DELTAE_SWEEP_20260115,32841,3316,14400,47.8,7714
TXSD_DELTAE_SWEEP_20260115,32851,3316,14400,47.8,7714
TXSD_DELTAE_SWEEP_20260115,32861,3316,14300,47.4,7714
TXSD_DELTAE_SWEEP_20260115,32871,3316,14500,48.1,7714
TXSD_DELTAE_SWEEP_20260115,32881,3316,14400,47.8,7714
TXSD_DELTAE_SWEEP_20260115,32891,3316,14500,48.1,7714
TXSD_DELTAE_SWEEP_20260115,32901,3316,14400,47.8,7714
TXSD_DELTAE_SWEEP_20260115,32911,3316,14500,48.1,7714
TXSD_DELTAE_SWEEP_20260115,32921,3316,14400,47.8,7714
TXSD_DELTAE_SWEEP_20260115,32931,3316,14400,47.8,7714
TXSD_DELTAE_SWEEP_20260115,32941,3316,14400,47.8,7714
TXSD_DELTAE_SWEEP_20260115,32951,3316,14400,47.8,7714
TXSD_DELTAE_SWEEP_20260115,32961,3316,14600,48.4,7714
TXSD_DELTAE_SWEEP_20260115,32971,3316,14500,48.1,7714
TXSD_DELTAE_SWEEP_20260115,32981,3316,14400,47.8,7714
TXSD_DELTAE_SWEEP_20260115,32991,3316,14400,47.8,7714
TXSD_DELTAE_SWEEP_20260115,33001,3316,14500,48.1,7714
TXSD_DELTAE_SWEEP_20260115,33011,3316,14400,47.8,7714
TXSD_DELTAE_SWEEP_20260115,33021,3316,14500,48.1,7714
TXSD_DELTAE_SWEEP_20260115,33031,3316,14400,47.8,7714
TXSD_DELTAE_SWEEP_20260115,33041,3316,14400,47.8,7714
TXSD_DELTAE_SWEEP_20260115,33051,3316,14300,47.4,7714
TXSD_DELTAE_SWEEP_20260115,33061,3316,14500,48.1,7714
TXSD_DELTAE_SWEEP_20260115,33071,3316,14400,47.8,7714
TXSD_DELTAE_SWEEP_20260115,33081,3316,14400,47.8,7714
TXSD_DELTAE_SWEEP_20260115,33091,3316,14400,47.8,7714
TXSD_DELTAE_SWEEP_20260115,33101,3316,14300,47.4,7714
TXSD_DELTAE_SWEEP_20260115,33111,3316,14400,47.8,7714
TXSD_DELTAE_SWEEP_20260115,33121,3316,14300,47.4,7714
TXSD_DELTAE_SWEEP_20260115,33131,3316,14400,47.8,7714
TXSD_DELTAE_SWEEP_20260115,33141,3316,14400,47.8,7714
TXSD_DELTAE_SWEEP_20260115,33151,3316,14400,47.8,7714
TXSD_DELTAE_SWEEP_20260115,33161,3316,14500,48.1,7714
TXSD_DELTAE_SWEEP_20260115,33171,3316,14500,48.1,7714
TXSD_DELTAE_SWEEP_20260115,33181,3316,14400,47.8,7714
TXSD_DELTAE_SWEEP_20260115,33191,3316,14500,48.1,7714
TXSD_DELTAE_SWEEP_20260115,33201,3316,14400,47.8,7714
TXSD_DELTAE_SWEEP_20260115,33211,3316,14500,48.1,7714
TXSD_DELTAE_SWEEP_20260115,33221,3316,14400,47.8,7714
TXSD_DELTAE_SWEEP_20260115,33231,3316,14400,47.8,7714
TXSD_DELTAE_SWEEP_20260115,33241,3316,14500,48.1,7714
TXSD_DELTAE_SWEEP_20260115,33251,3316,14400,47.8,7714
TXSD_DELTAE_SWEEP_20260115,33261,3316,14400,47.8,7714
TXSD_DELTAE_SWEEP_20260115,33271,3316,14400,47.8,7714
TXSD_DELTAE_SWEEP_20260115,33281,3316,14400,47.8,7714
TXSD_DELTAE_SWEEP_20260115,33291,3316,14400,47.8,7714
TXSD_DELTAE_SWEEP_20260115,33301,3316,14400,47.8,7714
TXSD_DELTAE_SWEEP_20260115,33311,3316,14500,48.1,7714
TXSD_DELTAE_SWEEP_20260115,33321,3316,14500,48.1,7714
TXSD_DELTAE_SWEEP_20260115,33331,3316,14500,48.1,7714
TXSD_DELTAE_SWEEP_20260115,33341,3316,14400,47.8,7714
TXSD_DELTAE_SWEEP_20260115,33351,3316,14400,47.8,7714
TXSD_DELTAE_SWEEP_20260115,33361,3316,14400,47.8,7714
TXSD_DELTAE_SWEEP_20260115,33371,3316,14500,48.1,7714
TXSD_DELTAE_SWEEP_20260115,33381,3316,14400,47.8,7714
TXSD_DELTAE_SWEEP_20260115,33391,3316,14500,48.1,7714
TXSD_DELTAE_SWEEP_20260115,33401,3316,14400,47.8,7714
TXSD_DELTAE_SWEEP_20260115,33411,3316,14500,48.1,7714
TXSD_DELTAE_SWEEP_20260115,33421,3316,14400,47.8,7714
TXSD_DELTAE_SWEEP_20260115,33431,3316,14400,47.8,7714
TXSD_DELTAE_SWEEP_20260115,33441,3316,14400,47.8,7714
TXSD_DELTAE_SWEEP_20260115,33451,3316,14400,47.8,7714
TXSD_DELTAE_SWEEP_20260115,33461,3316,14400,47.8,7714
TXSD_DELTAE_SWEEP_20260115,33471,3316,14500,48.1,7714
TXSD_DELTAE_SWEEP_20260115,33481,3316,14400,47.8,7714
TXSD_DELTAE_SWEEP_20260115,33491,3316,14500,48.1,7714
TXSD_DELTAE_SWEEP_20260115,33501,3316,14400,47.8,7714
TXSD_DELTAE_SWEEP_20260115,33511,3316,14400,47.8,7714
TXSD_DELTAE_SWEEP_20260115,33521,3316,14400,47.8,7714
TXSD_DELTAE_SWEEP_20260115,33531,3316,14300,47.4,7714
TXSD_DELTAE_SWEEP_20260115,33541,3316,14400,47.8,7714
TXSD_DELTAE_SWEEP_20260115,33551,3316,14400,47.8,7714
TXSD_DELTAE_SWEEP_20260115,33561,3316,14500,48.1,7714
TXSD_DELTAE_SWEEP_20260115,33571,3316,14300,47.4,7714
TXSD_DELTAE_SWEEP_20260115,33581,3316,14500,48.1,7714
TXSD_DELTAE_SWEEP_20260115,33591,3316,14400,47.8,7714
TXSD_DELTAE_SWEEP_20260115,33601,3316,14400,47.8,7714
TXSD_DELTAE_SWEEP_20260115,33611,3316,14400,47.8,7714
TXSD_DELTAE_SWEEP_20260115,33621,3316,14500,48.1,7714
TXSD_DELTAE_SWEEP_20260115,33631,3316,14400,47.8,7714
TXSD_DELTAE_SWEEP_20260115,33641,3316,14400,47.8,7714
TXSD_DELTAE_SWEEP_20260115,33651,3316,14500,48.1,7714
TXSD_DELTAE_SWEEP_20260115,33661,3316,14400,47.8,7714
TXSD_DELTAE_SWEEP_20260115,33671,3316,14400,47.8,7714
TXSD_DELTAE_SWEEP_20260115,33681,3316,14400,47.8,7714
TXSD_DELTAE_SWEEP_20260115,33691,3316,14400,47.8,7714
TXSD_DELTAE_SWEEP_20260115,33701,3316,14500,48.1,7714
TXSD_DELTAE_SWEEP_20260115,33711,3316,14400,47.8,7714
TXSD_DELTAE_SWEEP_20260115,33721,3316,14400,47.8,7714
TXSD_DELTAE_SWEEP_20260115,33731,3316,14400,47.8,7714
TXSD_DELTAE_SWEEP_20260115,33741,3316,14400,47.8,7714
TXSD_DELTAE_SWEEP_20260115,33751,3312,14400,47.7,7714
TXSD_DELTAE_SWEEP_20260115,33761,3316,14400,47.8,7714
TXSD_DELTAE_SWEEP_20260115,33771,3316,14500,48.1,7714
TXSD_DELTAE_SWEEP_20260115,33781,3316,14400,47.8,7714
TXSD_DELTAE_SWEEP_20260115,33791,3316,14400,47.8,7714
TXSD_DELTAE_SWEEP_20260115,33801,3316,14500,48.1,7715
TXSD_DELTAE_SWEEP_20260115,33811,3316,14400,47.8,7715
TXSD_DELTAE_SWEEP_20260115,33821,3316,14500,48.1,7715
TXSD_DELTAE_SWEEP_20260115,33831,3316,14400,47.8,7715
TXSD_DELTAE_SWEEP_20260115,33841,3316,14400,47.8,7715
TXSD_DELTAE_SWEEP_20260115,33851,3316,14400,47.8,7715
TXSD_DELTAE_SWEEP_20260115,33861,3316,14400,47.8,7715
TXSD_DELTAE_SWEEP_20260115,33871,3316,14400,47.8,7715
TXSD_DELTAE_SWEEP_20260115,33881,3316,14400,47.8,7715
TXSD_DELTAE_SWEEP_20260115,33891,3316,14400,47.8,7715
TXSD_DELTAE_SWEEP_20260115,33901,3316,14400,47.8,7715
TXSD_DELTAE_SWEEP_20260115,33911,3316,14400,47.8,7715
TXSD_DELTAE_SWEEP_20260115,33921,3316,14400,47.8,7715
TXSD_DELTAE_SWEEP_20260115,33931,3316,14400,47.8,7715
TXSD_DELTAE_SWEEP_20260115,33941,3316,14400,47.8,7715
TXSD_DELTAE_SWEEP_20260115,33951,3316,14400,47.8,7715
TXSD_DELTAE_SWEEP_20260115,33961,3316,14400,47.8,7715
TXSD_DELTAE_SWEEP_20260115,33971,3316,14400,47.8,7715
TXSD_DELTAE_SWEEP_20260115,33981,3316,14400,47.8,7715
TXSD_DELTAE_SWEEP_20260115,33991,3316,14400,47.8,7715
TXSD_DELTAE_SWEEP_20260115,34001,3316,14400,47.8,7715
TXSD_DELTAE_SWEEP_20260115,34011,3316,14400,47.8,7715
TXSD_DELTAE_SWEEP_20260115,34021,3316,14500,48.1,7715
TXSD_DELTAE_SWEEP_20260115,34031,3316,14400,47.8,7715
TXSD_DELTAE_SWEEP_20260115,34041,3316,14300,47.4,7715
TXSD_DELTAE_SWEEP_20260115,34051,3316,14400,47.8,7715
TXSD_DELTAE_SWEEP_20260115,34061,3316,14400,47.8,7715
TXSD_DELTAE_SWEEP_20260115,34071,3316,14400,47.8,7715
TXSD_DELTAE_SWEEP_20260115,34081,3316,14300,47.4,7715
TXSD_DELTAE_SWEEP_20260115,34091,3316,14400,47.8,7715
TXSD_DELTAE_SWEEP_20260115,34101,3316,14400,47.8,7715
TXSD_DELTAE_SWEEP_20260115,34111,3316,14300,47.4,7715
TXSD_DELTAE_SWEEP_20260115,34121,3316,14400,47.8,7715
TXSD_DELTAE_SWEEP_20260115,34131,3316,14300,47.4,7715
TXSD_DELTAE_SWEEP_20260115,34141,3316,14400,47.8,7715
TXSD_DELTAE_SWEEP_20260115,34151,3316,14400,47.8,7715
TXSD_DELTAE_SWEEP_20260115,34161,3316,14500,48.1,7715
TXSD_DELTAE_SWEEP_20260115,34171,3316,14400,47.8,7715
TXSD_DELTAE_SWEEP_20260115,34181,3316,14400,47.8,7715
TXSD_DELTAE_SWEEP_20260115,34191,3316,14400,47.8,7715
TXSD_DELTAE_SWEEP_20260115,34201,3316,14500,48.1,7715
TXSD_DELTAE_SWEEP_20260115,34211,3316,14400,47.8,7715
TXSD_DELTAE_SWEEP_20260115,34221,3316,14400,47.8,7715
TXSD_DELTAE_SWEEP_20260115,34231,3316,14400,47.8,7715
TXSD_DELTAE_SWEEP_20260115,34241,3316,14400,47.8,7715
TXSD_DELTAE_SWEEP_20260115,34251,3316,14500,48.1,7715
TXSD_DELTAE_SWEEP_20260115,34261,3316,14400,47.8,7715
TXSD_DELTAE_SWEEP_20260115,34271,3316,14400,47.8,7715
TXSD_DELTAE_SWEEP_20260115,34281,3316,14400,47.8,7715
TXSD_DELTAE_SWEEP_20260115,34291,3316,14400,47.8,7715
TXSD_DELTAE_SWEEP_20260115,34301,3316,14400,47.8,7715
TXSD_DELTAE_SWEEP_20260115,34311,3316,14400,47.8,7715
TXSD_DELTAE_SWEEP_20260115,34321,3316,14400,47.8,7715
TXSD_DELTAE_SWEEP_20260115,34331,3316,14400,47.8,7715
TXSD_DELTAE_SWEEP_20260115,34341,3316,14400,47.8,7715
TXSD_DELTAE_SWEEP_20260115,34351,3316,14400,47.8,7715
TXSD_DELTAE_SWEEP_20260115,34361,3316,14500,48.1,7715
TXSD_DELTAE_SWEEP_20260115,34371,3316,14400,47.8,7715
TXSD_DELTAE_SWEEP_20260115,34381,3316,14400,47.8,7715
TXSD_DELTAE_SWEEP_20260115,34391,3316,14300,47.4,7715
TXSD_DELTAE_SWEEP_20260115,34401,3316,14400,47.8,7715
TXSD_DELTAE_SWEEP_20260115,34411,3312,14500,48.0,7715
TXSD_DELTAE_SWEEP_20260115,34421,3316,14500,48.1,7715
TXSD_DELTAE_SWEEP_20260115,34431,3316,14400,47.8,7715
TXSD_DELTAE_SWEEP_20260115,34441,3316,14400,47.8,7715
TXSD_DELTAE_SWEEP_20260115,34451,3316,14400,47.8,7715
TXSD_DELTAE_SWEEP_20260115,34461,3316,14400,47.8,7715
TXSD_DELTAE_SWEEP_20260115,34471,3316,14400,47.8,7715
TXSD_DELTAE_SWEEP_20260115,34481,3316,14500,48.1,7715
TXSD_DELTAE_SWEEP_20260115,34491,3316,14400,47.8,7715
TXSD_DELTAE_SWEEP_20260115,34501,3316,14400,47.8,7715
TXSD_DELTAE_SWEEP_20260115,34511,3316,14400,47.8,7715
TXSD_DELTAE_SWEEP_20260115,34521,3316,14300,47.4,7715
TXSD_DELTAE_SWEEP_20260115,34531,3316,14400,47.8,7715
TXSD_DELTAE_SWEEP_20260115,34541,3316,14400,47.8,7715
TXSD_DELTAE_SWEEP_20260115,34551,3316,14400,47.8,7715
TXSD_DELTAE_SWEEP_20260115,34561,3316,14500,48.1,7715
TXSD_DELTAE_SWEEP_20260115,34571,3316,14500,48.1,7715
TXSD_DELTAE_SWEEP_20260115,34581,3316,14400,47.8,7715
TXSD_DELTAE_SWEEP_20260115,34591,3316,14500,48.1,7715
TXSD_DELTAE_SWEEP_20260115,34601,3316,14400,47.8,7715
TXSD_DELTAE_SWEEP_20260115,34611,3316,14500,48.1,7715
TXSD_DELTAE_SWEEP_20260115,34621,3316,14400,47.8,7715
TXSD_DELTAE_SWEEP_20260115,34631,3316,14500,48.1,7715
TXSD_DELTAE_SWEEP_20260115,34641,3316,14400,47.8,7715
TXSD_DELTAE_SWEEP_20260115,34651,3316,14300,47.4,7715
TXSD_DELTAE_SWEEP_20260115,34661,3316,14500,48.1,7715
TXSD_DELTAE_SWEEP_20260115,34671,3316,14500,48.1,7715
TXSD_DELTAE_SWEEP_20260115,34681,3316,14400,47.8,7715
TXSD_DELTAE_SWEEP_20260115,34691,3316,14300,47.4,7715
TXSD_DELTAE_SWEEP_20260115,34701,3316,14400,47.8,7715
TXSD_DELTAE_SWEEP_20260115,34711,3316,14400,47.8,7715
TXSD_DELTAE_SWEEP_20260115,34721,3316,14400,47.8,7715
TXSD_DELTAE_SWEEP_20260115,34731,3316,14400,47.8,7715
TXSD_DELTAE_SWEEP_20260115,34741,3316,14400,47.8,7715
TXSD_DELTAE_SWEEP_20260115,34751,3316,14300,47.4,7715
TXSD_DELTAE_SWEEP_20260115,34761,3316,14500,48.1,7715
TXSD_DELTAE_SWEEP_20260115,34771,3316,14400,47.8,7715
TXSD_DELTAE_SWEEP_20260115,34781,3316,14500,48.1,7715
TXSD_DELTAE_SWEEP_20260115,34791,3316,14400,47.8,7715
TXSD_DELTAE_SWEEP_20260115,34801,3316,14400,47.8,7716
TXSD_DELTAE_SWEEP_20260115,34811,3316,14500,48.1,7716
TXSD_DELTAE_SWEEP_20260115,34821,3316,14400,47.8,7716
TXSD_DELTAE_SWEEP_20260115,34831,3316,14400,47.8,7716
TXSD_DELTAE_SWEEP_20260115,34841,3316,14500,48.1,7716
TXSD_DELTAE_SWEEP_20260115,34851,3316,14500,48.1,7716
TXSD_DELTAE_SWEEP_20260115,34861,3316,14500,48.1,7716
TXSD_DELTAE_SWEEP_20260115,34871,3316,14500,48.1,7716
TXSD_DELTAE_SWEEP_20260115,34881,3316,14500,48.1,7716
TXSD_DELTAE_SWEEP_20260115,34891,3316,14500,48.1,7716
TXSD_DELTAE_SWEEP_20260115,34901,3316,14400,47.8,7716
TXSD_DELTAE_SWEEP_20260115,34911,3316,14400,47.8,7716
TXSD_DELTAE_SWEEP_20260115,34921,3316,14500,48.1,7716
TXSD_DELTAE_SWEEP_20260115,34931,3316,14400,47.8,7716
TXSD_DELTAE_SWEEP_20260115,34941,3316,14400,47.8,7716
TXSD_DELTAE_SWEEP_20260115,34951,3316,14400,47.8,7716
TXSD_DELTAE_SWEEP_20260115,34961,3316,14400,47.8,7716
TXSD_DELTAE_SWEEP_20260115,34971,3316,14300,47.4,7716
TXSD_DELTAE_SWEEP_20260115,34981,3316,14500,48.1,7716
TXSD_DELTAE_SWEEP_20260115,34991,3316,14400,47.8,7716
TXSD_DELTAE_SWEEP_20260115,35001,3316,14400,47.8,7716
TXSD_DELTAE_SWEEP_20260115,35011,3316,14400,47.8,7716
TXSD_DELTAE_SWEEP_20260115,35021,3316,14500,48.1,7716
TXSD_DELTAE_SWEEP_20260115,35031,3316,14500,48.1,7716
TXSD_DELTAE_SWEEP_20260115,35041,3316,14400,47.8,7716
TXSD_DELTAE_SWEEP_20260115,35051,3316,14400,47.8,7716
TXSD_DELTAE_SWEEP_20260115,35061,3316,14400,47.8,7716
TXSD_DELTAE_SWEEP_20260115,35071,3316,14400,47.8,7716
TXSD_DELTAE_SWEEP_20260115,35081,3316,14400,47.8,7716
TXSD_DELTAE_SWEEP_20260115,35091,3316,14400,47.8,7716
TXSD_DELTAE_SWEEP_20260115,35101,3316,14400,47.8,7716
TXSD_DELTAE_SWEEP_20260115,35111,3316,14500,48.1,7716
TXSD_DELTAE_SWEEP_20260115,35121,3316,14400,47.8,7716
TXSD_DELTAE_SWEEP_20260115,35131,3316,14400,47.8,7716
TXSD_DELTAE_SWEEP_20260115,35141,3316,14400,47.8,7716
TXSD_DELTAE_SWEEP_20260115,35151,3316,14400,47.8,7716
TXSD_DELTAE_SWEEP_20260115,35161,3316,14400,47.8,7716
TXSD_DELTAE_SWEEP_20260115,35171,3316,14500,48.1,7716
TXSD_DELTAE_SWEEP_20260115,35181,3316,14400,47.8,7716
TXSD_DELTAE_SWEEP_20260115,35191,3316,14500,48.1,7716
TXSD_DELTAE_SWEEP_20260115,35201,3316,14400,47.8,7716
TXSD_DELTAE_SWEEP_20260115,35211,3316,14500,48.1,7716
TXSD_DELTAE_SWEEP_20260115,35221,3316,14500,48.1,7716
TXSD_DELTAE_SWEEP_20260115,35231,3316,14400,47.8,7716
TXSD_DELTAE_SWEEP_20260115,35241,3316,14400,47.8,7716
TXSD_DELTAE_SWEEP_20260115,35251,3316,14400,47.8,7716
TXSD_DELTAE_SWEEP_20260115,35261,3316,14400,47.8,7716
TXSD_DELTAE_SWEEP_20260115,35271,3316,14400,47.8,7716
TXSD_DELTAE_SWEEP_20260115,35281,3316,14400,47.8,7716
TXSD_DELTAE_SWEEP_20260115,35291,3316,14400,47.8,7716
TXSD_DELTAE_SWEEP_20260115,35301,3316,14400,47.8,7716
TXSD_DELTAE_SWEEP_20260115,35311,3316,14500,48.1,7716
TXSD_DELTAE_SWEEP_20260115,35321,3316,14500,48.1,7716
TXSD_DELTAE_SWEEP_20260115,35331,3316,14300,47.4,7716
TXSD_DELTAE_SWEEP_20260115,35341,3316,14400,47.8,7716
TXSD_DELTAE_SWEEP_20260115,35351,3312,14300,47.4,7716
TXSD_DELTAE_SWEEP_20260115,35361,3316,14400,47.8,7716
TXSD_DELTAE_SWEEP_20260115,35371,3316,14400,47.8,7716
TXSD_DELTAE_SWEEP_20260115,35381,3316,14400,47.8,7716
TXSD_DELTAE_SWEEP_20260115,35391,3316,14400,47.8,7716
TXSD_DELTAE_SWEEP_20260115,35401,3316,14400,47.8,7716
TXSD_DELTAE_SWEEP_20260115,35411,3316,14400,47.8,7716
TXSD_DELTAE_SWEEP_20260115,35421,3316,14400,47.8,7716
TXSD_DELTAE_SWEEP_20260115,35431,3316,14500,48.1,7716
TXSD_DELTAE_SWEEP_20260115,35441,3316,14400,47.8,7716
TXSD_DELTAE_SWEEP_20260115,35451,3316,14400,47.8,7716
TXSD_DELTAE_SWEEP_20260115,35461,3316,14400,47.8,7716
TXSD_DELTAE_SWEEP_20260115,35471,3316,14400,47.8,7716
TXSD_DELTAE_SWEEP_20260115,35481,3316,14400,47.8,7716
TXSD_DELTAE_SWEEP_20260115,35491,3316,14500,48.1,7716
TXSD_DELTAE_SWEEP_20260115,35501,3316,14400,47.8,7716
TXSD_DELTAE_SWEEP_20260115,35511,3316,14400,47.8,7716
TXSD_DELTAE_SWEEP_20260115,35521,3316,14400,47.8,7716
TXSD_DELTAE_SWEEP_20260115,35531,3316,14500,48.1,7716
TXSD_DELTAE_SWEEP_20260115,35541,3316,14400,47.8,7716
TXSD_DELTAE_SWEEP_20260115,35551,3316,14400,47.8,7716
TXSD_DELTAE_SWEEP_20260115,35561,3316,14400,47.8,7716
TXSD_DELTAE_SWEEP_20260115,35571,3316,14400,47.8,7716
TXSD_DELTAE_SWEEP_20260115,35581,3316,14400,47.8,7716
TXSD_DELTAE_SWEEP_20260115,35591,3316,14400,47.8,7716
TXSD_DELTAE_SWEEP_20260115,35601,3316,14400,47.8,7716
TXSD_DELTAE_SWEEP_20260115,35611,3316,14400,47.8,7716
TXSD_DELTAE_SWEEP_20260115,35621,3316,14400,47.8,7716
TXSD_DELTAE_SWEEP_20260115,35631,3316,14400,47.8,7716
TXSD_DELTAE_SWEEP_20260115,35641,3316,14400,47.8,7716
TXSD_DELTAE_SWEEP_20260115,35651,3316,14400,47.8,7716
TXSD_DELTAE_SWEEP_20260115,35661,3316,14400,47.8,7716
TXSD_DELTAE_SWEEP_20260115,35671,3316,14400,47.8,7716
TXSD_DELTAE_SWEEP_20260115,35681,3316,14400,47.8,7716
TXSD_DELTAE_SWEEP_20260115,35691,3316,14400,47.8,7716
TXSD_DELTAE_SWEEP_20260115,35701,3316,14400,47.8,7716
TXSD_DELTAE_SWEEP_20260115,35711,3316,14500,48.1,7716
TXSD_DELTAE_SWEEP_20260115,35721,3316,14300,47.4,7716
TXSD_DELTAE_SWEEP_20260115,35731,3316,14500,48.1,7716
TXSD_DELTAE_SWEEP_20260115,35741,3316,14400,47.8,7716
TXSD_DELTAE_SWEEP_20260115,35751,3316,14400,47.8,7716
TXSD_DELTAE_SWEEP_20260115,35761,3316,14400,47.8,7716
TXSD_DELTAE_SWEEP_20260115,35771,3316,14500,48.1,7716
TXSD_DELTAE_SWEEP_20260115,35781,3316,14400,47.8,7716
TXSD_DELTAE_SWEEP_20260115,35791,3316,14400,47.8,7716
TXSD_DELTAE_SWEEP_20260115,35801,3316,14400,47.8,7717
TXSD_DELTAE_SWEEP_20260115,35811,3316,14400,47.8,7717
TXSD_DELTAE_SWEEP_20260115,35821,3316,14400,47.8,7717
TXSD_DELTAE_SWEEP_20260115,35831,3316,14400,47.8,7717
TXSD_DELTAE_SWEEP_20260115,35841,3316,14400,47.8,7717
TXSD_DELTAE_SWEEP_20260115,35851,3316,14400,47.8,7717
TXSD_DELTAE_SWEEP_20260115,35861,3316,14400,47.8,7717
TXSD_DELTAE_SWEEP_20260115,35871,3316,14400,47.8,7717
TXSD_DELTAE_SWEEP_20260115,35881,3316,14400,47.8,7717
TXSD_DELTAE_SWEEP_20260115,35891,3316,14400,47.8,7717
TXSD_DELTAE_SWEEP_20260115,35901,3316,14400,47.8,7717
TXSD_DELTAE_SWEEP_20260115,35911,3316,14400,47.8,7717
TXSD_DELTAE_SWEEP_20260115,35921,3316,14500,48.1,7717
TXSD_DELTAE_SWEEP_20260115,35931,3316,14400,47.8,7717
TXSD_DELTAE_SWEEP_20260115,35941,3316,14500,48.1,7717
TXSD_DELTAE_SWEEP_20260115,35951,3316,14300,47.4,7717
TXSD_DELTAE_SWEEP_20260115,35961,3316,14400,47.8,7717
TXSD_DELTAE_SWEEP_20260115,35971,3316,14400,47.8,7717
TXSD_DELTAE_SWEEP_20260115,35981,3316,14400,47.8,7717
TXSD_DELTAE_SWEEP_20260115,35991,3316,14400,47.8,7717
TXSD_DELTAE_SWEEP_20260115,36001,3316,14400,47.8,7717
TXSD_DELTAE_SWEEP_20260115,36011,3316,14400,47.8,7717
TXSD_DELTAE_SWEEP_20260115,36021,3316,14400,47.8,7717
TXSD_DELTAE_SWEEP_20260115,36031,3316,14500,48.1,7717
TXSD_DELTAE_SWEEP_20260115,36041,3316,14300,47.4,7717
TXSD_DELTAE_SWEEP_20260115,36051,3316,14400,47.8,7717
TXSD_DELTAE_SWEEP_20260115,36061,3316,14400,47.8,7717
TXSD_DELTAE_SWEEP_20260115,36071,3316,14400,47.8,7717
TXSD_DELTAE_SWEEP_20260115,36081,3316,14400,47.8,7717
TXSD_DELTAE_SWEEP_20260115,36091,3316,14400,47.8,7717
TXSD_DELTAE_SWEEP_20260115,36101,3316,14400,47.8,7717
TXSD_DELTAE_SWEEP_20260115,36111,3316,14400,47.8,7717
TXSD_DELTAE_SWEEP_20260115,36121,3316,14400,47.8,7717
TXSD_DELTAE_SWEEP_20260115,36131,3316,14400,47.8,7717
TXSD_DELTAE_SWEEP_20260115,36141,3316,14400,47.8,7717
TXSD_DELTAE_SWEEP_20260115,36151,3316,14400,47.8,7717
TXSD_DELTAE_SWEEP_20260115,36161,3316,14500,48.1,7717
TXSD_DELTAE_SWEEP_20260115,36171,3316,14400,47.8,7717
TXSD_DELTAE_SWEEP_20260115,36181,3312,14500,48.0,7717
TXSD_DELTAE_SWEEP_20260115,36191,3316,14400,47.8,7717
TXSD_DELTAE_SWEEP_20260115,36201,3316,14400,47.8,7717
TXSD_DELTAE_SWEEP_20260115,36211,3316,14400,47.8,7717
TXSD_DELTAE_SWEEP_20260115,36221,3316,14400,47.8,7717
TXSD_DELTAE_SWEEP_20260115,36231,3316,14400,47.8,7717
TXSD_DELTAE_SWEEP_20260115,36241,3316,14400,47.8,7717
TXSD_DELTAE_SWEEP_20260115,36251,3316,14400,47.8,7717
TXSD_DELTAE_SWEEP_20260115,36261,3316,14400,47.8,7717
TXSD_DELTAE_SWEEP_20260115,36271,3316,14400,47.8,7717
TXSD_DELTAE_SWEEP_20260115,36281,3316,14400,47.8,7717
TXSD_DELTAE_SWEEP_20260115,36291,3316,14400,47.8,7717
TXSD_DELTAE_SWEEP_20260115,36301,3316,14400,47.8,7717
TXSD_DELTAE_SWEEP_20260115,36311,3316,14400,47.8,7717
TXSD_DELTAE_SWEEP_20260115,36321,3316,14400,47.8,7717
TXSD_DELTAE_SWEEP_20260115,36331,3316,14500,48.1,7717
TXSD_DELTAE_SWEEP_20260115,36341,3316,14500,48.1,7717
TXSD_DELTAE_SWEEP_20260115,36351,3316,14500,48.1,7717
TXSD_DELTAE_SWEEP_20260115,36361,3316,14400,47.8,7717
TXSD_DELTAE_SWEEP_20260115,36371,3316,14400,47.8,7717
TXSD_DELTAE_SWEEP_20260115,36381,3316,14400,47.8,7717
TXSD_DELTAE_SWEEP_20260115,36391,3316,14400,47.8,7717
TXSD_DELTAE_SWEEP_20260115,36401,3316,14300,47.4,7717
TXSD_DELTAE_SWEEP_20260115,36411,3316,14400,47.8,7717
TXSD_DELTAE_SWEEP_20260115,36421,3316,14400,47.8,7717
TXSD_DELTAE_SWEEP_20260115,36431,3316,14400,47.8,7717
TXSD_DELTAE_SWEEP_20260115,36441,3316,14400,47.8,7717
TXSD_DELTAE_SWEEP_20260115,36451,3316,14400,47.8,7717
TXSD_DELTAE_SWEEP_20260115,36461,3316,14400,47.8,7717
TXSD_DELTAE_SWEEP_20260115,36471,3316,14400,47.8,7717
TXSD_DELTAE_SWEEP_20260115,36481,3316,14400,47.8,7717
TXSD_DELTAE_SWEEP_20260115,36491,3316,14400,47.8,7717
TXSD_DELTAE_SWEEP_20260115,36501,3316,14400,47.8,7717
TXSD_DELTAE_SWEEP_20260115,36511,3316,14400,47.8,7717
TXSD_DELTAE_SWEEP_20260115,36521,3316,14400,47.8,7717
TXSD_DELTAE_SWEEP_20260115,36531,3316,14500,48.1,7717
TXSD_DELTAE_SWEEP_20260115,36541,3316,14500,48.1,7717
TXSD_DELTAE_SWEEP_20260115,36551,3316,14500,48.1,7717
TXSD_DELTAE_SWEEP_20260115,36561,3316,14400,47.8,7717
TXSD_DELTAE_SWEEP_20260115,36571,3316,14500,48.1,7717
TXSD_DELTAE_SWEEP_20260115,36581,3316,14400,47.8,7717
TXSD_DELTAE_SWEEP_20260115,36591,3316,14500,48.1,7717
TXSD_DELTAE_SWEEP_20260115,36601,3316,14400,47.8,7717
TXSD_DELTAE_SWEEP_20260115,36611,3316,14500,48.1,7717
TXSD_DELTAE_SWEEP_20260115,36621,3316,14400,47.8,7717
TXSD_DELTAE_SWEEP_20260115,36631,3316,14500,48.1,7717
TXSD_DELTAE_SWEEP_20260115,36641,3316,14400,47.8,7717
TXSD_DELTAE_SWEEP_20260115,36651,3316,14400,47.8,7717
TXSD_DELTAE_SWEEP_20260115,36661,3316,14400,47.8,7717
TXSD_DELTAE_SWEEP_20260115,36671,3316,14400,47.8,7717
TXSD_DELTAE_SWEEP_20260115,36681,3316,14500,48.1,7717
TXSD_DELTAE_SWEEP_20260115,36691,3316,14400,47.8,7717
TXSD_DELTAE_SWEEP_20260115,36701,3316,14400,47.8,7717
TXSD_DELTAE_SWEEP_20260115,36711,3316,14400,47.8,7717
TXSD_DELTAE_SWEEP_20260115,36721,3316,14400,47.8,7717
TXSD_DELTAE_SWEEP_20260115,36731,3316,14400,47.8,7717
TXSD_DELTAE_SWEEP_20260115,36741,3316,14500,48.1,7717
TXSD_DELTAE_SWEEP_20260115,36751,3316,14400,47.8,7717
TXSD_DELTAE_SWEEP_20260115,36761,3316,14400,47.8,7717
TXSD_DELTAE_SWEEP_20260115,36771,3316,14400,47.8,7717
TXSD_DELTAE_SWEEP_20260115,36781,3316,14500,48.1,7717
TXSD_DELTAE_SWEEP_20260115,36791,3316,14400,47.8,7717
TXSD_DELTAE_SWEEP_20260115,36801,3316,14400,47.8,7718
TXSD_DELTAE_SWEEP_20260115,36811,3316,14400,47.8,7718
TXSD_DELTAE_SWEEP_20260115,36821,3316,14500,48.1,7718
TXSD_DELTAE_SWEEP_20260115,36831,3316,14500,48.1,7718
TXSD_DELTAE_SWEEP_20260115,36841,3316,14400,47.8,7718
TXSD_DELTAE_SWEEP_20260115,36851,3316,14400,47.8,7718
TXSD_DELTAE_SWEEP_20260115,36861,3316,14400,47.8,7718
TXSD_DELTAE_SWEEP_20260115,36871,3316,14500,48.1,7718
TXSD_DELTAE_SWEEP_20260115,36881,3316,14400,47.8,7718
TXSD_DELTAE_SWEEP_20260115,36891,3316,14500,48.1,7718
TXSD_DELTAE_SWEEP_20260115,36901,3316,14500,48.1,7718
TXSD_DELTAE_SWEEP_20260115,36911,3316,14500,48.1,7718
TXSD_DELTAE_SWEEP_20260115,36921,3316,14400,47.8,7718
TXSD_DELTAE_SWEEP_20260115,36931,3316,14500,48.1,7718
TXSD_DELTAE_SWEEP_20260115,36941,3316,14400,47.8,7718
TXSD_DELTAE_SWEEP_20260115,36951,3316,14400,47.8,7718
TXSD_DELTAE_SWEEP_20260115,36961,3316,14400,47.8,7718
TXSD_DELTAE_SWEEP_20260115,36971,3316,14400,47.8,7718
TXSD_DELTAE_SWEEP_20260115,36981,3316,14500,48.1,7718
TXSD_DELTAE_SWEEP_20260115,36991,3316,14400,47.8,7718
TXSD_DELTAE_SWEEP_20260115,37001,3316,14400,47.8,7718
TXSD_DELTAE_SWEEP_20260115,37011,3316,14400,47.8,7718
TXSD_DELTAE_SWEEP_20260115,37021,3316,14400,47.8,7718
TXSD_DELTAE_SWEEP_20260115,37031,3316,14400,47.8,7718
TXSD_DELTAE_SWEEP_20260115,37041,3316,14700,48.7,7718
TXSD_DELTAE_SWEEP_20260115,37051,3316,14500,48.1,7718
TXSD_DELTAE_SWEEP_20260115,37061,3316,14500,48.1,7718
TXSD_DELTAE_SWEEP_20260115,37071,3316,14400,47.8,7718
TXSD_DELTAE_SWEEP_20260115,37081,3316,14500,48.1,7718
TXSD_DELTAE_SWEEP_20260115,37091,3316,14400,47.8,7718
TXSD_DELTAE_SWEEP_20260115,37101,3316,14400,47.8,7718
TXSD_DELTAE_SWEEP_20260115,37111,3316,14500,48.1,7718
TXSD_DELTAE_SWEEP_20260115,37121,3316,14400,47.8,7718
TXSD_DELTAE_SWEEP_20260115,37131,3316,14400,47.8,7718
TXSD_DELTAE_SWEEP_20260115,37141,3316,14400,47.8,7718
TXSD_DELTAE_SWEEP_20260115,37151,3316,14500,48.1,7718
TXSD_DELTAE_SWEEP_20260115,37161,3316,14500,48.1,7718
TXSD_DELTAE_SWEEP_20260115,37171,3316,14500,48.1,7718
TXSD_DELTAE_SWEEP_20260115,37181,3316,14400,47.8,7718
TXSD_DELTAE_SWEEP_20260115,37191,3316,14500,48.1,7718
TXSD_DELTAE_SWEEP_20260115,37201,3316,14400,47.8,7718
TXSD_DELTAE_SWEEP_20260115,37211,3316,14500,48.1,7718
TXSD_DELTAE_SWEEP_20260115,37221,3316,14400,47.8,7718
TXSD_DELTAE_SWEEP_20260115,37231,3316,14400,47.8,7718
TXSD_DELTAE_SWEEP_20260115,37241,3316,14400,47.8,7718
TXSD_DELTAE_SWEEP_20260115,37251,3316,14400,47.8,7718
TXSD_DELTAE_SWEEP_20260115,37261,3316,14300,47.4,7718
TXSD_DELTAE_SWEEP_20260115,37271,3316,14400,47.8,7718
TXSD_DELTAE_SWEEP_20260115,37281,3316,14400,47.8,7718
TXSD_DELTAE_SWEEP_20260115,37291,3316,14400,47.8,7718
TXSD_DELTAE_SWEEP_20260115,37301,3316,14400,47.8,7718
TXSD_DELTAE_SWEEP_20260115,37311,3316,14400,47.8,7718
TXSD_DELTAE_SWEEP_20260115,37321,3316,14500,48.1,7718
TXSD_DELTAE_SWEEP_20260115,37331,3316,14400,47.8,7718
TXSD_DELTAE_SWEEP_20260115,37341,3316,14500,48.1,7718
TXSD_DELTAE_SWEEP_20260115,37351,3316,14400,47.8,7718
TXSD_DELTAE_SWEEP_20260115,37361,3316,14500,48.1,7718
TXSD_DELTAE_SWEEP_20260115,37371,3316,14500,48.1,7718
TXSD_DELTAE_SWEEP_20260115,37381,3316,14400,47.8,7718
TXSD_DELTAE_SWEEP_20260115,37391,3316,14400,47.8,7718
TXSD_DELTAE_SWEEP_20260115,37401,3316,14400,47.8,7718
TXSD_DELTAE_SWEEP_20260115,37411,3316,14500,48.1,7718
TXSD_DELTAE_SWEEP_20260115,37421,3316,14400,47.8,7718
TXSD_DELTAE_SWEEP_20260115,37431,3316,14500,48.1,7718
TXSD_DELTAE_SWEEP_20260115,37441,3316,14400,47.8,7718
TXSD_DELTAE_SWEEP_20260115,37451,3316,14400,47.8,7718
TXSD_DELTAE_SWEEP_20260115,37461,3316,14500,48.1,7718
TXSD_DELTAE_SWEEP_20260115,37471,3316,14500,48.1,7718
TXSD_DELTAE_SWEEP_20260115,37481,3316,14500,48.1,7718
TXSD_DELTAE_SWEEP_20260115,37491,3316,14400,47.8,7718
TXSD_DELTAE_SWEEP_20260115,37501,3316,14400,47.8,7718
TXSD_DELTAE_SWEEP_20260115,37511,3316,14500,48.1,7718
TXSD_DELTAE_SWEEP_20260115,37521,3316,14500,48.1,7718
TXSD_DELTAE_SWEEP_20260115,37531,3316,14400,47.8,7718
TXSD_DELTAE_SWEEP_20260115,37541,3316,14500,48.1,7718
TXSD_DELTAE_SWEEP_20260115,37551,3316,14400,47.8,7718
TXSD_DELTAE_SWEEP_20260115,37561,3316,14500,48.1,7718
TXSD_DELTAE_SWEEP_20260115,37571,3316,14400,47.8,7718
TXSD_DELTAE_SWEEP_20260115,37581,3312,14400,47.7,7718
TXSD_DELTAE_SWEEP_20260115,37591,3316,14400,47.8,7718
TXSD_DELTAE_SWEEP_20260115,37601,3316,14400,47.8,7718
TXSD_DELTAE_SWEEP_20260115,37611,3316,14400,47.8,7718
TXSD_DELTAE_SWEEP_20260115,37621,3316,14500,48.1,7718
TXSD_DELTAE_SWEEP_20260115,37631,3316,14400,47.8,7718
TXSD_DELTAE_SWEEP_20260115,37641,3316,14400,47.8,7718
TXSD_DELTAE_SWEEP_20260115,37651,3316,14400,47.8,7718
TXSD_DELTAE_SWEEP_20260115,37661,3316,14500,48.1,7718
TXSD_DELTAE_SWEEP_20260115,37671,3316,14500,48.1,7718
TXSD_DELTAE_SWEEP_20260115,37681,3316,14400,47.8,7718
TXSD_DELTAE_SWEEP_20260115,37691,3316,14500,48.1,7718
TXSD_DELTAE_SWEEP_20260115,37701,3316,14400,47.8,7718
TXSD_DELTAE_SWEEP_20260115,37711,3316,14500,48.1,7718
TXSD_DELTAE_SWEEP_20260115,37721,3316,14500,48.1,7718
TXSD_DELTAE_SWEEP_20260115,37731,3316,14500,48.1,7718
TXSD_DELTAE_SWEEP_20260115,37741,3316,14400,47.8,7718
TXSD_DELTAE_SWEEP_20260115,37751,3316,14500,48.1,7718
TXSD_DELTAE_SWEEP_20260115,37761,3316,14400,47.8,7718
TXSD_DELTAE_SWEEP_20260115,37771,3316,14500,48.1,7718
TXSD_DELTAE_SWEEP_20260115,37781,3316,14400,47.8,7718
TXSD_DELTAE_SWEEP_20260115,37791,3316,14400,47.8,7718
TXSD_DELTAE_SWEEP_20260115,37801,3316,14400,47.8,7719
TXSD_DELTAE_SWEEP_20260115,37811,3316,14400,47.8,7719
TXSD_DELTAE_SWEEP_20260115,37821,3316,14500,48.1,7719
TXSD_DELTAE_SWEEP_20260115,37831,3316,14500,48.1,7719
TXSD_DELTAE_SWEEP_20260115,37841,3316,14400,47.8,7719
TXSD_DELTAE_SWEEP_20260115,37851,3316,14400,47.8,7719
TXSD_DELTAE_SWEEP_20260115,37861,3316,14500,48.1,7719
TXSD_DELTAE_SWEEP_20260115,37871,3316,14500,48.1,7719
TXSD_DELTAE_SWEEP_20260115,37881,3316,14400,47.8,7719
TXSD_DELTAE_SWEEP_20260115,37891,3316,14400,47.8,7719
TXSD_DELTAE_SWEEP_20260115,37901,3316,14400,47.8,7719
TXSD_DELTAE_SWEEP_20260115,37911,3316,14400,47.8,7719
TXSD_DELTAE_SWEEP_20260115,37921,3316,14500,48.1,7719
TXSD_DELTAE_SWEEP_20260115,37931,3316,14400,47.8,7719
TXSD_DELTAE_SWEEP_20260115,37941,3316,14400,47.8,7719
TXSD_DELTAE_SWEEP_20260115,37951,3316,14500,48.1,7719
TXSD_DELTAE_SWEEP_20260115,37961,3316,14400,47.8,7719
TXSD_DELTAE_SWEEP_20260115,37971,3316,14500,48.1,7719
TXSD_DELTAE_SWEEP_20260115,37981,3316,14400,47.8,7719
TXSD_DELTAE_SWEEP_20260115,37991,3316,14400,47.8,7719
TXSD_DELTAE_SWEEP_20260115,38001,3316,14400,47.8,7719
TXSD_DELTAE_SWEEP_20260115,38011,3316,14400,47.8,7719
TXSD_DELTAE_SWEEP_20260115,38021,3316,14400,47.8,7719
TXSD_DELTAE_SWEEP_20260115,38031,3316,14500,48.1,7719
TXSD_DELTAE_SWEEP_20260115,38041,3316,14400,47.8,7719
TXSD_DELTAE_SWEEP_20260115,38051,3316,14500,48.1,7719
TXSD_DELTAE_SWEEP_20260115,38061,3316,14400,47.8,7719
TXSD_DELTAE_SWEEP_20260115,38071,3316,14500,48.1,7719
TXSD_DELTAE_SWEEP_20260115,38081,3316,14400,47.8,7719
TXSD_DELTAE_SWEEP_20260115,38091,3316,14400,47.8,7719
TXSD_DELTAE_SWEEP_20260115,38101,3316,14400,47.8,7719
TXSD_DELTAE_SWEEP_20260115,38111,3316,14400,47.8,7719
TXSD_DELTAE_SWEEP_20260115,38121,3316,14500,48.1,7719
TXSD_DELTAE_SWEEP_20260115,38131,3316,14400,47.8,7719
TXSD_DELTAE_SWEEP_20260115,38141,3316,14400,47.8,7719
TXSD_DELTAE_SWEEP_20260115,38151,3316,14400,47.8,7719
TXSD_DELTAE_SWEEP_20260115,38161,3316,14400,47.8,7719
TXSD_DELTAE_SWEEP_20260115,38171,3316,14500,48.1,7719
TXSD_DELTAE_SWEEP_20260115,38181,3316,14500,48.1,7719
TXSD_DELTAE_SWEEP_20260115,38191,3316,14400,47.8,7719
TXSD_DELTAE_SWEEP_20260115,38201,3316,14400,47.8,7719
TXSD_DELTAE_SWEEP_20260115,38211,3316,14400,47.8,7719
TXSD_DELTAE_SWEEP_20260115,38221,3316,14500,48.1,7719
TXSD_DELTAE_SWEEP_20260115,38231,3316,14500,48.1,7719
TXSD_DELTAE_SWEEP_20260115,38241,3316,14400,47.8,7719
TXSD_DELTAE_SWEEP_20260115,38251,3316,14400,47.8,7719
TXSD_DELTAE_SWEEP_20260115,38261,3316,14400,47.8,7719
TXSD_DELTAE_SWEEP_20260115,38271,3316,14400,47.8,7719
TXSD_DELTAE_SWEEP_20260115,38281,3316,14400,47.8,7719
TXSD_DELTAE_SWEEP_20260115,38291,3316,14500,48.1,7719
TXSD_DELTAE_SWEEP_20260115,38301,3316,14400,47.8,7719
TXSD_DELTAE_SWEEP_20260115,38311,3316,14400,47.8,7719
TXSD_DELTAE_SWEEP_20260115,38321,3316,14400,47.8,7719
TXSD_DELTAE_SWEEP_20260115,38331,3316,14400,47.8,7719
TXSD_DELTAE_SWEEP_20260115,38341,3316,14400,47.8,7719
TXSD_DELTAE_SWEEP_20260115,38351,3316,14500,48.1,7719
TXSD_DELTAE_SWEEP_20260115,38361,3316,14400,47.8,7719
TXSD_DELTAE_SWEEP_20260115,38371,3316,14500,48.1,7719
TXSD_DELTAE_SWEEP_20260115,38381,3316,14400,47.8,7719
TXSD_DELTAE_SWEEP_20260115,38391,3316,14400,47.8,7719
TXSD_DELTAE_SWEEP_20260115,38401,3316,14400,47.8,7719
TXSD_DELTAE_SWEEP_20260115,38411,3316,14400,47.8,7719
TXSD_DELTAE_SWEEP_20260115,38421,3316,14400,47.8,7719
TXSD_DELTAE_SWEEP_20260115,38431,3316,14400,47.8,7719
TXSD_DELTAE_SWEEP_20260115,38441,3312,14400,47.7,7719
TXSD_DELTAE_SWEEP_20260115,38451,3320,14300,47.5,7719
TXSD_DELTAE_SWEEP_20260115,38461,3316,14500,48.1,7719
TXSD_DELTAE_SWEEP_20260115,38471,3316,14400,47.8,7719
TXSD_DELTAE_SWEEP_20260115,38481,3316,14400,47.8,7719
TXSD_DELTAE_SWEEP_20260115,38491,3316,14400,47.8,7719
TXSD_DELTAE_SWEEP_20260115,38501,3316,14400,47.8,7719
TXSD_DELTAE_SWEEP_20260115,38511,3316,14400,47.8,7719
TXSD_DELTAE_SWEEP_20260115,38521,3316,14500,48.1,7719
TXSD_DELTAE_SWEEP_20260115,38531,3316,14400,47.8,7719
TXSD_DELTAE_SWEEP_20260115,38541,3316,14400,47.8,7719
TXSD_DELTAE_SWEEP_20260115,38551,3316,14400,47.8,7719
TXSD_DELTAE_SWEEP_20260115,38561,3316,14400,47.8,7719
TXSD_DELTAE_SWEEP_20260115,38571,3316,14400,47.8,7719
TXSD_DELTAE_SWEEP_20260115,38581,3316,14400,47.8,7719
TXSD_DELTAE_SWEEP_20260115,38591,3316,14400,47.8,7719
TXSD_DELTAE_SWEEP_20260115,38601,3316,14400,47.8,7719
TXSD_DELTAE_SWEEP_20260115,38611,3316,14400,47.8,7719
TXSD_DELTAE_SWEEP_20260115,38621,3316,14400,47.8,7719
TXSD_DELTAE_SWEEP_20260115,38631,3316,14300,47.4,7719
TXSD_DELTAE_SWEEP_20260115,38641,3316,14400,47.8,7719
TXSD_DELTAE_SWEEP_20260115,38651,3316,14500,48.1,7719
TXSD_DELTAE_SWEEP_20260115,38661,3316,14400,47.8,7719
TXSD_DELTAE_SWEEP_20260115,38671,3316,14500,48.1,7719
TXSD_DELTAE_SWEEP_20260115,38681,3316,14400,47.8,7719
TXSD_DELTAE_SWEEP_20260115,38691,3316,14400,47.8,7719
TXSD_DELTAE_SWEEP_20260115,38701,3316,14400,47.8,7719
TXSD_DELTAE_SWEEP_20260115,38711,3316,14400,47.8,7719
TXSD_DELTAE_SWEEP_20260115,38721,3316,14400,47.8,7719
TXSD_DELTAE_SWEEP_20260115,38731,3312,14400,47.7,7719
TXSD_DELTAE_SWEEP_20260115,38741,3316,14400,47.8,7719
TXSD_DELTAE_SWEEP_20260115,38751,3316,14400,47.8,7719
TXSD_DELTAE_SWEEP_20260115,38761,3316,14400,47.8,7719
TXSD_DELTAE_SWEEP_20260115,38771,3316,14400,47.8,7719
TXSD_DELTAE_SWEEP_20260115,38781,3316,14400,47.8,7719
TXSD_DELTAE_SWEEP_20260115,38791,3316,14400,47.8,7719
TXSD_DELTAE_SWEEP_20260115,38801,3316,14500,48.1,7720
TXSD_DELTAE_SWEEP_20260115,38811,3316,14400,47.8,7720
TXSD_DELTAE_SWEEP_20260115,38821,3316,14400,47.8,7720
TXSD_DELTAE_SWEEP_20260115,38831,3316,14400,47.8,7720
TXSD_DELTAE_SWEEP_20260115,38841,3316,14400,47.8,7720
TXSD_DELTAE_SWEEP_20260115,38851,3316,14400,47.8,7720
TXSD_DELTAE_SWEEP_20260115,38861,3316,14400,47.8,7720
TXSD_DELTAE_SWEEP_20260115,38871,3316,14400,47.8,7720
TXSD_DELTAE_SWEEP_20260115,38881,3316,14400,47.8,7720
TXSD_DELTAE_SWEEP_20260115,38891,3316,14400,47.8,7720
TXSD_DELTAE_SWEEP_20260115,38901,3316,14400,47.8,7720
TXSD_DELTAE_SWEEP_20260115,38911,3316,14500,48.1,7720
TXSD_DELTAE_SWEEP_20260115,38921,3316,14500,48.1,7720
TXSD_DELTAE_SWEEP_20260115,38931,3316,14500,48.1,7720
TXSD_DELTAE_SWEEP_20260115,38941,3316,14400,47.8,7720
TXSD_DELTAE_SWEEP_20260115,38951,3316,14400,47.8,7720
TXSD_DELTAE_SWEEP_20260115,38961,3316,14400,47.8,7720
TXSD_DELTAE_SWEEP_20260115,38971,3316,14500,48.1,7720
TXSD_DELTAE_SWEEP_20260115,38981,3316,14400,47.8,7720
TXSD_DELTAE_SWEEP_20260115,38991,3316,14400,47.8,7720
TXSD_DELTAE_SWEEP_20260115,39001,3316,14400,47.8,7720
TXSD_DELTAE_SWEEP_20260115,39011,3316,14400,47.8,7720
TXSD_DELTAE_SWEEP_20260115,39021,3316,14400,47.8,7720
TXSD_DELTAE_SWEEP_20260115,39031,3316,14400,47.8,7720
TXSD_DELTAE_SWEEP_20260115,39041,3316,14500,48.1,7720
TXSD_DELTAE_SWEEP_20260115,39051,3316,14400,47.8,7720
TXSD_DELTAE_SWEEP_20260115,39061,3316,14500,48.1,7720
TXSD_DELTAE_SWEEP_20260115,39071,3316,14400,47.8,7720
TXSD_DELTAE_SWEEP_20260115,39081,3316,14400,47.8,7720
TXSD_DELTAE_SWEEP_20260115,39091,3316,14300,47.4,7720
TXSD_DELTAE_SWEEP_20260115,39101,3316,14400,47.8,7720
TXSD_DELTAE_SWEEP_20260115,39111,3316,14400,47.8,7720
TXSD_DELTAE_SWEEP_20260115,39121,3316,14400,47.8,7720
TXSD_DELTAE_SWEEP_20260115,39131,3316,14400,47.8,7720
TXSD_DELTAE_SWEEP_20260115,39141,3316,14400,47.8,7720
TXSD_DELTAE_SWEEP_20260115,39151,3316,14300,47.4,7720
TXSD_DELTAE_SWEEP_20260115,39161,3316,14400,47.8,7720
TXSD_DELTAE_SWEEP_20260115,39171,3316,14400,47.8,7720
TXSD_DELTAE_SWEEP_20260115,39181,3316,14400,47.8,7720
TXSD_DELTAE_SWEEP_20260115,39191,3316,14400,47.8,7720
TXSD_DELTAE_SWEEP_20260115,39201,3316,14400,47.8,7720
TXSD_DELTAE_SWEEP_20260115,39211,3316,14500,48.1,7720
TXSD_DELTAE_SWEEP_20260115,39221,3316,14400,47.8,7720
TXSD_DELTAE_SWEEP_20260115,39231,3316,14400,47.8,7720
TXSD_DELTAE_SWEEP_20260115,39241,3316,14400,47.8,7720
TXSD_DELTAE_SWEEP_20260115,39251,3316,14400,47.8,7720
TXSD_DELTAE_SWEEP_20260115,39261,3316,14400,47.8,7720
TXSD_DELTAE_SWEEP_20260115,39271,3316,14400,47.8,7720
TXSD_DELTAE_SWEEP_20260115,39281,3316,14500,48.1,7720
TXSD_DELTAE_SWEEP_20260115,39291,3316,14400,47.8,7720
TXSD_DELTAE_SWEEP_20260115,39301,3316,14400,47.8,7720
TXSD_DELTAE_SWEEP_20260115,39311,3316,14300,47.4,7720
TXSD_DELTAE_SWEEP_20260115,39321,3316,14400,47.8,7720
TXSD_DELTAE_SWEEP_20260115,39331,3316,14400,47.8,7720
TXSD_DELTAE_SWEEP_20260115,39341,3316,14400,47.8,7720
TXSD_DELTAE_SWEEP_20260115,39351,3316,14400,47.8,7720
TXSD_DELTAE_SWEEP_20260115,39361,3316,14400,47.8,7720
TXSD_DELTAE_SWEEP_20260115,39371,3316,14400,47.8,7720
TXSD_DELTAE_SWEEP_20260115,39381,3316,14400,47.8,7720
TXSD_DELTAE_SWEEP_20260115,39391,3316,14400,47.8,7720
TXSD_DELTAE_SWEEP_20260115,39401,3316,14400,47.8,7720
TXSD_DELTAE_SWEEP_20260115,39411,3316,14400,47.8,7720
TXSD_DELTAE_SWEEP_20260115,39421,3316,14400,47.8,7720
TXSD_DELTAE_SWEEP_20260115,39431,3316,14400,47.8,7720
TXSD_DELTAE_SWEEP_20260115,39441,3316,14400,47.8,7720
TXSD_DELTAE_SWEEP_20260115,39451,3316,14400,47.8,7720
TXSD_DELTAE_SWEEP_20260115,39461,3316,14400,47.8,7720
TXSD_DELTAE_SWEEP_20260115,39471,3316,14500,48.1,7720
TXSD_DELTAE_SWEEP_20260115,39481,3316,14400,47.8,7720
TXSD_DELTAE_SWEEP_20260115,39491,3316,14400,47.8,7720
TXSD_DELTAE_SWEEP_20260115,39501,3316,14300,47.4,7720
TXSD_DELTAE_SWEEP_20260115,39511,3316,14500,48.1,7720
TXSD_DELTAE_SWEEP_20260115,39521,3316,14400,47.8,7720
TXSD_DELTAE_SWEEP_20260115,39531,3316,14400,47.8,7720
TXSD_DELTAE_SWEEP_20260115,39541,3316,14400,47.8,7720
TXSD_DELTAE_SWEEP_20260115,39551,3316,14400,47.8,7720
TXSD_DELTAE_SWEEP_20260115,39561,3316,14400,47.8,7720
TXSD_DELTAE_SWEEP_20260115,39571,3316,14400,47.8,7720
TXSD_DELTAE_SWEEP_20260115,39581,3316,14500,48.1,7720
TXSD_DELTAE_SWEEP_20260115,39591,3316,14400,47.8,7720
TXSD_DELTAE_SWEEP_20260115,39601,3316,14400,47.8,7720
TXSD_DELTAE_SWEEP_20260115,39611,3316,14500,48.1,7720
TXSD_DELTAE_SWEEP_20260115,39621,3316,14400,47.8,7720
TXSD_DELTAE_SWEEP_20260115,39631,3312,14400,47.7,7720
TXSD_DELTAE_SWEEP_20260115,39641,3316,14400,47.8,7720
TXSD_DELTAE_SWEEP_20260115,39651,3316,14500,48.1,7720
TXSD_DELTAE_SWEEP_20260115,39661,3316,14500,48.1,7720
TXSD_DELTAE_SWEEP_20260115,39671,3316,14400,47.8,7720
TXSD_DELTAE_SWEEP_20260115,39681,3316,14400,47.8,7720
TXSD_DELTAE_SWEEP_20260115,39691,3316,14400,47.8,7720
TXSD_DELTAE_SWEEP_20260115,39701,3312,14400,47.7,7720
TXSD_DELTAE_SWEEP_20260115,39711,3316,14500,48.1,7720
TXSD_DELTAE_SWEEP_20260115,39721,3316,14400,47.8,7720
TXSD_DELTAE_SWEEP_20260115,39731,3316,14400,47.8,7720
TXSD_DELTAE_SWEEP_20260115,39741,3316,14400,47.8,7720
TXSD_DELTAE_SWEEP_20260115,39751,3316,14400,47.8,7720
TXSD_DELTAE_SWEEP_20260115,39761,3316,14500,48.1,7720
TXSD_DELTAE_SWEEP_20260115,39771,3316,14400,47.8,7720
TXSD_DELTAE_SWEEP_20260115,39781,3316,14400,47.8,7720
TXSD_DELTAE_SWEEP_20260115,39791,3316,14500,48.1,7720
TXSD_DELTAE_SWEEP_20260115,39801,3316,14400,47.8,7721
TXSD_DELTAE_SWEEP_20260115,39811,3316,14400,47.8,7721
TXSD_DELTAE_SWEEP_20260115,39821,3316,14500,48.1,7721
TXSD_DELTAE_SWEEP_20260115,39831,3316,14500,48.1,7721
TXSD_DELTAE_SWEEP_20260115,39841,3316,14400,47.8,7721
TXSD_DELTAE_SWEEP_20260115,39851,3316,14300,47.4,7721
TXSD_DELTAE_SWEEP_20260115,39861,3316,14400,47.8,7721
TXSD_DELTAE_SWEEP_20260115,39871,3316,14400,47.8,7721
TXSD_DELTAE_SWEEP_20260115,39881,3316,14500,48.1,7721
TXSD_DELTAE_SWEEP_20260115,39891,3316,14400,47.8,7721
TXSD_DELTAE_SWEEP_20260115,39901,3316,14500,48.1,7721
TXSD_DELTAE_SWEEP_20260115,39911,3312,14500,48.0,7721
TXSD_DELTAE_SWEEP_20260115,39921,3316,14500,48.1,7721
TXSD_DELTAE_SWEEP_20260115,39931,3316,14400,47.8,7721
TXSD_DELTAE_SWEEP_20260115,39941,3316,14400,47.8,7721
TXSD_DELTAE_SWEEP_20260115,39951,3316,14400,47.8,7721
TXSD_DELTAE_SWEEP_20260115,39961,3316,14400,47.8,7721
TXSD_DELTAE_SWEEP_20260115,39971,3316,14400,47.8,7721
TXSD_DELTAE_SWEEP_20260115,39981,3316,14500,48.1,7721
TXSD_DELTAE_SWEEP_20260115,39991,3316,14400,47.8,7721
TXSD_DELTAE_SWEEP_20260115,40001,3316,14300,47.4,7721
TXSD_DELTAE_SWEEP_20260115,40011,3316,14500,48.1,7721
TXSD_DELTAE_SWEEP_20260115,40021,3316,14400,47.8,7721
TXSD_DELTAE_SWEEP_20260115,40031,3316,14400,47.8,7721
TXSD_DELTAE_SWEEP_20260115,40041,3316,14400,47.8,7721
TXSD_DELTAE_SWEEP_20260115,40051,3316,14700,48.7,7721
TXSD_DELTAE_SWEEP_20260115,40061,3316,14400,47.8,7721
TXSD_DELTAE_SWEEP_20260115,40071,3316,14400,47.8,7721
TXSD_DELTAE_SWEEP_20260115,40081,3316,14500,48.1,7721
TXSD_DELTAE_SWEEP_20260115,40091,3316,14400,47.8,7721
TXSD_DELTAE_SWEEP_20260115,40101,3316,14400,47.8,7721
TXSD_DELTAE_SWEEP_20260115,40111,3316,14400,47.8,7721
TXSD_DELTAE_SWEEP_20260115,40121,3316,14400,47.8,7721
TXSD_DELTAE_SWEEP_20260115,40131,3312,14400,47.7,7721
TXSD_DELTAE_SWEEP_20260115,40141,3316,14400,47.8,7721
TXSD_DELTAE_SWEEP_20260115,40151,3316,14400,47.8,7721
TXSD_DELTAE_SWEEP_20260115,40161,3316,14400,47.8,7721
TXSD_DELTAE_SWEEP_20260115,40171,3316,14400,47.8,7721
TXSD_DELTAE_SWEEP_20260115,40181,3316,14400,47.8,7721
TXSD_DELTAE_SWEEP_20260115,40191,3316,14400,47.8,7721
TXSD_DELTAE_SWEEP_20260115,40201,3316,14500,48.1,7721
TXSD_DELTAE_SWEEP_20260115,40211,3316,14400,47.8,7721
TXSD_DELTAE_SWEEP_20260115,40221,3316,14400,47.8,7721
TXSD_DELTAE_SWEEP_20260115,40231,3316,14400,47.8,7721
TXSD_DELTAE_SWEEP_20260115,40241,3316,14400,47.8,7721
TXSD_DELTAE_SWEEP_20260115,40251,3316,14400,47.8,7721
TXSD_DELTAE_SWEEP_20260115,40261,3316,14400,47.8,7721
TXSD_DELTAE_SWEEP_20260115,40271,3316,14400,47.8,7721
TXSD_DELTAE_SWEEP_20260115,40281,3316,14400,47.8,7721
TXSD_DELTAE_SWEEP_20260115,40291,3316,14400,47.8,7721
TXSD_DELTAE_SWEEP_20260115,40301,3316,14400,47.8,7721
TXSD_DELTAE_SWEEP_20260115,40311,3316,14400,47.8,7721
TXSD_DELTAE_SWEEP_20260115,40321,3316,14400,47.8,7721
TXSD_DELTAE_SWEEP_20260115,40331,3316,14500,48.1,7721
TXSD_DELTAE_SWEEP_20260115,40341,3316,14400,47.8,7721
TXSD_DELTAE_SWEEP_20260115,40351,3316,14500,48.1,7721
TXSD_DELTAE_SWEEP_20260115,40361,3316,14400,47.8,7721
TXSD_DELTAE_SWEEP_20260115,40371,3316,14500,48.1,7721
TXSD_DELTAE_SWEEP_20260115,40381,3316,14400,47.8,7721
TXSD_DELTAE_SWEEP_20260115,40391,3316,14400,47.8,7721
TXSD_DELTAE_SWEEP_20260115,40401,3316,14400,47.8,7721
TXSD_DELTAE_SWEEP_20260115,40411,3316,14500,48.1,7721
TXSD_DELTAE_SWEEP_20260115,40421,3316,14400,47.8,7721
TXSD_DELTAE_SWEEP_20260115,40431,3316,14400,47.8,7721
TXSD_DELTAE_SWEEP_20260115,40441,3316,14300,47.4,7721
TXSD_DELTAE_SWEEP_20260115,40451,3316,14400,47.8,7721
TXSD_DELTAE_SWEEP_20260115,40461,3316,14400,47.8,7721
TXSD_DELTAE_SWEEP_20260115,40471,3316,14400,47.8,7721
TXSD_DELTAE_SWEEP_20260115,40481,3316,14400,47.8,7721
TXSD_DELTAE_SWEEP_20260115,40491,3316,14400,47.8,7721
TXSD_DELTAE_SWEEP_20260115,40501,3316,14400,47.8,7721
TXSD_DELTAE_SWEEP_20260115,40511,3316,14400,47.8,7721
TXSD_DELTAE_SWEEP_20260115,40521,3316,14500,48.1,7721
TXSD_DELTAE_SWEEP_20260115,40531,3316,14400,47.8,7721
TXSD_DELTAE_SWEEP_20260115,40541,3316,14400,47.8,7721
TXSD_DELTAE_SWEEP_20260115,40551,3316,14400,47.8,7721
TXSD_DELTAE_SWEEP_20260115,40561,3316,14400,47.8,7721
TXSD_DELTAE_SWEEP_20260115,40571,3316,14500,48.1,7721
TXSD_DELTAE_SWEEP_20260115,40581,3316,14400,47.8,7721
TXSD_DELTAE_SWEEP_20260115,40591,3316,14400,47.8,7721
TXSD_DELTAE_SWEEP_20260115,40601,3316,14400,47.8,7721
TXSD_DELTAE_SWEEP_20260115,40611,3316,14500,48.1,7721
TXSD_DELTAE_SWEEP_20260115,40621,3316,14300,47.4,7721
TXSD_DELTAE_SWEEP_20260115,40631,3316,14400,47.8,7721
TXSD_DELTAE_SWEEP_20260115,40641,3316,14400,47.8,7721
TXSD_DELTAE_SWEEP_20260115,40651,3316,14500,48.1,7721
TXSD_DELTAE_SWEEP_20260115,40661,3316,14400,47.8,7721
TXSD_DELTAE_SWEEP_20260115,40671,3316,14400,47.8,7721
TXSD_DELTAE_SWEEP_20260115,40681,3316,14400,47.8,7721
TXSD_DELTAE_SWEEP_20260115,40691,3316,14400,47.8,7721
TXSD_DELTAE_SWEEP_20260115,40701,3316,14500,48.1,7721
TXSD_DELTAE_SWEEP_20260115,40711,3316,14400,47.8,7721
TXSD_DELTAE_SWEEP_20260115,40721,3316,14500,48.1,7721
TXSD_DELTAE_SWEEP_20260115,40731,3316,14400,47.8,7721
TXSD_DELTAE_SWEEP_20260115,40741,3316,14400,47.8,7721
TXSD_DELTAE_SWEEP_20260115,40751,3316,14400,47.8,7721
TXSD_DELTAE_SWEEP_20260115,40761,3316,14400,47.8,7721
TXSD_DELTAE_SWEEP_20260115,40771,3316,14400,47.8,7721
TXSD_DELTAE_SWEEP_20260115,40781,3316,14500,48.1,7721
TXSD_DELTAE_SWEEP_20260115,40791,3316,14300,47.4,7721
TXSD_DELTAE_SWEEP_20260115,40801,3316,14500,48.1,7722
TXSD_DELTAE_SWEEP_20260115,40811,3316,14400,47.8,7722
TXSD_DELTAE_SWEEP_20260115,40821,3316,14400,47.8,7722
TXSD_DELTAE_SWEEP_20260115,40831,3316,14400,47.8,7722
TXSD_DELTAE_SWEEP_20260115,40841,3316,14400,47.8,7722
TXSD_DELTAE_SWEEP_20260115,40851,3316,14500,48.1,7722
TXSD_DELTAE_SWEEP_20260115,40861,3316,14500,48.1,7722
TXSD_DELTAE_SWEEP_20260115,40871,3316,14500,48.1,7722
TXSD_DELTAE_SWEEP_20260115,40881,3316,14300,47.4,7722
TXSD_DELTAE_SWEEP_20260115,40891,3316,14500,48.1,7722
TXSD_DELTAE_SWEEP_20260115,40901,3316,14400,47.8,7722
TXSD_DELTAE_SWEEP_20260115,40911,3316,14500,48.1,7722
TXSD_DELTAE_SWEEP_20260115,40921,3316,14400,47.8,7722
TXSD_DELTAE_SWEEP_20260115,40931,3316,14400,47.8,7722
TXSD_DELTAE_SWEEP_20260115,40941,3316,14400,47.8,7722
TXSD_DELTAE_SWEEP_20260115,40951,3316,14500,48.1,7722
TXSD_DELTAE_SWEEP_20260115,40961,3316,14400,47.8,7722
TXSD_DELTAE_SWEEP_20260115,40971,3316,14400,47.8,7722
TXSD_DELTAE_SWEEP_20260115,40981,3316,14400,47.8,7722
TXSD_DELTAE_SWEEP_20260115,40991,3316,14400,47.8,7722
TXSD_DELTAE_SWEEP_20260115,41001,3316,14500,48.1,7722
TXSD_DELTAE_SWEEP_20260115,41011,3316,14400,47.8,7722
TXSD_DELTAE_SWEEP_20260115,41021,3316,14400,47.8,7722
TXSD_DELTAE_SWEEP_20260115,41031,3316,14400,47.8,7722
TXSD_DELTAE_SWEEP_20260115,41041,3316,14500,48.1,7722
TXSD_DELTAE_SWEEP_20260115,41051,3316,14400,47.8,7722
TXSD_DELTAE_SWEEP_20260115,41061,3316,14500,48.1,7722
TXSD_DELTAE_SWEEP_20260115,41071,3316,14400,47.8,7722
TXSD_DELTAE_SWEEP_20260115,41081,3316,14400,47.8,7722
TXSD_DELTAE_SWEEP_20260115,41091,3316,14400,47.8,7722
TXSD_DELTAE_SWEEP_20260115,41101,3316,14400,47.8,7722
TXSD_DELTAE_SWEEP_20260115,41111,3316,14400,47.8,7722
TXSD_DELTAE_SWEEP_20260115,41121,3312,14400,47.7,7722
TXSD_DELTAE_SWEEP_20260115,41131,3316,14400,47.8,7722
TXSD_DELTAE_SWEEP_20260115,41141,3316,14400,47.8,7722
TXSD_DELTAE_SWEEP_20260115,41151,3316,14500,48.1,7722
TXSD_DELTAE_SWEEP_20260115,41161,3316,14400,47.8,7722
TXSD_DELTAE_SWEEP_20260115,41171,3316,14400,47.8,7722
TXSD_DELTAE_SWEEP_20260115,41181,3316,14400,47.8,7722
TXSD_DELTAE_SWEEP_20260115,41191,3316,14500,48.1,7722
TXSD_DELTAE_SWEEP_20260115,41201,3316,14400,47.8,7722
TXSD_DELTAE_SWEEP_20260115,41211,3316,14500,48.1,7722
TXSD_DELTAE_SWEEP_20260115,41221,3316,14400,47.8,7722
TXSD_DELTAE_SWEEP_20260115,41231,3316,14400,47.8,7722
TXSD_DELTAE_SWEEP_20260115,41241,3316,14400,47.8,7722
TXSD_DELTAE_SWEEP_20260115,41251,3316,14400,47.8,7722
TXSD_DELTAE_SWEEP_20260115,41261,3316,14400,47.8,7722
TXSD_DELTAE_SWEEP_20260115,41271,3316,14500,48.1,7722
TXSD_DELTAE_SWEEP_20260115,41281,3316,14400,47.8,7722
TXSD_DELTAE_SWEEP_20260115,41291,3316,14400,47.8,7722
TXSD_DELTAE_SWEEP_20260115,41301,3316,14400,47.8,7722
TXSD_DELTAE_SWEEP_20260115,41311,3316,14400,47.8,7722
TXSD_DELTAE_SWEEP_20260115,41321,3316,14500,48.1,7722
TXSD_DELTAE_SWEEP_20260115,41331,3316,14400,47.8,7722
TXSD_DELTAE_SWEEP_20260115,41341,3316,14400,47.8,7722
TXSD_DELTAE_SWEEP_20260115,41351,3316,14400,47.8,7722
TXSD_DELTAE_SWEEP_20260115,41361,3316,14400,47.8,7722
TXSD_DELTAE_SWEEP_20260115,41371,3316,14500,48.1,7722
TXSD_DELTAE_SWEEP_20260115,41381,3316,14500,48.1,7722
TXSD_DELTAE_SWEEP_20260115,41391,3316,14500,48.1,7722
TXSD_DELTAE_SWEEP_20260115,41401,3316,14400,47.8,7722
TXSD_DELTAE_SWEEP_20260115,41411,3316,14500,48.1,7722
TXSD_DELTAE_SWEEP_20260115,41421,3316,14400,47.8,7722
TXSD_DELTAE_SWEEP_20260115,41431,3316,14500,48.1,7722
TXSD_DELTAE_SWEEP_20260115,41441,3316,14400,47.8,7722
TXSD_DELTAE_SWEEP_20260115,41451,3316,14400,47.8,7722
TXSD_DELTAE_SWEEP_20260115,41461,3316,14500,48.1,7722
TXSD_DELTAE_SWEEP_20260115,41471,3316,14400,47.8,7722
TXSD_DELTAE_SWEEP_20260115,41481,3316,14400,47.8,7722
TXSD_DELTAE_SWEEP_20260115,41491,3316,14400,47.8,7722
TXSD_DELTAE_SWEEP_20260115,41501,3316,14400,47.8,7722
TXSD_DELTAE_SWEEP_20260115,41511,3316,14400,47.8,7722
TXSD_DELTAE_SWEEP_20260115,41521,3312,14300,47.4,7722
TXSD_DELTAE_SWEEP_20260115,41531,3316,14400,47.8,7722
TXSD_DELTAE_SWEEP_20260115,41541,3316,14500,48.1,7722
TXSD_DELTAE_SWEEP_20260115,41551,3316,14400,47.8,7722
TXSD_DELTAE_SWEEP_20260115,41561,3316,14400,47.8,7722
TXSD_DELTAE_SWEEP_20260115,41571,3316,14400,47.8,7722
TXSD_DELTAE_SWEEP_20260115,41581,3316,14400,47.8,7722
TXSD_DELTAE_SWEEP_20260115,41591,3316,14400,47.8,7722
TXSD_DELTAE_SWEEP_20260115,41601,3316,14500,48.1,7722
TXSD_DELTAE_SWEEP_20260115,41611,3316,14400,47.8,7722
TXSD_DELTAE_SWEEP_20260115,41621,3316,14500,48.1,7722
TXSD_DELTAE_SWEEP_20260115,41631,3316,14400,47.8,7722
TXSD_DELTAE_SWEEP_20260115,41641,3316,14500,48.1,7722
TXSD_DELTAE_SWEEP_20260115,41651,3316,14400,47.8,7722
TXSD_DELTAE_SWEEP_20260115,41661,3316,14500,48.1,7722
TXSD_DELTAE_SWEEP_20260115,41671,3316,14500,48.1,7722
TXSD_DELTAE_SWEEP_20260115,41681,3316,14400,47.8,7722
TXSD_DELTAE_SWEEP_20260115,41691,3316,14400,47.8,7722
TXSD_DELTAE_SWEEP_20260115,41701,3316,14400,47.8,7722
TXSD_DELTAE_SWEEP_20260115,41711,3316,14400,47.8,7722
TXSD_DELTAE_SWEEP_20260115,41721,3316,14400,47.8,7722
TXSD_DELTAE_SWEEP_20260115,41731,3316,14400,47.8,7722
TXSD_DELTAE_SWEEP_20260115,41741,3316,14400,47.8,7722
TXSD_DELTAE_SWEEP_20260115,41751,3316,14400,47.8,7722
TXSD_DELTAE_SWEEP_20260115,41761,3316,14400,47.8,7722
TXSD_DELTAE_SWEEP_20260115,41771,3316,14400,47.8,7722
TXSD_DELTAE_SWEEP_20260115,41781,3316,14400,47.8,7722
TXSD_DELTAE_SWEEP_20260115,41791,3316,14400,47.8,7722
TXSD_DELTAE_SWEEP_20260115,41801,3316,14400,47.8,7723
TXSD_DELTAE_SWEEP_20260115,41811,3316,14500,48.1,7723
TXSD_DELTAE_SWEEP_20260115,41821,3316,14400,47.8,7723
TXSD_DELTAE_SWEEP_20260115,41831,3316,14400,47.8,7723
TXSD_DELTAE_SWEEP_20260115,41841,3316,14400,47.8,7723
TXSD_DELTAE_SWEEP_20260115,41851,3316,14300,47.4,7723
TXSD_DELTAE_SWEEP_20260115,41861,3316,14400,47.8,7723
TXSD_DELTAE_SWEEP_20260115,41871,3316,14400,47.8,7723
TXSD_DELTAE_SWEEP_20260115,41881,3316,14400,47.8,7723
TXSD_DELTAE_SWEEP_20260115,41891,3316,14400,47.8,7723
TXSD_DELTAE_SWEEP_20260115,41901,3316,14600,48.4,7723
TXSD_DELTAE_SWEEP_20260115,41911,3316,14500,48.1,7723
TXSD_DELTAE_SWEEP_20260115,41921,3316,14400,47.8,7723
TXSD_DELTAE_SWEEP_20260115,41931,3316,14400,47.8,7723
TXSD_DELTAE_SWEEP_20260115,41941,3316,14400,47.8,7723
TXSD_DELTAE_SWEEP_20260115,41951,3316,14300,47.4,7723
TXSD_DELTAE_SWEEP_20260115,41961,3316,14400,47.8,7723
TXSD_DELTAE_SWEEP_20260115,41971,3316,14400,47.8,7723
TXSD_DELTAE_SWEEP_20260115,41981,3316,14400,47.8,7723
TXSD_DELTAE_SWEEP_20260115,41991,3316,14400,47.8,7723
TXSD_DELTAE_SWEEP_20260115,42001,3316,14400,47.8,7723
TXSD_DELTAE_SWEEP_20260115,42011,3316,14400,47.8,7723
TXSD_DELTAE_SWEEP_20260115,42021,3316,14400,47.8,7723
TXSD_DELTAE_SWEEP_20260115,42031,3316,14400,47.8,7723
TXSD_DELTAE_SWEEP_20260115,42041,3316,14400,47.8,7723
TXSD_DELTAE_SWEEP_20260115,42051,3316,14400,47.8,7723
TXSD_DELTAE_SWEEP_20260115,42061,3316,14400,47.8,7723
TXSD_DELTAE_SWEEP_20260115,42071,3316,14400,47.8,7723
TXSD_DELTAE_SWEEP_20260115,42081,3316,14400,47.8,7723
TXSD_DELTAE_SWEEP_20260115,42091,3316,14500,48.1,7723
TXSD_DELTAE_SWEEP_20260115,42101,3316,14400,47.8,7723
TXSD_DELTAE_SWEEP_20260115,42111,3316,14400,47.8,7723
TXSD_DELTAE_SWEEP_20260115,42121,3316,14400,47.8,7723
TXSD_DELTAE_SWEEP_20260115,42131,3316,14400,47.8,7723
TXSD_DELTAE_SWEEP_20260115,42141,3316,14400,47.8,7723
TXSD_DELTAE_SWEEP_20260115,42151,3316,14400,47.8,7723
TXSD_DELTAE_SWEEP_20260115,42161,3312,14400,47.7,7723
TXSD_DELTAE_SWEEP_20260115,42171,3316,14400,47.8,7723
TXSD_DELTAE_SWEEP_20260115,42181,3316,14500,48.1,7723
TXSD_DELTAE_SWEEP_20260115,42191,3316,14400,47.8,7723
TXSD_DELTAE_SWEEP_20260115,42201,3316,14400,47.8,7723
TXSD_DELTAE_SWEEP_20260115,42211,3316,14500,48.1,7723
TXSD_DELTAE_SWEEP_20260115,42221,3316,14500,48.1,7723
TXSD_DELTAE_SWEEP_20260115,42231,3316,14400,47.8,7723
TXSD_DELTAE_SWEEP_20260115,42241,3316,14400,47.8,7723
TXSD_DELTAE_SWEEP_20260115,42251,3316,14400,47.8,7723
TXSD_DELTAE_SWEEP_20260115,42261,3316,14400,47.8,7723
TXSD_DELTAE_SWEEP_20260115,42271,3316,14500,48.1,7723
TXSD_DELTAE_SWEEP_20260115,42281,3316,14500,48.1,7723
TXSD_DELTAE_SWEEP_20260115,42291,3316,14400,47.8,7723
TXSD_DELTAE_SWEEP_20260115,42301,3316,14400,47.8,7723
TXSD_DELTAE_SWEEP_20260115,42311,3316,14500,48.1,7723
TXSD_DELTAE_SWEEP_20260115,42321,3316,14400,47.8,7723
TXSD_DELTAE_SWEEP_20260115,42331,3316,14500,48.1,7723
TXSD_DELTAE_SWEEP_20260115,42341,3316,14400,47.8,7723
TXSD_DELTAE_SWEEP_20260115,42351,3316,14400,47.8,7723
TXSD_DELTAE_SWEEP_20260115,42361,3316,14400,47.8,7723
TXSD_DELTAE_SWEEP_20260115,42371,3316,14400,47.8,7723
TXSD_DELTAE_SWEEP_20260115,42381,3316,14300,47.4,7723
TXSD_DELTAE_SWEEP_20260115,42391,3316,14400,47.8,7723
TXSD_DELTAE_SWEEP_20260115,42401,3316,14400,47.8,7723
TXSD_DELTAE_SWEEP_20260115,42411,3316,14400,47.8,7723
TXSD_DELTAE_SWEEP_20260115,42421,3316,14400,47.8,7723
TXSD_DELTAE_SWEEP_20260115,42431,3316,14500,48.1,7723
TXSD_DELTAE_SWEEP_20260115,42441,3316,14400,47.8,7723
TXSD_DELTAE_SWEEP_20260115,42451,3316,14300,47.4,7723
TXSD_DELTAE_SWEEP_20260115,42461,3316,14500,48.1,7723
TXSD_DELTAE_SWEEP_20260115,42471,3316,14400,47.8,7723
TXSD_DELTAE_SWEEP_20260115,42481,3316,14400,47.8,7723
TXSD_DELTAE_SWEEP_20260115,42491,3316,14300,47.4,7723
TXSD_DELTAE_SWEEP_20260115,42501,3316,14400,47.8,7723
TXSD_DELTAE_SWEEP_20260115,42511,3316,14400,47.8,7723
TXSD_DELTAE_SWEEP_20260115,42521,3316,14400,47.8,7723
TXSD_DELTAE_SWEEP_20260115,42531,3316,14400,47.8,7723
TXSD_DELTAE_SWEEP_20260115,42541,3316,14400,47.8,7723
TXSD_DELTAE_SWEEP_20260115,42551,3316,14400,47.8,7723
TXSD_DELTAE_SWEEP_20260115,42561,3316,14500,48.1,7723
TXSD_DELTAE_SWEEP_20260115,42571,3316,14500,48.1,7723
TXSD_DELTAE_SWEEP_20260115,42581,3316,14400,47.8,7723
TXSD_DELTAE_SWEEP_20260115,42591,3316,14400,47.8,7723
TXSD_DELTAE_SWEEP_20260115,42601,3316,14300,47.4,7723
TXSD_DELTAE_SWEEP_20260115,42611,3316,14500,48.1,7723
TXSD_DELTAE_SWEEP_20260115,42621,3316,14400,47.8,7723
TXSD_DELTAE_SWEEP_20260115,42631,3316,14400,47.8,7723
TXSD_DELTAE_SWEEP_20260115,42641,3316,14500,48.1,7723
TXSD_DELTAE_SWEEP_20260115,42651,3316,14500,48.1,7723
TXSD_DELTAE_SWEEP_20260115,42661,3316,14400,47.8,7723
TXSD_DELTAE_SWEEP_20260115,42671,3316,14400,47.8,7723
TXSD_DELTAE_SWEEP_20260115,42681,3316,14400,47.8,7723
TXSD_DELTAE_SWEEP_20260115,42691,3316,14400,47.8,7723
TXSD_DELTAE_SWEEP_20260115,42701,3316,14500,48.1,7723
TXSD_DELTAE_SWEEP_20260115,42711,3316,14400,47.8,7723
TXSD_DELTAE_SWEEP_20260115,42721,3316,14500,48.1,7723
TXSD_DELTAE_SWEEP_20260115,42731,3316,14400,47.8,7723
TXSD_DELTAE_SWEEP_20260115,42741,3316,14500,48.1,7723
TXSD_DELTAE_SWEEP_20260115,42751,3316,14400,47.8,7723
TXSD_DELTAE_SWEEP_20260115,42761,3316,14500,48.1,7723
TXSD_DELTAE_SWEEP_20260115,42771,3316,14400,47.8,7723
TXSD_DELTAE_SWEEP_20260115,42781,3316,14400,47.8,7723
TXSD_DELTAE_SWEEP_20260115,42791,3316,14400,47.8,7723
TXSD_DELTAE_SWEEP_20260115,42801,3316,14500,48.1,7724
TXSD_DELTAE_SWEEP_20260115,42811,3316,14400,47.8,7724
TXSD_DELTAE_SWEEP_20260115,42821,3316,14500,48.1,7724
TXSD_DELTAE_SWEEP_20260115,42831,3316,14500,48.1,7724
TXSD_DELTAE_SWEEP_20260115,42841,3316,14400,47.8,7724
TXSD_DELTAE_SWEEP_20260115,42851,3316,14400,47.8,7724
TXSD_DELTAE_SWEEP_20260115,42861,3316,14400,47.8,7724
TXSD_DELTAE_SWEEP_20260115,42871,3316,14500,48.1,7724
TXSD_DELTAE_SWEEP_20260115,42881,3316,14400,47.8,7724
TXSD_DELTAE_SWEEP_20260115,42891,3316,14400,47.8,7724
TXSD_DELTAE_SWEEP_20260115,42901,3316,14400,47.8,7724
TXSD_DELTAE_SWEEP_20260115,42911,3316,14500,48.1,7724
TXSD_DELTAE_SWEEP_20260115,42921,3316,14400,47.8,7724
TXSD_DELTAE_SWEEP_20260115,42931,3316,14400,47.8,7724
TXSD_DELTAE_SWEEP_20260115,42941,3316,14400,47.8,7724
TXSD_DELTAE_SWEEP_20260115,42951,3316,14500,48.1,7724
TXSD_DELTAE_SWEEP_20260115,42961,3316,14400,47.8,7724
TXSD_DELTAE_SWEEP_20260115,42971,3316,14400,47.8,7724
TXSD_DELTAE_SWEEP_20260115,42981,3316,14400,47.8,7724
TXSD_DELTAE_SWEEP_20260115,42991,3316,14300,47.4,7724
TXSD_DELTAE_SWEEP_20260115,43001,3316,14400,47.8,7724
TXSD_DELTAE_SWEEP_20260115,43011,3316,14500,48.1,7724
TXSD_DELTAE_SWEEP_20260115,43021,3316,14500,48.1,7724
TXSD_DELTAE_SWEEP_20260115,43031,3316,14400,47.8,7724
TXSD_DELTAE_SWEEP_20260115,43041,3316,14400,47.8,7724
TXSD_DELTAE_SWEEP_20260115,43051,3316,14400,47.8,7724
TXSD_DELTAE_SWEEP_20260115,43061,3316,14500,48.1,7724
TXSD_DELTAE_SWEEP_20260115,43071,3316,14500,48.1,7724
TXSD_DELTAE_SWEEP_20260115,43081,3316,14400,47.8,7724
TXSD_DELTAE_SWEEP_20260115,43091,3316,14400,47.8,7724
TXSD_DELTAE_SWEEP_20260115,43101,3316,14500,48.1,7724
TXSD_DELTAE_SWEEP_20260115,43111,3316,14500,48.1,7724
TXSD_DELTAE_SWEEP_20260115,43121,3316,14400,47.8,7724
TXSD_DELTAE_SWEEP_20260115,43131,3316,14400,47.8,7724
TXSD_DELTAE_SWEEP_20260115,43141,3316,14400,47.8,7724
TXSD_DELTAE_SWEEP_20260115,43151,3316,14400,47.8,7724
TXSD_DELTAE_SWEEP_20260115,43161,3316,14400,47.8,7724
TXSD_DELTAE_SWEEP_20260115,43171,3316,14500,48.1,7724
TXSD_DELTAE_SWEEP_20260115,43181,3316,14300,47.4,7724
TXSD_DELTAE_SWEEP_20260115,43191,3316,14500,48.1,7724
TXSD_DELTAE_SWEEP_20260115,43201,3316,14300,47.4,7724
TXSD_DELTAE_SWEEP_20260115,43211,3316,14400,47.8,7724
TXSD_DELTAE_SWEEP_20260115,43221,3316,14400,47.8,7724
TXSD_DELTAE_SWEEP_20260115,43231,3316,14400,47.8,7724
TXSD_DELTAE_SWEEP_20260115,43241,3316,14400,47.8,7724
TXSD_DELTAE_SWEEP_20260115,43251,3316,14400,47.8,7724
TXSD_DELTAE_SWEEP_20260115,43261,3316,14400,47.8,7724
TXSD_DELTAE_SWEEP_20260115,43271,3316,14400,47.8,7724
TXSD_DELTAE_SWEEP_20260115,43281,3316,14400,47.8,7724
TXSD_DELTAE_SWEEP_20260115,43291,3316,14400,47.8,7724
TXSD_DELTAE_SWEEP_20260115,43301,3316,14500,48.1,7724
TXSD_DELTAE_SWEEP_20260115,43311,3316,14400,47.8,7724
TXSD_DELTAE_SWEEP_20260115,43321,3316,14400,47.8,7724
TXSD_DELTAE_SWEEP_20260115,43331,3316,14400,47.8,7724
TXSD_DELTAE_SWEEP_20260115,43341,3316,14400,47.8,7724
TXSD_DELTAE_SWEEP_20260115,43351,3316,14400,47.8,7724
TXSD_DELTAE_SWEEP_20260115,43361,3316,14400,47.8,7724
TXSD_DELTAE_SWEEP_20260115,43371,3316,14400,47.8,7724
TXSD_DELTAE_SWEEP_20260115,43381,3316,14500,48.1,7724
TXSD_DELTAE_SWEEP_20260115,43391,3316,14500,48.1,7724
TXSD_DELTAE_SWEEP_20260115,43401,3316,14400,47.8,7724
TXSD_DELTAE_SWEEP_20260115,43411,3316,14400,47.8,7724
TXSD_DELTAE_SWEEP_20260115,43421,3316,14400,47.8,7724
TXSD_DELTAE_SWEEP_20260115,43431,3316,14400,47.8,7724
TXSD_DELTAE_SWEEP_20260115,43441,3316,14400,47.8,7724
TXSD_DELTAE_SWEEP_20260115,43451,3316,14400,47.8,7724
TXSD_DELTAE_SWEEP_20260115,43461,3316,14500,48.1,7724
TXSD_DELTAE_SWEEP_20260115,43471,3316,14500,48.1,7724
TXSD_DELTAE_SWEEP_20260115,43481,3312,14400,47.7,7724
TXSD_DELTAE_SWEEP_20260115,43491,3316,14400,47.8,7724
TXSD_DELTAE_SWEEP_20260115,43501,3316,14400,47.8,7724
TXSD_DELTAE_SWEEP_20260115,43511,3316,14500,48.1,7724
TXSD_DELTAE_SWEEP_20260115,43521,3316,14400,47.8,7724
TXSD_DELTAE_SWEEP_20260115,43531,3316,14500,48.1,7724
TXSD_DELTAE_SWEEP_20260115,43541,3316,14400,47.8,7724
TXSD_DELTAE_SWEEP_20260115,43551,3316,14300,47.4,7724
TXSD_DELTAE_SWEEP_20260115,43561,3316,14400,47.8,7724
TXSD_DELTAE_SWEEP_20260115,43571,3316,14400,47.8,7724
TXSD_DELTAE_SWEEP_20260115,43581,3316,14400,47.8,7724
TXSD_DELTAE_SWEEP_20260115,43591,3316,14400,47.8,7724
TXSD_DELTAE_SWEEP_20260115,43601,3316,14400,47.8,7724
TXSD_DELTAE_SWEEP_20260115,43611,3316,14400,47.8,7724
TXSD_DELTAE_SWEEP_20260115,43621,3316,14400,47.8,7724
TXSD_DELTAE_SWEEP_20260115,43631,3316,14400,47.8,7724
TXSD_DELTAE_SWEEP_20260115,43641,3316,14400,47.8,7724
TXSD_DELTAE_SWEEP_20260115,43651,3316,14400,47.8,7724
TXSD_DELTAE_SWEEP_20260115,43661,3316,14500,48.1,7724
TXSD_DELTAE_SWEEP_20260115,43671,3316,14400,47.8,7724
TXSD_DELTAE_SWEEP_20260115,43681,3316,14400,47.8,7724
TXSD_DELTAE_SWEEP_20260115,43691,3316,14400,47.8,7724
TXSD_DELTAE_SWEEP_20260115,43701,3316,14400,47.8,7724
TXSD_DELTAE_SWEEP_20260115,43711,3316,14500,48.1,7724
TXSD_DELTAE_SWEEP_20260115,43721,3316,14500,48.1,7724
TXSD_DELTAE_SWEEP_20260115,43731,3316,14400,47.8,7724
TXSD_DELTAE_SWEEP_20260115,43741,3316,14400,47.8,7724
TXSD_DELTAE_SWEEP_20260115,43751,3316,14400,47.8,7724
TXSD_DELTAE_SWEEP_20260115,43761,3316,14400,47.8,7724
TXSD_DELTAE_SWEEP_20260115,43771,3316,14500,48.1,7724
TXSD_DELTAE_SWEEP_20260115,43781,3316,14400,47.8,7724
TXSD_DELTAE_SWEEP_20260115,43791,3316,14400,47.8,7724
TXSD_DELTAE_SWEEP_20260115,43801,3316,14400,47.8,7725
TXSD_DELTAE_SWEEP_20260115,43811,3316,14400,47.8,7725
TXSD_DELTAE_SWEEP_20260115,43821,3316,14500,48.1,7725
TXSD_DELTAE_SWEEP_20260115,43831,3316,14400,47.8,7725
TXSD_DELTAE_SWEEP_20260115,43841,3316,14400,47.8,7725
TXSD_DELTAE_SWEEP_20260115,43851,3316,14400,47.8,7725
TXSD_DELTAE_SWEEP_20260115,43861,3316,14500,48.1,7725
TXSD_DELTAE_SWEEP_20260115,43871,3316,14500,48.1,7725
TXSD_DELTAE_SWEEP_20260115,43881,3316,14400,47.8,7725
TXSD_DELTAE_SWEEP_20260115,43891,3316,14400,47.8,7725
TXSD_DELTAE_SWEEP_20260115,43901,3316,14500,48.1,7725
TXSD_DELTAE_SWEEP_20260115,43911,3316,14400,47.8,7725
TXSD_DELTAE_SWEEP_20260115,43921,3316,14400,47.8,7725
TXSD_DELTAE_SWEEP_20260115,43931,3316,14400,47.8,7725
TXSD_DELTAE_SWEEP_20260115,43941,3316,14400,47.8,7725
TXSD_DELTAE_SWEEP_20260115,43951,3316,14300,47.4,7725
TXSD_DELTAE_SWEEP_20260115,43961,3316,14500,48.1,7725
TXSD_DELTAE_SWEEP_20260115,43971,3316,14400,47.8,7725
TXSD_DELTAE_SWEEP_20260115,43981,3316,14400,47.8,7725
TXSD_DELTAE_SWEEP_20260115,43991,3316,14400,47.8,7725
TXSD_DELTAE_SWEEP_20260115,44001,3316,14300,47.4,7725
TXSD_DELTAE_SWEEP_20260115,44011,3316,14400,47.8,7725
TXSD_DELTAE_SWEEP_20260115,44021,3316,14400,47.8,7725
TXSD_DELTAE_SWEEP_20260115,44031,3316,14400,47.8,7725
TXSD_DELTAE_SWEEP_20260115,44041,3316,14300,47.4,7725
TXSD_DELTAE_SWEEP_20260115,44051,3316,14500,48.1,7725
TXSD_DELTAE_SWEEP_20260115,44061,3316,14400,47.8,7725
TXSD_DELTAE_SWEEP_20260115,44071,3316,14400,47.8,7725
TXSD_DELTAE_SWEEP_20260115,44081,3316,14500,48.1,7725
TXSD_DELTAE_SWEEP_20260115,44091,3316,14500,48.1,7725
TXSD_DELTAE_SWEEP_20260115,44101,3316,14400,47.8,7725
TXSD_DELTAE_SWEEP_20260115,44111,3316,14500,48.1,7725
TXSD_DELTAE_SWEEP_20260115,44121,3316,14400,47.8,7725
TXSD_DELTAE_SWEEP_20260115,44131,3316,14500,48.1,7725
TXSD_DELTAE_SWEEP_20260115,44141,3316,14400,47.8,7725
TXSD_DELTAE_SWEEP_20260115,44151,3316,14400,47.8,7725
TXSD_DELTAE_SWEEP_20260115,44161,3316,14400,47.8,7725
TXSD_DELTAE_SWEEP_20260115,44171,3316,14400,47.8,7725
TXSD_DELTAE_SWEEP_20260115,44181,3316,14500,48.1,7725
TXSD_DELTAE_SWEEP_20260115,44191,3316,14300,47.4,7725
TXSD_DELTAE_SWEEP_20260115,44201,3316,14400,47.8,7725
TXSD_DELTAE_SWEEP_20260115,44211,3316,14400,47.8,7725
TXSD_DELTAE_SWEEP_20260115,44221,3316,14500,48.1,7725
TXSD_DELTAE_SWEEP_20260115,44231,3316,14400,47.8,7725
TXSD_DELTAE_SWEEP_20260115,44241,3316,14500,48.1,7725
TXSD_DELTAE_SWEEP_20260115,44251,3316,14400,47.8,7725
TXSD_DELTAE_SWEEP_20260115,44261,3316,14500,48.1,7725
TXSD_DELTAE_SWEEP_20260115,44271,3316,14400,47.8,7725
TXSD_DELTAE_SWEEP_20260115,44281,3316,14400,47.8,7725
TXSD_DELTAE_SWEEP_20260115,44291,3316,14400,47.8,7725
TXSD_DELTAE_SWEEP_20260115,44301,3316,14400,47.8,7725
TXSD_DELTAE_SWEEP_20260115,44311,3316,14400,47.8,7725
TXSD_DELTAE_SWEEP_20260115,44321,3316,14300,47.4,7725
TXSD_DELTAE_SWEEP_20260115,44331,3316,14400,47.8,7725
TXSD_DELTAE_SWEEP_20260115,44341,3316,14300,47.4,7725
TXSD_DELTAE_SWEEP_20260115,44351,3316,14400,47.8,7725
TXSD_DELTAE_SWEEP_20260115,44361,3316,14400,47.8,7725
TXSD_DELTAE_SWEEP_20260115,44371,3316,14500,48.1,7725
TXSD_DELTAE_SWEEP_20260115,44381,3316,14400,47.8,7725
TXSD_DELTAE_SWEEP_20260115,44391,3316,14500,48.1,7725
TXSD_DELTAE_SWEEP_20260115,44401,3316,14400,47.8,7725
TXSD_DELTAE_SWEEP_20260115,44411,3316,14400,47.8,7725
TXSD_DELTAE_SWEEP_20260115,44421,3316,14400,47.8,7725
TXSD_DELTAE_SWEEP_20260115,44431,3316,14500,48.1,7725
TXSD_DELTAE_SWEEP_20260115,44441,3316,14400,47.8,7725
TXSD_DELTAE_SWEEP_20260115,44451,3316,14400,47.8,7725
TXSD_DELTAE_SWEEP_20260115,44461,3316,14400,47.8,7725
TXSD_DELTAE_SWEEP_20260115,44471,3316,14400,47.8,7725
TXSD_DELTAE_SWEEP_20260115,44481,3316,14500,48.1,7725
TXSD_DELTAE_SWEEP_20260115,44491,3316,14400,47.8,7725
TXSD_DELTAE_SWEEP_20260115,44501,3316,14500,48.1,7725
TXSD_DELTAE_SWEEP_20260115,44511,3316,14400,47.8,7725
TXSD_DELTAE_SWEEP_20260115,44521,3316,14400,47.8,7725
TXSD_DELTAE_SWEEP_20260115,44531,3316,14400,47.8,7725
TXSD_DELTAE_SWEEP_20260115,44541,3316,14500,48.1,7725
TXSD_DELTAE_SWEEP_20260115,44551,3316,14400,47.8,7725
TXSD_DELTAE_SWEEP_20260115,44561,3316,14400,47.8,7725
TXSD_DELTAE_SWEEP_20260115,44571,3316,14400,47.8,7725
TXSD_DELTAE_SWEEP_20260115,44581,3316,14400,47.8,7725
TXSD_DELTAE_SWEEP_20260115,44591,3316,14500,48.1,7725
TXSD_DELTAE_SWEEP_20260115,44601,3316,14300,47.4,7725
TXSD_DELTAE_SWEEP_20260115,44611,3316,14500,48.1,7725
TXSD_DELTAE_SWEEP_20260115,44621,3316,14400,47.8,7725
TXSD_DELTAE_SWEEP_20260115,44631,3316,14400,47.8,7725
TXSD_DELTAE_SWEEP_20260115,44641,3316,14400,47.8,7725
TXSD_DELTAE_SWEEP_20260115,44651,3316,14400,47.8,7725
TXSD_DELTAE_SWEEP_20260115,44661,3316,14400,47.8,7725
TXSD_DELTAE_SWEEP_20260115,44671,3316,14500,48.1,7725
TXSD_DELTAE_SWEEP_20260115,44681,3316,14400,47.8,7725
TXSD_DELTAE_SWEEP_20260115,44691,3316,14400,47.8,7725
TXSD_DELTAE_SWEEP_20260115,44701,3316,14400,47.8,7725
TXSD_DELTAE_SWEEP_20260115,44711,3316,14400,47.8,7725
TXSD_DELTAE_SWEEP_20260115,44721,3316,14500,48.1,7725
TXSD_DELTAE_SWEEP_20260115,44731,3316,14400,47.8,7725
TXSD_DELTAE_SWEEP_20260115,44741,3316,14400,47.8,7725
TXSD_DELTAE_SWEEP_20260115,44751,3316,14400,47.8,7725
TXSD_DELTAE_SWEEP_20260115,44761,3316,14400,47.8,7725
TXSD_DELTAE_SWEEP_20260115,44771,3316,14300,47.4,7725
TXSD_DELTAE_SWEEP_20260115,44781,3316,14400,47.8,7725
TXSD_DELTAE_SWEEP_20260115,44791,3316,14400,47.8,7725
TXSD_DELTAE_SWEEP_20260115,44801,3316,14500,48.1,7726
TXSD_DELTAE_SWEEP_20260115,44811,3316,14400,47.8,7726
TXSD_DELTAE_SWEEP_20260115,44821,3316,14500,48.1,7726
TXSD_DELTAE_SWEEP_20260115,44831,3316,14400,47.8,7726
TXSD_DELTAE_SWEEP_20260115,44841,3316,14400,47.8,7726
TXSD_DELTAE_SWEEP_20260115,44851,3316,14400,47.8,7726
TXSD_DELTAE_SWEEP_20260115,44861,3316,14400,47.8,7726
TXSD_DELTAE_SWEEP_20260115,44871,3316,14400,47.8,7726
TXSD_DELTAE_SWEEP_20260115,44881,3316,14500,48.1,7726
TXSD_DELTAE_SWEEP_20260115,44891,3316,14500,48.1,7726
TXSD_DELTAE_SWEEP_20260115,44901,3316,14400,47.8,7726
TXSD_DELTAE_SWEEP_20260115,44911,3316,14500,48.1,7726
TXSD_DELTAE_SWEEP_20260115,44921,3316,14500,48.1,7726
TXSD_DELTAE_SWEEP_20260115,44931,3316,14400,47.8,7726
TXSD_DELTAE_SWEEP_20260115,44941,3316,14400,47.8,7726
TXSD_DELTAE_SWEEP_20260115,44951,3316,14500,48.1,7726
TXSD_DELTAE_SWEEP_20260115,44961,3316,14400,47.8,7726
TXSD_DELTAE_SWEEP_20260115,44971,3316,14400,47.8,7726
TXSD_DELTAE_SWEEP_20260115,44981,3316,14400,47.8,7726
TXSD_DELTAE_SWEEP_20260115,44991,3316,14400,47.8,7726
TXSD_DELTAE_SWEEP_20260115,45001,3316,14400,47.8,7726
TXSD_DELTAE_SWEEP_20260115,45011,3316,14500,48.1,7726
TXSD_DELTAE_SWEEP_20260115,45021,3316,14400,47.8,7726
TXSD_DELTAE_SWEEP_20260115,45031,3316,14400,47.8,7726
TXSD_DELTAE_SWEEP_20260115,45041,3316,14400,47.8,7726
TXSD_DELTAE_SWEEP_20260115,45051,3316,14400,47.8,7726
TXSD_DELTAE_SWEEP_20260115,45061,3316,14500,48.1,7726
TXSD_DELTAE_SWEEP_20260115,45071,3316,14400,47.8,7726
TXSD_DELTAE_SWEEP_20260115,45081,3316,14700,48.7,7726
TXSD_DELTAE_SWEEP_20260115,45091,3316,14300,47.4,7726
TXSD_DELTAE_SWEEP_20260115,45101,3316,14500,48.1,7726
TXSD_DELTAE_SWEEP_20260115,45111,3316,14400,47.8,7726
TXSD_DELTAE_SWEEP_20260115,45121,3316,14400,47.8,7726
TXSD_DELTAE_SWEEP_20260115,45131,3316,14400,47.8,7726
TXSD_DELTAE_SWEEP_20260115,45141,3316,14400,47.8,7726
TXSD_DELTAE_SWEEP_20260115,45151,3316,14500,48.1,7726
TXSD_DELTAE_SWEEP_20260115,45161,3316,14400,47.8,7726
TXSD_DELTAE_SWEEP_20260115,45171,3316,14400,47.8,7726
TXSD_DELTAE_SWEEP_20260115,45181,3316,14500,48.1,7726
TXSD_DELTAE_SWEEP_20260115,45191,3316,14400,47.8,7726
TXSD_DELTAE_SWEEP_20260115,45201,3316,14300,47.4,7726
TXSD_DELTAE_SWEEP_20260115,45211,3316,14500,48.1,7726
TXSD_DELTAE_SWEEP_20260115,45221,3316,14400,47.8,7726
TXSD_DELTAE_SWEEP_20260115,45231,3316,14500,48.1,7726
TXSD_DELTAE_SWEEP_20260115,45241,3316,14400,47.8,7726
TXSD_DELTAE_SWEEP_20260115,45251,3316,14400,47.8,7726
TXSD_DELTAE_SWEEP_20260115,45261,3316,14400,47.8,7726
TXSD_DELTAE_SWEEP_20260115,45271,3316,14400,47.8,7726
TXSD_DELTAE_SWEEP_20260115,45281,3316,14500,48.1,7726
TXSD_DELTAE_SWEEP_20260115,45291,3316,14400,47.8,7726
TXSD_DELTAE_SWEEP_20260115,45301,3316,14400,47.8,7726
TXSD_DELTAE_SWEEP_20260115,45311,3316,14400,47.8,7726
TXSD_DELTAE_SWEEP_20260115,45321,3316,14500,48.1,7726
TXSD_DELTAE_SWEEP_20260115,45331,3316,14400,47.8,7726
TXSD_DELTAE_SWEEP_20260115,45341,3316,14500,48.1,7726
TXSD_DELTAE_SWEEP_20260115,45351,3316,14400,47.8,7726
TXSD_DELTAE_SWEEP_20260115,45361,3316,14400,47.8,7726
TXSD_DELTAE_SWEEP_20260115,45371,3316,14400,47.8,7726
TXSD_DELTAE_SWEEP_20260115,45381,3316,14500,48.1,7726
TXSD_DELTAE_SWEEP_20260115,45391,3316,14400,47.8,7726
TXSD_DELTAE_SWEEP_20260115,45401,3316,14500,48.1,7726
TXSD_DELTAE_SWEEP_20260115,45411,3316,14400,47.8,7726
TXSD_DELTAE_SWEEP_20260115,45421,3316,14400,47.8,7726
TXSD_DELTAE_SWEEP_20260115,45431,3316,14500,48.1,7726
TXSD_DELTAE_SWEEP_20260115,45441,3316,14400,47.8,7726
TXSD_DELTAE_SWEEP_20260115,45451,3316,14500,48.1,7726
TXSD_DELTAE_SWEEP_20260115,45461,3316,14400,47.8,7726
TXSD_DELTAE_SWEEP_20260115,45471,3316,14400,47.8,7726
TXSD_DELTAE_SWEEP_20260115,45481,3316,14400,47.8,7726
TXSD_DELTAE_SWEEP_20260115,45491,3316,14500,48.1,7726
TXSD_DELTAE_SWEEP_20260115,45501,3316,14400,47.8,7726
TXSD_DELTAE_SWEEP_20260115,45511,3316,14500,48.1,7726
TXSD_DELTAE_SWEEP_20260115,45521,3316,14400,47.8,7726
TXSD_DELTAE_SWEEP_20260115,45531,3316,14500,48.1,7726
TXSD_DELTAE_SWEEP_20260115,45541,3316,14400,47.8,7726
TXSD_DELTAE_SWEEP_20260115,45551,3316,14400,47.8,7726
TXSD_DELTAE_SWEEP_20260115,45561,3316,14500,48.1,7726
TXSD_DELTAE_SWEEP_20260115,45571,3316,14400,47.8,7726
TXSD_DELTAE_SWEEP_20260115,45581,3316,14400,47.8,7726
TXSD_DELTAE_SWEEP_20260115,45591,3316,14400,47.8,7726
TXSD_DELTAE_SWEEP_20260115,45601,3316,14400,47.8,7726
TXSD_DELTAE_SWEEP_20260115,45611,3316,14400,47.8,7726
TXSD_DELTAE_SWEEP_20260115,45621,3316,14600,48.4,7726
TXSD_DELTAE_SWEEP_20260115,45631,3316,14500,48.1,7726
TXSD_DELTAE_SWEEP_20260115,45641,3316,14400,47.8,7726
TXSD_DELTAE_SWEEP_20260115,45651,3316,14400,47.8,7726
TXSD_DELTAE_SWEEP_20260115,45661,3316,14500,48.1,7726
TXSD_DELTAE_SWEEP_20260115,45671,3316,14400,47.8,7726
TXSD_DELTAE_SWEEP_20260115,45681,3316,14400,47.8,7726
TXSD_DELTAE_SWEEP_20260115,45691,3316,14400,47.8,7726
TXSD_DELTAE_SWEEP_20260115,45701,3316,14300,47.4,7726
TXSD_DELTAE_SWEEP_20260115,45711,3316,14300,47.4,7726
TXSD_DELTAE_SWEEP_20260115,45721,3316,14400,47.8,7726
TXSD_DELTAE_SWEEP_20260115,45731,3316,14400,47.8,7726
TXSD_DELTAE_SWEEP_20260115,45741,3316,14400,47.8,7726
TXSD_DELTAE_SWEEP_20260115,45751,3316,14500,48.1,7726
TXSD_DELTAE_SWEEP_20260115,45761,3316,14400,47.8,7726
TXSD_DELTAE_SWEEP_20260115,45771,3316,14400,47.8,7726
TXSD_DELTAE_SWEEP_20260115,45781,3316,14400,47.8,7726
TXSD_DELTAE_SWEEP_20260115,45791,3316,14400,47.8,7726
TXSD_DELTAE_SWEEP_20260115,45801,3316,14400,47.8,7727
TXSD_DELTAE_SWEEP_20260115,45811,3316,14400,47.8,7727
TXSD_DELTAE_SWEEP_20260115,45821,3316,14500,48.1,7727
TXSD_DELTAE_SWEEP_20260115,45831,3316,14400,47.8,7727
TXSD_DELTAE_SWEEP_20260115,45841,3316,14400,47.8,7727
TXSD_DELTAE_SWEEP_20260115,45851,3316,14500,48.1,7727
TXSD_DELTAE_SWEEP_20260115,45861,3316,14400,47.8,7727
TXSD_DELTAE_SWEEP_20260115,45871,3316,14300,47.4,7727
TXSD_DELTAE_SWEEP_20260115,45881,3316,14500,48.1,7727
TXSD_DELTAE_SWEEP_20260115,45891,3316,14400,47.8,7727
TXSD_DELTAE_SWEEP_20260115,45901,3316,14400,47.8,7727
TXSD_DELTAE_SWEEP_20260115,45911,3316,14500,48.1,7727
TXSD_DELTAE_SWEEP_20260115,45921,3316,14500,48.1,7727
TXSD_DELTAE_SWEEP_20260115,45931,3316,14400,47.8,7727
TXSD_DELTAE_SWEEP_20260115,45941,3316,14500,48.1,7727
TXSD_DELTAE_SWEEP_20260115,45951,3316,14400,47.8,7727
TXSD_DELTAE_SWEEP_20260115,45961,3316,14500,48.1,7727
TXSD_DELTAE_SWEEP_20260115,45971,3316,14400,47.8,7727
TXSD_DELTAE_SWEEP_20260115,45981,3316,14400,47.8,7727
TXSD_DELTAE_SWEEP_20260115,45991,3316,14400,47.8,7727
TXSD_DELTAE_SWEEP_20260115,46001,3316,14400,47.8,7727
TXSD_DELTAE_SWEEP_20260115,46011,3316,14400,47.8,7727
TXSD_DELTAE_SWEEP_20260115,46021,3316,14400,47.8,7727
TXSD_DELTAE_SWEEP_20260115,46031,3316,14400,47.8,7727
TXSD_DELTAE_SWEEP_20260115,46041,3316,14400,47.8,7727
TXSD_DELTAE_SWEEP_20260115,46051,3316,14400,47.8,7727
TXSD_DELTAE_SWEEP_20260115,46061,3316,14400,47.8,7727
TXSD_DELTAE_SWEEP_20260115,46071,3316,14400,47.8,7727
TXSD_DELTAE_SWEEP_20260115,46081,3316,14400,47.8,7727
TXSD_DELTAE_SWEEP_20260115,46091,3316,14700,48.7,7727
TXSD_DELTAE_SWEEP_20260115,46101,3316,14400,47.8,7727
TXSD_DELTAE_SWEEP_20260115,46111,3316,14500,48.1,7727
TXSD_DELTAE_SWEEP_20260115,46121,3316,14400,47.8,7727
TXSD_DELTAE_SWEEP_20260115,46131,3316,14400,47.8,7727
TXSD_DELTAE_SWEEP_20260115,46141,3316,14500,48.1,7727
TXSD_DELTAE_SWEEP_20260115,46151,3316,14400,47.8,7727
TXSD_DELTAE_SWEEP_20260115,46161,3316,14400,47.8,7727
TXSD_DELTAE_SWEEP_20260115,46171,3316,14400,47.8,7727
TXSD_DELTAE_SWEEP_20260115,46181,3316,14500,48.1,7727
TXSD_DELTAE_SWEEP_20260115,46191,3316,14400,47.8,7727
TXSD_DELTAE_SWEEP_20260115,46201,3316,14400,47.8,7727
TXSD_DELTAE_SWEEP_20260115,46211,3316,14500,48.1,7727
TXSD_DELTAE_SWEEP_20260115,46221,3316,14500,48.1,7727
TXSD_DELTAE_SWEEP_20260115,46231,3316,14400,47.8,7727
TXSD_DELTAE_SWEEP_20260115,46241,3316,14500,48.1,7727
TXSD_DELTAE_SWEEP_20260115,46251,3316,14400,47.8,7727
TXSD_DELTAE_SWEEP_20260115,46261,3316,14400,47.8,7727
TXSD_DELTAE_SWEEP_20260115,46271,3316,14400,47.8,7727
TXSD_DELTAE_SWEEP_20260115,46281,3316,14500,48.1,7727
TXSD_DELTAE_SWEEP_20260115,46291,3316,14400,47.8,7727
TXSD_DELTAE_SWEEP_20260115,46301,3316,14400,47.8,7727
TXSD_DELTAE_SWEEP_20260115,46311,3316,14400,47.8,7727
TXSD_DELTAE_SWEEP_20260115,46321,3316,14400,47.8,7727
TXSD_DELTAE_SWEEP_20260115,46331,3316,14400,47.8,7727
TXSD_DELTAE_SWEEP_20260115,46341,3316,14400,47.8,7727
TXSD_DELTAE_SWEEP_20260115,46351,3316,14400,47.8,7727
TXSD_DELTAE_SWEEP_20260115,46361,3316,14500,48.1,7727
TXSD_DELTAE_SWEEP_20260115,46371,3316,14400,47.8,7727
TXSD_DELTAE_SWEEP_20260115,46381,3316,14400,47.8,7727
TXSD_DELTAE_SWEEP_20260115,46391,3316,14500,48.1,7727
TXSD_DELTAE_SWEEP_20260115,46401,3316,14400,47.8,7727
TXSD_DELTAE_SWEEP_20260115,46411,3316,14500,48.1,7727
TXSD_DELTAE_SWEEP_20260115,46421,3316,14400,47.8,7727
TXSD_DELTAE_SWEEP_20260115,46431,3316,14400,47.8,7727
TXSD_DELTAE_SWEEP_20260115,46441,3316,14400,47.8,7727
TXSD_DELTAE_SWEEP_20260115,46451,3316,14400,47.8,7727
TXSD_DELTAE_SWEEP_20260115,46461,3316,14400,47.8,7727
TXSD_DELTAE_SWEEP_20260115,46471,3316,14300,47.4,7727
TXSD_DELTAE_SWEEP_20260115,46481,3316,14500,48.1,7727
TXSD_DELTAE_SWEEP_20260115,46491,3316,14400,47.8,7727
TXSD_DELTAE_SWEEP_20260115,46501,3316,14500,48.1,7727
TXSD_DELTAE_SWEEP_20260115,46511,3316,14400,47.8,7727
TXSD_DELTAE_SWEEP_20260115,46521,3316,14400,47.8,7727
TXSD_DELTAE_SWEEP_20260115,46531,3316,14400,47.8,7727
TXSD_DELTAE_SWEEP_20260115,46541,3316,14400,47.8,7727
TXSD_DELTAE_SWEEP_20260115,46551,3316,14400,47.8,7727
TXSD_DELTAE_SWEEP_20260115,46561,3316,14400,47.8,7727
TXSD_DELTAE_SWEEP_20260115,46571,3316,14400,47.8,7727
TXSD_DELTAE_SWEEP_20260115,46581,3316,14300,47.4,7727
TXSD_DELTAE_SWEEP_20260115,46591,3316,14500,48.1,7727
TXSD_DELTAE_SWEEP_20260115,46601,3312,14400,47.7,7727
TXSD_DELTAE_SWEEP_20260115,46611,3316,14400,47.8,7727
TXSD_DELTAE_SWEEP_20260115,46621,3316,14400,47.8,7727
TXSD_DELTAE_SWEEP_20260115,46631,3316,14500,48.1,7727
TXSD_DELTAE_SWEEP_20260115,46641,3316,14400,47.8,7727
TXSD_DELTAE_SWEEP_20260115,46651,3316,14400,47.8,7727
TXSD_DELTAE_SWEEP_20260115,46661,3316,14400,47.8,7727
TXSD_DELTAE_SWEEP_20260115,46671,3316,14500,48.1,7727
TXSD_DELTAE_SWEEP_20260115,46681,3316,14400,47.8,7727
TXSD_DELTAE_SWEEP_20260115,46691,3316,14400,47.8,7727
TXSD_DELTAE_SWEEP_20260115,46701,3316,14400,47.8,7727
TXSD_DELTAE_SWEEP_20260115,46711,3316,14400,47.8,7727
TXSD_DELTAE_SWEEP_20260115,46721,3316,14400,47.8,7727
TXSD_DELTAE_SWEEP_20260115,46731,3316,14400,47.8,7727
TXSD_DELTAE_SWEEP_20260115,46741,3316,14400,47.8,7727
TXSD_DELTAE_SWEEP_20260115,46751,3316,14300,47.4,7727
TXSD_DELTAE_SWEEP_20260115,46761,3316,14500,48.1,7727
TXSD_DELTAE_SWEEP_20260115,46771,3316,14400,47.8,7727
TXSD_DELTAE_SWEEP_20260115,46781,3316,14400,47.8,7727
TXSD_DELTAE_SWEEP_20260115,46791,3316,14400,47.8,7727
TXSD_DELTAE_SWEEP_20260115,46801,3316,14400,47.8,7728
TXSD_DELTAE_SWEEP_20260115,46811,3316,14300,47.4,7728
TXSD_DELTAE_SWEEP_20260115,46821,3316,14500,48.1,7728
TXSD_DELTAE_SWEEP_20260115,46831,3316,14400,47.8,7728
TXSD_DELTAE_SWEEP_20260115,46841,3316,14500,48.1,7728
TXSD_DELTAE_SWEEP_20260115,46851,3316,14400,47.8,7728
TXSD_DELTAE_SWEEP_20260115,46861,3316,14500,48.1,7728
TXSD_DELTAE_SWEEP_20260115,46871,3316,14400,47.8,7728
TXSD_DELTAE_SWEEP_20260115,46881,3316,14400,47.8,7728
TXSD_DELTAE_SWEEP_20260115,46891,3316,14500,48.1,7728
TXSD_DELTAE_SWEEP_20260115,46901,3316,14400,47.8,7728
TXSD_DELTAE_SWEEP_20260115,46911,3316,14400,47.8,7728
TXSD_DELTAE_SWEEP_20260115,46921,3316,14400,47.8,7728
TXSD_DELTAE_SWEEP_20260115,46931,3316,14500,48.1,7728
TXSD_DELTAE_SWEEP_20260115,46941,3316,14400,47.8,7728
TXSD_DELTAE_SWEEP_20260115,46951,3316,14500,48.1,7728
TXSD_DELTAE_SWEEP_20260115,46961,3316,14400,47.8,7728
TXSD_DELTAE_SWEEP_20260115,46971,3316,14400,47.8,7728
TXSD_DELTAE_SWEEP_20260115,46981,3316,14400,47.8,7728
TXSD_DELTAE_SWEEP_20260115,46991,3316,14400,47.8,7728
TXSD_DELTAE_SWEEP_20260115,47001,3316,14400,47.8,7728
TXSD_DELTAE_SWEEP_20260115,47011,3316,14400,47.8,7728
TXSD_DELTAE_SWEEP_20260115,47021,3316,14500,48.1,7728
TXSD_DELTAE_SWEEP_20260115,47031,3316,14400,47.8,7728
TXSD_DELTAE_SWEEP_20260115,47041,3316,14500,48.1,7728
TXSD_DELTAE_SWEEP_20260115,47051,3316,14400,47.8,7728
TXSD_DELTAE_SWEEP_20260115,47061,3316,14500,48.1,7728
TXSD_DELTAE_SWEEP_20260115,47071,3316,14400,47.8,7728
TXSD_DELTAE_SWEEP_20260115,47081,3316,14500,48.1,7728
TXSD_DELTAE_SWEEP_20260115,47091,3316,14400,47.8,7728
TXSD_DELTAE_SWEEP_20260115,47101,3316,14500,48.1,7728
TXSD_DELTAE_SWEEP_20260115,47111,3316,14500,48.1,7728
TXSD_DELTAE_SWEEP_20260115,47121,3316,14500,48.1,7728
TXSD_DELTAE_SWEEP_20260115,47131,3316,14500,48.1,7728
TXSD_DELTAE_SWEEP_20260115,47141,3316,14400,47.8,7728
TXSD_DELTAE_SWEEP_20260115,47151,3316,14400,47.8,7728
TXSD_DELTAE_SWEEP_20260115,47161,3316,14500,48.1,7728
TXSD_DELTAE_SWEEP_20260115,47171,3316,14400,47.8,7728
TXSD_DELTAE_SWEEP_20260115,47181,3316,14500,48.1,7728
TXSD_DELTAE_SWEEP_20260115,47191,3316,14500,48.1,7728
TXSD_DELTAE_SWEEP_20260115,47201,3316,14400,47.8,7728
TXSD_DELTAE_SWEEP_20260115,47211,3316,14500,48.1,7728
TXSD_DELTAE_SWEEP_20260115,47221,3316,14300,47.4,7728
TXSD_DELTAE_SWEEP_20260115,47231,3316,14400,47.8,7728
TXSD_DELTAE_SWEEP_20260115,47241,3316,14400,47.8,7728
TXSD_DELTAE_SWEEP_20260115,47251,3316,14500,48.1,7728
TXSD_DELTAE_SWEEP_20260115,47261,3316,14400,47.8,7728
TXSD_DELTAE_SWEEP_20260115,47271,3316,14500,48.1,7728
TXSD_DELTAE_SWEEP_20260115,47281,3316,14400,47.8,7728
TXSD_DELTAE_SWEEP_20260115,47291,3316,14400,47.8,7728
TXSD_DELTAE_SWEEP_20260115,47301,3316,14400,47.8,7728
TXSD_DELTAE_SWEEP_20260115,47311,3316,14400,47.8,7728
TXSD_DELTAE_SWEEP_20260115,47321,3316,14400,47.8,7728
TXSD_DELTAE_SWEEP_20260115,47331,3316,14400,47.8,7728
TXSD_DELTAE_SWEEP_20260115,47341,3316,14400,47.8,7728
TXSD_DELTAE_SWEEP_20260115,47351,3316,14400,47.8,7728
TXSD_DELTAE_SWEEP_20260115,47361,3316,14500,48.1,7728
TXSD_DELTAE_SWEEP_20260115,47371,3316,14400,47.8,7728
TXSD_DELTAE_SWEEP_20260115,47381,3316,14500,48.1,7728
TXSD_DELTAE_SWEEP_20260115,47391,3316,14400,47.8,7728
TXSD_DELTAE_SWEEP_20260115,47401,3316,14500,48.1,7728
TXSD_DELTAE_SWEEP_20260115,47411,3316,14400,47.8,7728
TXSD_DELTAE_SWEEP_20260115,47421,3316,14400,47.8,7728
TXSD_DELTAE_SWEEP_20260115,47431,3316,14500,48.1,7728
TXSD_DELTAE_SWEEP_20260115,47441,3316,14400,47.8,7728
TXSD_DELTAE_SWEEP_20260115,47451,3316,14400,47.8,7728
TXSD_DELTAE_SWEEP_20260115,47461,3316,14400,47.8,7728
TXSD_DELTAE_SWEEP_20260115,47471,3316,14400,47.8,7728
TXSD_DELTAE_SWEEP_20260115,47481,3316,14400,47.8,7728
TXSD_DELTAE_SWEEP_20260115,47491,3316,14500,48.1,7728
TXSD_DELTAE_SWEEP_20260115,47501,3316,14400,47.8,7728
TXSD_DELTAE_SWEEP_20260115,47511,3316,14500,48.1,7728
TXSD_DELTAE_SWEEP_20260115,47521,3316,14500,48.1,7728
TXSD_DELTAE_SWEEP_20260115,47531,3316,14500,48.1,7728
TXSD_DELTAE_SWEEP_20260115,47541,3316,14400,47.8,7728
TXSD_DELTAE_SWEEP_20260115,47551,3316,14500,48.1,7728
TXSD_DELTAE_SWEEP_20260115,47561,3316,14400,47.8,7728
TXSD_DELTAE_SWEEP_20260115,47571,3316,14400,47.8,7728
TXSD_DELTAE_SWEEP_20260115,47581,3316,14400,47.8,7728
TXSD_DELTAE_SWEEP_20260115,47591,3316,14400,47.8,7728
TXSD_DELTAE_SWEEP_20260115,47601,3316,14500,48.1,7728
TXSD_DELTAE_SWEEP_20260115,47611,3316,14500,48.1,7728
TXSD_DELTAE_SWEEP_20260115,47621,3316,14400,47.8,7728
TXSD_DELTAE_SWEEP_20260115,47631,3316,14400,47.8,7728
TXSD_DELTAE_SWEEP_20260115,47641,3316,14500,48.1,7728
TXSD_DELTAE_SWEEP_20260115,47651,3316,14400,47.8,7728
TXSD_DELTAE_SWEEP_20260115,47661,3316,14400,47.8,7728
TXSD_DELTAE_SWEEP_20260115,47671,3316,14400,47.8,7728
TXSD_DELTAE_SWEEP_20260115,47681,3316,14400,47.8,7728
TXSD_DELTAE_SWEEP_20260115,47691,3316,14400,47.8,7728
TXSD_DELTAE_SWEEP_20260115,47701,3316,14400,47.8,7728
TXSD_DELTAE_SWEEP_20260115,47711,3316,14400,47.8,7728
TXSD_DELTAE_SWEEP_20260115,47721,3316,14500,48.1,7728
TXSD_DELTAE_SWEEP_20260115,47731,3316,14300,47.4,7728
TXSD_DELTAE_SWEEP_20260115,47741,3316,14400,47.8,7728
TXSD_DELTAE_SWEEP_20260115,47751,3316,14400,47.8,7728
TXSD_DELTAE_SWEEP_20260115,47761,3316,14500,48.1,7728
TXSD_DELTAE_SWEEP_20260115,47771,3316,14400,47.8,7728
TXSD_DELTAE_SWEEP_20260115,47781,3316,14400,47.8,7728
TXSD_DELTAE_SWEEP_20260115,47791,3316,14500,48.1,7728
TXSD_DELTAE_SWEEP_20260115,47801,3316,14400,47.8,7729
TXSD_DELTAE_SWEEP_20260115,47811,3316,14500,48.1,7729
TXSD_DELTAE_SWEEP_20260115,47821,3316,14400,47.8,7729
TXSD_DELTAE_SWEEP_20260115,47831,3316,14500,48.1,7729
TXSD_DELTAE_SWEEP_20260115,47841,3316,14400,47.8,7729
TXSD_DELTAE_SWEEP_20260115,47851,3316,14500,48.1,7729
TXSD_DELTAE_SWEEP_20260115,47861,3316,14400,47.8,7729
TXSD_DELTAE_SWEEP_20260115,47871,3316,14400,47.8,7729
TXSD_DELTAE_SWEEP_20260115,47881,3316,14500,48.1,7729
TXSD_DELTAE_SWEEP_20260115,47891,3316,14400,47.8,7729
TXSD_DELTAE_SWEEP_20260115,47901,3316,14400,47.8,7729
TXSD_DELTAE_SWEEP_20260115,47911,3316,14400,47.8,7729
TXSD_DELTAE_SWEEP_20260115,47921,3316,14400,47.8,7729
TXSD_DELTAE_SWEEP_20260115,47931,3316,14300,47.4,7729
TXSD_DELTAE_SWEEP_20260115,47941,3316,14400,47.8,7729
TXSD_DELTAE_SWEEP_20260115,47951,3316,14400,47.8,7729
TXSD_DELTAE_SWEEP_20260115,47961,3316,14500,48.1,7729
TXSD_DELTAE_SWEEP_20260115,47971,3316,14400,47.8,7729
TXSD_DELTAE_SWEEP_20260115,47981,3316,14500,48.1,7729
TXSD_DELTAE_SWEEP_20260115,47991,3316,14400,47.8,7729
TXSD_DELTAE_SWEEP_20260115,48001,3316,14400,47.8,7729
TXSD_DELTAE_SWEEP_20260115,48011,3316,14400,47.8,7729
TXSD_DELTAE_SWEEP_20260115,48021,3316,14400,47.8,7729
TXSD_DELTAE_SWEEP_20260115,48031,3316,14400,47.8,7729
TXSD_DELTAE_SWEEP_20260115,48041,3316,14400,47.8,7729
TXSD_DELTAE_SWEEP_20260115,48051,3316,14400,47.8,7729
TXSD_DELTAE_SWEEP_20260115,48061,3316,14400,47.8,7729
TXSD_DELTAE_SWEEP_20260115,48071,3316,14400,47.8,7729
TXSD_DELTAE_SWEEP_20260115,48081,3316,14400,47.8,7729
TXSD_DELTAE_SWEEP_20260115,48091,3316,14400,47.8,7729
TXSD_DELTAE_SWEEP_20260115,48101,3316,14500,48.1,7729
TXSD_DELTAE_SWEEP_20260115,48111,3316,14500,48.1,7729
TXSD_DELTAE_SWEEP_20260115,48121,3316,14400,47.8,7729
TXSD_DELTAE_SWEEP_20260115,48131,3316,14400,47.8,7729
TXSD_DELTAE_SWEEP_20260115,48141,3316,14400,47.8,7729
TXSD_DELTAE_SWEEP_20260115,48151,3316,14400,47.8,7729
TXSD_DELTAE_SWEEP_20260115,48161,3316,14400,47.8,7729
TXSD_DELTAE_SWEEP_20260115,48171,3316,14400,47.8,7729
TXSD_DELTAE_SWEEP_20260115,48181,3316,14400,47.8,7729
TXSD_DELTAE_SWEEP_20260115,48191,3316,14400,47.8,7729
TXSD_DELTAE_SWEEP_20260115,48201,3316,14400,47.8,7729
TXSD_DELTAE_SWEEP_20260115,48211,3316,14400,47.8,7729
TXSD_DELTAE_SWEEP_20260115,48221,3316,14400,47.8,7729
TXSD_DELTAE_SWEEP_20260115,48231,3316,14400,47.8,7729
TXSD_DELTAE_SWEEP_20260115,48241,3316,14500,48.1,7729
TXSD_DELTAE_SWEEP_20260115,48251,3316,14400,47.8,7729
TXSD_DELTAE_SWEEP_20260115,48261,3316,14500,48.1,7729
TXSD_DELTAE_SWEEP_20260115,48271,3316,14400,47.8,7729
TXSD_DELTAE_SWEEP_20260115,48281,3316,14400,47.8,7729
TXSD_DELTAE_SWEEP_20260115,48291,3316,14500,48.1,7729
TXSD_DELTAE_SWEEP_20260115,48301,3316,14400,47.8,7729
TXSD_DELTAE_SWEEP_20260115,48311,3316,14400,47.8,7729
TXSD_DELTAE_SWEEP_20260115,48321,3316,14400,47.8,7729
TXSD_DELTAE_SWEEP_20260115,48331,3316,14400,47.8,7729
TXSD_DELTAE_SWEEP_20260115,48341,3316,14500,48.1,7729
TXSD_DELTAE_SWEEP_20260115,48351,3316,14500,48.1,7729
TXSD_DELTAE_SWEEP_20260115,48361,3316,14500,48.1,7729
TXSD_DELTAE_SWEEP_20260115,48371,3316,14400,47.8,7729
TXSD_DELTAE_SWEEP_20260115,48381,3316,14400,47.8,7729
TXSD_DELTAE_SWEEP_20260115,48391,3316,14400,47.8,7729
TXSD_DELTAE_SWEEP_20260115,48401,3316,14400,47.8,7729
TXSD_DELTAE_SWEEP_20260115,48411,3316,14500,48.1,7729
TXSD_DELTAE_SWEEP_20260115,48421,3316,14400,47.8,7729
TXSD_DELTAE_SWEEP_20260115,48431,3316,14500,48.1,7729
TXSD_DELTAE_SWEEP_20260115,48441,3316,14400,47.8,7729
TXSD_DELTAE_SWEEP_20260115,48451,3316,14400,47.8,7729
TXSD_DELTAE_SWEEP_20260115,48461,3316,14400,47.8,7729
TXSD_DELTAE_SWEEP_20260115,48471,3316,14400,47.8,7729
TXSD_DELTAE_SWEEP_20260115,48481,3316,14400,47.8,7729
TXSD_DELTAE_SWEEP_20260115,48491,3316,14400,47.8,7729
TXSD_DELTAE_SWEEP_20260115,48501,3316,14400,47.8,7729
TXSD_DELTAE_SWEEP_20260115,48511,3316,14400,47.8,7729
TXSD_DELTAE_SWEEP_20260115,48521,3316,14400,47.8,7729
TXSD_DELTAE_SWEEP_20260115,48531,3316,14400,47.8,7729
TXSD_DELTAE_SWEEP_20260115,48541,3316,14500,48.1,7729
TXSD_DELTAE_SWEEP_20260115,48551,3316,14400,47.8,7729
TXSD_DELTAE_SWEEP_20260115,48561,3316,14500,48.1,7729
TXSD_DELTAE_SWEEP_20260115,48571,3316,14400,47.8,7729
TXSD_DELTAE_SWEEP_20260115,48581,3316,14400,47.8,7729
TXSD_DELTAE_SWEEP_20260115,48591,3316,14500,48.1,7729
TXSD_DELTAE_SWEEP_20260115,48601,3316,14500,48.1,7729
TXSD_DELTAE_SWEEP_20260115,48611,3316,14400,47.8,7729
TXSD_DELTAE_SWEEP_20260115,48621,3316,14400,47.8,7729
TXSD_DELTAE_SWEEP_20260115,48631,3316,14400,47.8,7729
TXSD_DELTAE_SWEEP_20260115,48641,3316,14500,48.1,7729
TXSD_DELTAE_SWEEP_20260115,48651,3316,14400,47.8,7729
TXSD_DELTAE_SWEEP_20260115,48661,3316,14400,47.8,7729
TXSD_DELTAE_SWEEP_20260115,48671,3316,14400,47.8,7729
TXSD_DELTAE_SWEEP_20260115,48681,3316,14400,47.8,7729
TXSD_DELTAE_SWEEP_20260115,48691,3316,14500,48.1,7729
TXSD_DELTAE_SWEEP_20260115,48701,3316,14400,47.8,7729
TXSD_DELTAE_SWEEP_20260115,48711,3316,14400,47.8,7729
TXSD_DELTAE_SWEEP_20260115,48721,3316,14500,48.1,7729
TXSD_DELTAE_SWEEP_20260115,48731,3316,14400,47.8,7729
TXSD_DELTAE_SWEEP_20260115,48741,3316,14400,47.8,7729
TXSD_DELTAE_SWEEP_20260115,48751,3316,14400,47.8,7729
TXSD_DELTAE_SWEEP_20260115,48761,3316,14400,47.8,7729
TXSD_DELTAE_SWEEP_20260115,48771,3316,14400,47.8,7729
TXSD_DELTAE_SWEEP_20260115,48781,3316,14500,48.1,7729
TXSD_DELTAE_SWEEP_20260115,48791,3316,14400,47.8,7729
TXSD_DELTAE_SWEEP_20260115,48801,3316,14500,48.1,7730
TXSD_DELTAE_SWEEP_20260115,48811,3316,14400,47.8,7730
TXSD_DELTAE_SWEEP_20260115,48821,3316,14500,48.1,7730
TXSD_DELTAE_SWEEP_20260115,48831,3316,14400,47.8,7730
TXSD_DELTAE_SWEEP_20260115,48841,3316,14500,48.1,7730
TXSD_DELTAE_SWEEP_20260115,48851,3316,14500,48.1,7730
TXSD_DELTAE_SWEEP_20260115,48861,3316,14400,47.8,7730
TXSD_DELTAE_SWEEP_20260115,48871,3316,14400,47.8,7730
TXSD_DELTAE_SWEEP_20260115,48881,3316,14400,47.8,7730
TXSD_DELTAE_SWEEP_20260115,48891,3320,14500,48.1,7730
TXSD_DELTAE_SWEEP_20260115,48901,3316,14400,47.8,7730
TXSD_DELTAE_SWEEP_20260115,48911,3316,14400,47.8,7730
TXSD_DELTAE_SWEEP_20260115,48921,3316,14400,47.8,7730
TXSD_DELTAE_SWEEP_20260115,48931,3316,14500,48.1,7730
TXSD_DELTAE_SWEEP_20260115,48941,3316,14400,47.8,7730
TXSD_DELTAE_SWEEP_20260115,48951,3316,14500,48.1,7730
TXSD_DELTAE_SWEEP_20260115,48961,3316,14500,48.1,7730
TXSD_DELTAE_SWEEP_20260115,48971,3316,14500,48.1,7730
TXSD_DELTAE_SWEEP_20260115,48981,3316,14400,47.8,7730
TXSD_DELTAE_SWEEP_20260115,48991,3316,14500,48.1,7730
TXSD_DELTAE_SWEEP_20260115,49001,3316,14400,47.8,7730
TXSD_DELTAE_SWEEP_20260115,49011,3316,14400,47.8,7730
TXSD_DELTAE_SWEEP_20260115,49021,3316,14500,48.1,7730
TXSD_DELTAE_SWEEP_20260115,49031,3316,14400,47.8,7730
TXSD_DELTAE_SWEEP_20260115,49041,3316,14400,47.8,7730
TXSD_DELTAE_SWEEP_20260115,49051,3316,14400,47.8,7730
TXSD_DELTAE_SWEEP_20260115,49061,3316,14500,48.1,7730
TXSD_DELTAE_SWEEP_20260115,49071,3316,14500,48.1,7730
TXSD_DELTAE_SWEEP_20260115,49081,3316,14400,47.8,7730
TXSD_DELTAE_SWEEP_20260115,49091,3312,14500,48.0,7730
TXSD_DELTAE_SWEEP_20260115,49101,3316,14400,47.8,7730
TXSD_DELTAE_SWEEP_20260115,49111,3316,14600,48.4,7730
TXSD_DELTAE_SWEEP_20260115,49121,3316,14500,48.1,7730
TXSD_DELTAE_SWEEP_20260115,49131,3316,14400,47.8,7730
TXSD_DELTAE_SWEEP_20260115,49141,3316,14400,47.8,7730
TXSD_DELTAE_SWEEP_20260115,49151,3316,14400,47.8,7730
TXSD_DELTAE_SWEEP_20260115,49161,3316,14400,47.8,7730
TXSD_DELTAE_SWEEP_20260115,49171,3316,14400,47.8,7730
TXSD_DELTAE_SWEEP_20260115,49181,3316,14400,47.8,7730
TXSD_DELTAE_SWEEP_20260115,49191,3316,14500,48.1,7730
TXSD_DELTAE_SWEEP_20260115,49201,3312,14400,47.7,7730
TXSD_DELTAE_SWEEP_20260115,49211,3316,14500,48.1,7730
TXSD_DELTAE_SWEEP_20260115,49221,3316,14400,47.8,7730
TXSD_DELTAE_SWEEP_20260115,49231,3316,14400,47.8,7730
TXSD_DELTAE_SWEEP_20260115,49241,3316,14400,47.8,7730
TXSD_DELTAE_SWEEP_20260115,49251,3316,14400,47.8,7730
TXSD_DELTAE_SWEEP_20260115,49261,3316,14400,47.8,7730
TXSD_DELTAE_SWEEP_20260115,49271,3316,14500,48.1,7730
TXSD_DELTAE_SWEEP_20260115,49281,3316,14400,47.8,7730
TXSD_DELTAE_SWEEP_20260115,49291,3316,14400,47.8,7730
TXSD_DELTAE_SWEEP_20260115,49301,3316,14400,47.8,7730
TXSD_DELTAE_SWEEP_20260115,49311,3316,14400,47.8,7730
TXSD_DELTAE_SWEEP_20260115,49321,3316,14400,47.8,7730
TXSD_DELTAE_SWEEP_20260115,49331,3316,14400,47.8,7730
TXSD_DELTAE_SWEEP_20260115,49341,3316,14600,48.4,7730
TXSD_DELTAE_SWEEP_20260115,49351,3316,14400,47.8,7730
TXSD_DELTAE_SWEEP_20260115,49361,3316,14400,47.8,7730
TXSD_DELTAE_SWEEP_20260115,49371,3316,14400,47.8,7730
TXSD_DELTAE_SWEEP_20260115,49381,3316,14500,48.1,7730
TXSD_DELTAE_SWEEP_20260115,49391,3316,14400,47.8,7730
TXSD_DELTAE_SWEEP_20260115,49401,3316,14500,48.1,7730
TXSD_DELTAE_SWEEP_20260115,49411,3316,14400,47.8,7730
TXSD_DELTAE_SWEEP_20260115,49421,3316,14500,48.1,7730
TXSD_DELTAE_SWEEP_20260115,49431,3316,14400,47.8,7730
TXSD_DELTAE_SWEEP_20260115,49441,3316,14400,47.8,7730
TXSD_DELTAE_SWEEP_20260115,49451,3316,14400,47.8,7730
TXSD_DELTAE_SWEEP_20260115,49461,3316,14400,47.8,7730
TXSD_DELTAE_SWEEP_20260115,49471,3316,14500,48.1,7730
TXSD_DELTAE_SWEEP_20260115,49481,3316,14400,47.8,7730
TXSD_DELTAE_SWEEP_20260115,49491,3316,14500,48.1,7730
TXSD_DELTAE_SWEEP_20260115,49501,3316,14500,48.1,7730
TXSD_DELTAE_SWEEP_20260115,49511,3316,14500,48.1,7730
TXSD_DELTAE_SWEEP_20260115,49521,3316,14300,47.4,7730
TXSD_DELTAE_SWEEP_20260115,49531,3316,14500,48.1,7730
TXSD_DELTAE_SWEEP_20260115,49541,3316,14400,47.8,7730
TXSD_DELTAE_SWEEP_20260115,49551,3316,14500,48.1,7730
TXSD_DELTAE_SWEEP_20260115,49561,3316,14400,47.8,7730
TXSD_DELTAE_SWEEP_20260115,49571,3316,14400,47.8,7730
TXSD_DELTAE_SWEEP_20260115,49581,3316,14400,47.8,7730
TXSD_DELTAE_SWEEP_20260115,49591,3316,14400,47.8,7730
TXSD_DELTAE_SWEEP_20260115,49601,3316,14400,47.8,7730
TXSD_DELTAE_SWEEP_20260115,49611,3316,14500,48.1,7730
TXSD_DELTAE_SWEEP_20260115,49621,3316,14400,47.8,7730
TXSD_DELTAE_SWEEP_20260115,49631,3316,14500,48.1,7730
TXSD_DELTAE_SWEEP_20260115,49641,3316,14500,48.1,7730
TXSD_DELTAE_SWEEP_20260115,49651,3316,14400,47.8,7730
TXSD_DELTAE_SWEEP_20260115,49661,3316,14400,47.8,7730
TXSD_DELTAE_SWEEP_20260115,49671,3316,14400,47.8,7730
TXSD_DELTAE_SWEEP_20260115,49681,3316,14400,47.8,7730
TXSD_DELTAE_SWEEP_20260115,49691,3316,14500,48.1,7730
TXSD_DELTAE_SWEEP_20260115,49701,3316,14500,48.1,7730
TXSD_DELTAE_SWEEP_20260115,49711,3316,14400,47.8,7730
TXSD_DELTAE_SWEEP_20260115,49721,3316,14400,47.8,7730
TXSD_DELTAE_SWEEP_20260115,49731,3316,14400,47.8,7730
TXSD_DELTAE_SWEEP_20260115,49741,3316,14400,47.8,7730
TXSD_DELTAE_SWEEP_20260115,49751,3316,14400,47.8,7730
TXSD_DELTAE_SWEEP_20260115,49761,3316,14400,47.8,7730
TXSD_DELTAE_SWEEP_20260115,49771,3316,14400,47.8,7730
TXSD_DELTAE_SWEEP_20260115,49781,3316,14400,47.8,7730
TXSD_DELTAE_SWEEP_20260115,49791,3316,14500,48.1,7730
TXSD_DELTAE_SWEEP_20260115,49801,3316,14500,48.1,7731
TXSD_DELTAE_SWEEP_20260115,49811,3316,14500,48.1,7731
TXSD_DELTAE_SWEEP_20260115,49821,3316,14400,47.8,7731
TXSD_DELTAE_SWEEP_20260115,49831,3316,14500,48.1,7731
TXSD_DELTAE_SWEEP_20260115,49841,3316,14500,48.1,7731
TXSD_DELTAE_SWEEP_20260115,49851,3316,14400,47.8,7731
TXSD_DELTAE_SWEEP_20260115,49861,3316,14500,48.1,7731
TXSD_DELTAE_SWEEP_20260115,49871,3316,14400,47.8,7731
TXSD_DELTAE_SWEEP_20260115,49881,3316,14400,47.8,7731
TXSD_DELTAE_SWEEP_20260115,49891,3316,14400,47.8,7731
TXSD_DELTAE_SWEEP_20260115,49901,3316,14400,47.8,7731
TXSD_DELTAE_SWEEP_20260115,49911,3316,14500,48.1,7731
TXSD_DELTAE_SWEEP_20260115,49921,3316,14400,47.8,7731
TXSD_DELTAE_SWEEP_20260115,49931,3316,14400,47.8,7731
TXSD_DELTAE_SWEEP_20260115,49941,3316,14400,47.8,7731
TXSD_DELTAE_SWEEP_20260115,49951,3316,14400,47.8,7731
TXSD_DELTAE_SWEEP_20260115,49961,3316,14400,47.8,7731
TXSD_DELTAE_SWEEP_20260115,49971,3316,14400,47.8,7731
TXSD_DELTAE_SWEEP_20260115,49981,3316,14500,48.1,7731
TXSD_DELTAE_SWEEP_20260115,49991,3316,14400,47.8,7731
TXSD_DELTAE_SWEEP_20260115,50001,3316,14400,47.8,7731
TXSD_DELTAE_SWEEP_20260115,50011,3316,14400,47.8,7731
TXSD_DELTAE_SWEEP_20260115,50021,3316,14400,47.8,7731
TXSD_DELTAE_SWEEP_20260115,50031,3316,14400,47.8,7731
TXSD_DELTAE_SWEEP_20260115,50041,3316,14400,47.8,7731
TXSD_DELTAE_SWEEP_20260115,50051,3316,14400,47.8,7731
TXSD_DELTAE_SWEEP_20260115,50061,3316,14500,48.1,7731
TXSD_DELTAE_SWEEP_20260115,50071,3316,14500,48.1,7731
TXSD_DELTAE_SWEEP_20260115,50081,3316,14400,47.8,7731
TXSD_DELTAE_SWEEP_20260115,50091,3316,14700,48.7,7731
TXSD_DELTAE_SWEEP_20260115,50101,3316,14400,47.8,7731
TXSD_DELTAE_SWEEP_20260115,50111,3316,14600,48.4,7731
TXSD_DELTAE_SWEEP_20260115,50121,3316,14400,47.8,7731
TXSD_DELTAE_SWEEP_20260115,50131,3316,14400,47.8,7731
TXSD_DELTAE_SWEEP_20260115,50141,3316,14400,47.8,7731
TXSD_DELTAE_SWEEP_20260115,50151,3316,14400,47.8,7731
TXSD_DELTAE_SWEEP_20260115,50161,3316,14400,47.8,7731
TXSD_DELTAE_SWEEP_20260115,50171,3316,14400,47.8,7731
TXSD_DELTAE_SWEEP_20260115,50181,3316,14400,47.8,7731
TXSD_DELTAE_SWEEP_20260115,50191,3316,14400,47.8,7731
TXSD_DELTAE_SWEEP_20260115,50201,3316,14400,47.8,7731
TXSD_DELTAE_SWEEP_20260115,50211,3316,14400,47.8,7731
TXSD_DELTAE_SWEEP_20260115,50221,3316,14500,48.1,7731
TXSD_DELTAE_SWEEP_20260115,50231,3316,14400,47.8,7731
TXSD_DELTAE_SWEEP_20260115,50241,3316,14500,48.1,7731
TXSD_DELTAE_SWEEP_20260115,50251,3316,14400,47.8,7731
TXSD_DELTAE_SWEEP_20260115,50261,3316,14500,48.1,7731
TXSD_DELTAE_SWEEP_20260115,50271,3316,14300,47.4,7731
TXSD_DELTAE_SWEEP_20260115,50281,3316,14500,48.1,7731
TXSD_DELTAE_SWEEP_20260115,50291,3316,14400,47.8,7731
TXSD_DELTAE_SWEEP_20260115,50301,3316,14400,47.8,7731
TXSD_DELTAE_SWEEP_20260115,50311,3316,14400,47.8,7731
TXSD_DELTAE_SWEEP_20260115,50321,3316,14500,48.1,7731
TXSD_DELTAE_SWEEP_20260115,50331,3316,14400,47.8,7731
TXSD_DELTAE_SWEEP_20260115,50341,3316,14500,48.1,7731
TXSD_DELTAE_SWEEP_20260115,50351,3316,14500,48.1,7731
TXSD_DELTAE_SWEEP_20260115,50361,3316,14400,47.8,7731
TXSD_DELTAE_SWEEP_20260115,50371,3316,14400,47.8,7731
TXSD_DELTAE_SWEEP_20260115,50381,3316,14400,47.8,7731
TXSD_DELTAE_SWEEP_20260115,50391,3316,14500,48.1,7731
TXSD_DELTAE_SWEEP_20260115,50401,3316,14400,47.8,7731
TXSD_DELTAE_SWEEP_20260115,50411,3316,14400,47.8,7731
TXSD_DELTAE_SWEEP_20260115,50421,3316,14300,47.4,7731
TXSD_DELTAE_SWEEP_20260115,50431,3316,14400,47.8,7731
TXSD_DELTAE_SWEEP_20260115,50441,3316,14400,47.8,7731
TXSD_DELTAE_SWEEP_20260115,50451,3316,14400,47.8,7731
TXSD_DELTAE_SWEEP_20260115,50461,3316,14400,47.8,7731
TXSD_DELTAE_SWEEP_20260115,50471,3316,14400,47.8,7731
TXSD_DELTAE_SWEEP_20260115,50481,3316,14500,48.1,7731
TXSD_DELTAE_SWEEP_20260115,50491,3316,14500,48.1,7731
TXSD_DELTAE_SWEEP_20260115,50501,3316,14500,48.1,7731
TXSD_DELTAE_SWEEP_20260115,50511,3316,14400,47.8,7731
TXSD_DELTAE_SWEEP_20260115,50521,3316,14400,47.8,7731
TXSD_DELTAE_SWEEP_20260115,50531,3316,14400,47.8,7731
TXSD_DELTAE_SWEEP_20260115,50541,3316,14500,48.1,7731
TXSD_DELTAE_SWEEP_20260115,50551,3316,14400,47.8,7731
TXSD_DELTAE_SWEEP_20260115,50561,3316,14500,48.1,7731
TXSD_DELTAE_SWEEP_20260115,50571,3316,14400,47.8,7731
TXSD_DELTAE_SWEEP_20260115,50581,3316,14400,47.8,7731
TXSD_DELTAE_SWEEP_20260115,50591,3316,14500,48.1,7731
TXSD_DELTAE_SWEEP_20260115,50601,3316,14400,47.8,7731
TXSD_DELTAE_SWEEP_20260115,50611,3316,14400,47.8,7731
TXSD_DELTAE_SWEEP_20260115,50621,3316,14300,47.4,7731
TXSD_DELTAE_SWEEP_20260115,50631,3316,14500,48.1,7731
TXSD_DELTAE_SWEEP_20260115,50641,3316,14500,48.1,7731
TXSD_DELTAE_SWEEP_20260115,50651,3316,14500,48.1,7731
TXSD_DELTAE_SWEEP_20260115,50661,3316,14400,47.8,7731
TXSD_DELTAE_SWEEP_20260115,50671,3316,14500,48.1,7731
TXSD_DELTAE_SWEEP_20260115,50681,3316,14400,47.8,7731
TXSD_DELTAE_SWEEP_20260115,50691,3316,14600,48.4,7731
TXSD_DELTAE_SWEEP_20260115,50701,3316,14400,47.8,7731
TXSD_DELTAE_SWEEP_20260115,50711,3316,14500,48.1,7731
TXSD_DELTAE_SWEEP_20260115,50721,3316,14400,47.8,7731
TXSD_DELTAE_SWEEP_20260115,50731,3316,14400,47.8,7731
TXSD_DELTAE_SWEEP_20260115,50741,3316,14400,47.8,7731
TXSD_DELTAE_SWEEP_20260115,50751,3316,14400,47.8,7731
TXSD_DELTAE_SWEEP_20260115,50761,3316,14400,47.8,7731
TXSD_DELTAE_SWEEP_20260115,50771,3316,14400,47.8,7731
TXSD_DELTAE_SWEEP_20260115,50781,3316,14500,48.1,7731
TXSD_DELTAE_SWEEP_20260115,50791,3316,14400,47.8,7731
TXSD_DELTAE_SWEEP_20260115,50801,3316,14500,48.1,7732
TXSD_DELTAE_SWEEP_20260115,50811,3316,14400,47.8,7732
TXSD_DELTAE_SWEEP_20260115,50821,3316,14500,48.1,7732
TXSD_DELTAE_SWEEP_20260115,50831,3316,14500,48.1,7732
TXSD_DELTAE_SWEEP_20260115,50841,3316,14500,48.1,7732
TXSD_DELTAE_SWEEP_20260115,50851,3316,14400,47.8,7732
TXSD_DELTAE_SWEEP_20260115,50861,3312,14500,48.0,7732
TXSD_DELTAE_SWEEP_20260115,50871,3316,14400,47.8,7732
TXSD_DELTAE_SWEEP_20260115,50881,3316,14400,47.8,7732
TXSD_DELTAE_SWEEP_20260115,50891,3316,14500,48.1,7732
TXSD_DELTAE_SWEEP_20260115,50901,3316,14400,47.8,7732
TXSD_DELTAE_SWEEP_20260115,50911,3316,14300,47.4,7732
TXSD_DELTAE_SWEEP_20260115,50921,3316,14400,47.8,7732
TXSD_DELTAE_SWEEP_20260115,50931,3316,14400,47.8,7732
TXSD_DELTAE_SWEEP_20260115,50941,3316,14400,47.8,7732
TXSD_DELTAE_SWEEP_20260115,50951,3316,14400,47.8,7732
TXSD_DELTAE_SWEEP_20260115,50961,3316,14400,47.8,7732
TXSD_DELTAE_SWEEP_20260115,50971,3316,14400,47.8,7732
TXSD_DELTAE_SWEEP_20260115,50981,3316,14400,47.8,7732
TXSD_DELTAE_SWEEP_20260115,50991,3316,14500,48.1,7732
TXSD_DELTAE_SWEEP_20260115,51001,3316,14500,48.1,7732
TXSD_DELTAE_SWEEP_20260115,51011,3316,14400,47.8,7732
TXSD_DELTAE_SWEEP_20260115,51021,3316,14400,47.8,7732
TXSD_DELTAE_SWEEP_20260115,51031,3316,14400,47.8,7732
TXSD_DELTAE_SWEEP_20260115,51041,3316,14500,48.1,7732
TXSD_DELTAE_SWEEP_20260115,51051,3316,14400,47.8,7732
TXSD_DELTAE_SWEEP_20260115,51061,3316,14400,47.8,7732
TXSD_DELTAE_SWEEP_20260115,51071,3316,14400,47.8,7732
TXSD_DELTAE_SWEEP_20260115,51081,3316,14500,48.1,7732
TXSD_DELTAE_SWEEP_20260115,51091,3316,14400,47.8,7732
TXSD_DELTAE_SWEEP_20260115,51101,3316,14400,47.8,7732
TXSD_DELTAE_SWEEP_20260115,51111,3316,14400,47.8,7732
TXSD_DELTAE_SWEEP_20260115,51121,3316,14500,48.1,7732
TXSD_DELTAE_SWEEP_20260115,51131,3316,14400,47.8,7732
TXSD_DELTAE_SWEEP_20260115,51141,3316,14500,48.1,7732
TXSD_DELTAE_SWEEP_20260115,51151,3316,14400,47.8,7732
TXSD_DELTAE_SWEEP_20260115,51161,3316,14400,47.8,7732
TXSD_DELTAE_SWEEP_20260115,51171,3316,14400,47.8,7732
TXSD_DELTAE_SWEEP_20260115,51181,3316,14400,47.8,7732
TXSD_DELTAE_SWEEP_20260115,51191,3316,14500,48.1,7732
TXSD_DELTAE_SWEEP_20260115,51201,3316,14400,47.8,7732
TXSD_DELTAE_SWEEP_20260115,51211,3316,14500,48.1,7732
TXSD_DELTAE_SWEEP_20260115,51221,3316,14400,47.8,7732
TXSD_DELTAE_SWEEP_20260115,51231,3316,14400,47.8,7732
TXSD_DELTAE_SWEEP_20260115,51241,3316,14500,48.1,7732
TXSD_DELTAE_SWEEP_20260115,51251,3316,14500,48.1,7732
TXSD_DELTAE_SWEEP_20260115,51261,3316,14400,47.8,7732
TXSD_DELTAE_SWEEP_20260115,51271,3312,14500,48.0,7732
TXSD_DELTAE_SWEEP_20260115,51281,3316,14400,47.8,7732
TXSD_DELTAE_SWEEP_20260115,51291,3316,14500,48.1,7732
TXSD_DELTAE_SWEEP_20260115,51301,3316,14400,47.8,7732
TXSD_DELTAE_SWEEP_20260115,51311,3316,14400,47.8,7732
TXSD_DELTAE_SWEEP_20260115,51321,3316,14400,47.8,7732
TXSD_DELTAE_SWEEP_20260115,51331,3316,14400,47.8,7732
TXSD_DELTAE_SWEEP_20260115,51341,3316,14500,48.1,7732
TXSD_DELTAE_SWEEP_20260115,51351,3316,14300,47.4,7732
TXSD_DELTAE_SWEEP_20260115,51361,3316,14500,48.1,7732
TXSD_DELTAE_SWEEP_20260115,51371,3316,14400,47.8,7732
TXSD_DELTAE_SWEEP_20260115,51381,3316,14500,48.1,7732
TXSD_DELTAE_SWEEP_20260115,51391,3316,14500,48.1,7732
TXSD_DELTAE_SWEEP_20260115,51401,3316,14500,48.1,7732
TXSD_DELTAE_SWEEP_20260115,51411,3316,14400,47.8,7732
TXSD_DELTAE_SWEEP_20260115,51421,3316,14500,48.1,7732
TXSD_DELTAE_SWEEP_20260115,51431,3316,14400,47.8,7732
TXSD_DELTAE_SWEEP_20260115,51441,3316,14500,48.1,7732
TXSD_DELTAE_SWEEP_20260115,51451,3316,14400,47.8,7732
TXSD_DELTAE_SWEEP_20260115,51461,3316,14500,48.1,7732
TXSD_DELTAE_SWEEP_20260115,51471,3316,14500,48.1,7732
TXSD_DELTAE_SWEEP_20260115,51481,3316,14400,47.8,7732
TXSD_DELTAE_SWEEP_20260115,51491,3316,14400,47.8,7732
TXSD_DELTAE_SWEEP_20260115,51501,3316,14400,47.8,7732
TXSD_DELTAE_SWEEP_20260115,51511,3316,14500,48.1,7732
TXSD_DELTAE_SWEEP_20260115,51521,3316,14400,47.8,7732
TXSD_DELTAE_SWEEP_20260115,51531,3316,14500,48.1,7732
TXSD_DELTAE_SWEEP_20260115,51541,3316,14500,48.1,7732
TXSD_DELTAE_SWEEP_20260115,51551,3312,14500,48.0,7732
TXSD_DELTAE_SWEEP_20260115,51561,3316,14400,47.8,7732
TXSD_DELTAE_SWEEP_20260115,51571,3316,14500,48.1,7732
TXSD_DELTAE_SWEEP_20260115,51581,3316,14500,48.1,7732
TXSD_DELTAE_SWEEP_20260115,51591,3316,14500,48.1,7732
TXSD_DELTAE_SWEEP_20260115,51601,3312,14400,47.7,7732
TXSD_DELTAE_SWEEP_20260115,51611,3316,14400,47.8,7732
TXSD_DELTAE_SWEEP_20260115,51621,3316,14400,47.8,7732
TXSD_DELTAE_SWEEP_20260115,51631,3316,14400,47.8,7732
TXSD_DELTAE_SWEEP_20260115,51641,3316,14400,47.8,7732
TXSD_DELTAE_SWEEP_20260115,51651,3316,14400,47.8,7732
TXSD_DELTAE_SWEEP_20260115,51661,3316,14400,47.8,7732
TXSD_DELTAE_SWEEP_20260115,51671,3316,14400,47.8,7732
TXSD_DELTAE_SWEEP_20260115,51681,3316,14400,47.8,7732
TXSD_DELTAE_SWEEP_20260115,51691,3316,14400,47.8,7732
TXSD_DELTAE_SWEEP_20260115,51701,3316,14500,48.1,7732
TXSD_DELTAE_SWEEP_20260115,51711,3316,14400,47.8,7732
TXSD_DELTAE_SWEEP_20260115,51721,3316,14500,48.1,7732
TXSD_DELTAE_SWEEP_20260115,51731,3316,14400,47.8,7732
TXSD_DELTAE_SWEEP_20260115,51741,3316,14500,48.1,7732
TXSD_DELTAE_SWEEP_20260115,51751,3316,14500,48.1,7732
TXSD_DELTAE_SWEEP_20260115,51761,3316,14400,47.8,7732
TXSD_DELTAE_SWEEP_20260115,51771,3316,14400,47.8,7732
TXSD_DELTAE_SWEEP_20260115,51781,3316,14300,47.4,7732
TXSD_DELTAE_SWEEP_20260115,51791,3316,14500,48.1,7732
TXSD_DELTAE_SWEEP_20260115,51801,3316,14500,48.1,7733
TXSD_DELTAE_SWEEP_20260115,51811,3316,14500,48.1,7733
TXSD_DELTAE_SWEEP_20260115,51821,3316,14500,48.1,7733
TXSD_DELTAE_SWEEP_20260115,51831,3316,14400,47.8,7733
TXSD_DELTAE_SWEEP_20260115,51841,3316,14500,48.1,7733
TXSD_DELTAE_SWEEP_20260115,51851,3316,14500,48.1,7733
TXSD_DELTAE_SWEEP_20260115,51861,3316,14400,47.8,7733
TXSD_DELTAE_SWEEP_20260115,51871,3316,14400,47.8,7733
TXSD_DELTAE_SWEEP_20260115,51881,3316,14400,47.8,7733
TXSD_DELTAE_SWEEP_20260115,51891,3316,14400,47.8,7733
TXSD_DELTAE_SWEEP_20260115,51901,3316,14400,47.8,7733
TXSD_DELTAE_SWEEP_20260115,51911,3316,14400,47.8,7733
TXSD_DELTAE_SWEEP_20260115,51921,3316,14500,48.1,7733
TXSD_DELTAE_SWEEP_20260115,51931,3316,14400,47.8,7733
TXSD_DELTAE_SWEEP_20260115,51941,3316,14400,47.8,7733
TXSD_DELTAE_SWEEP_20260115,51951,3316,14400,47.8,7733
TXSD_DELTAE_SWEEP_20260115,51961,3316,14400,47.8,7733
TXSD_DELTAE_SWEEP_20260115,51971,3316,14400,47.8,7733
TXSD_DELTAE_SWEEP_20260115,51981,3316,14400,47.8,7733
TXSD_DELTAE_SWEEP_20260115,51991,3316,14300,47.4,7733
TXSD_DELTAE_SWEEP_20260115,52001,3316,14500,48.1,7733
TXSD_DELTAE_SWEEP_20260115,52011,3316,14400,47.8,7733
TXSD_DELTAE_SWEEP_20260115,52021,3316,14400,47.8,7733
TXSD_DELTAE_SWEEP_20260115,52031,3316,14400,47.8,7733
TXSD_DELTAE_SWEEP_20260115,52041,3316,14500,48.1,7733
TXSD_DELTAE_SWEEP_20260115,52051,3316,14400,47.8,7733
TXSD_DELTAE_SWEEP_20260115,52061,3316,14400,47.8,7733
TXSD_DELTAE_SWEEP_20260115,52071,3316,14400,47.8,7733
TXSD_DELTAE_SWEEP_20260115,52081,3316,14400,47.8,7733
TXSD_DELTAE_SWEEP_20260115,52091,3316,14500,48.1,7733
TXSD_DELTAE_SWEEP_20260115,52101,3316,14500,48.1,7733
TXSD_DELTAE_SWEEP_20260115,52111,3316,14500,48.1,7733
TXSD_DELTAE_SWEEP_20260115,52121,3316,14500,48.1,7733
TXSD_DELTAE_SWEEP_20260115,52131,3316,14400,47.8,7733
TXSD_DELTAE_SWEEP_20260115,52141,3316,14400,47.8,7733
TXSD_DELTAE_SWEEP_20260115,52151,3316,14400,47.8,7733
TXSD_DELTAE_SWEEP_20260115,52161,3316,14400,47.8,7733
TXSD_DELTAE_SWEEP_20260115,52171,3316,14400,47.8,7733
TXSD_DELTAE_SWEEP_20260115,52181,3316,14400,47.8,7733
TXSD_DELTAE_SWEEP_20260115,52191,3316,14400,47.8,7733
TXSD_DELTAE_SWEEP_20260115,52201,3316,14500,48.1,7733
TXSD_DELTAE_SWEEP_20260115,52211,3316,14300,47.4,7733
TXSD_DELTAE_SWEEP_20260115,52221,3316,14400,47.8,7733
TXSD_DELTAE_SWEEP_20260115,52231,3316,14300,47.4,7733
TXSD_DELTAE_SWEEP_20260115,52241,3316,14500,48.1,7733
TXSD_DELTAE_SWEEP_20260115,52251,3316,14400,47.8,7733
TXSD_DELTAE_SWEEP_20260115,52261,3316,14500,48.1,7733
TXSD_DELTAE_SWEEP_20260115,52271,3316,14500,48.1,7733
TXSD_DELTAE_SWEEP_20260115,52281,3316,14500,48.1,7733
TXSD_DELTAE_SWEEP_20260115,52291,3316,14400,47.8,7733
TXSD_DELTAE_SWEEP_20260115,52301,3316,14500,48.1,7733
TXSD_DELTAE_SWEEP_20260115,52311,3316,14400,47.8,7733
TXSD_DELTAE_SWEEP_20260115,52321,3316,14500,48.1,7733
TXSD_DELTAE_SWEEP_20260115,52331,3316,14400,47.8,7733
TXSD_DELTAE_SWEEP_20260115,52341,3316,14500,48.1,7733
TXSD_DELTAE_SWEEP_20260115,52351,3316,14400,47.8,7733
TXSD_DELTAE_SWEEP_20260115,52361,3316,14400,47.8,7733
TXSD_DELTAE_SWEEP_20260115,52371,3316,14400,47.8,7733
TXSD_DELTAE_SWEEP_20260115,52381,3316,14400,47.8,7733
TXSD_DELTAE_SWEEP_20260115,52391,3316,14500,48.1,7733
TXSD_DELTAE_SWEEP_20260115,52401,3316,14400,47.8,7733
TXSD_DELTAE_SWEEP_20260115,52411,3316,14500,48.1,7733
TXSD_DELTAE_SWEEP_20260115,52421,3316,14400,47.8,7733
TXSD_DELTAE_SWEEP_20260115,52431,3316,14400,47.8,7733
TXSD_DELTAE_SWEEP_20260115,52441,3316,14400,47.8,7733
TXSD_DELTAE_SWEEP_20260115,52451,3316,14400,47.8,7733
TXSD_DELTAE_SWEEP_20260115,52461,3316,14400,47.8,7733
TXSD_DELTAE_SWEEP_20260115,52471,3316,14400,47.8,7733
TXSD_DELTAE_SWEEP_20260115,52481,3316,14400,47.8,7733
TXSD_DELTAE_SWEEP_20260115,52491,3320,14400,47.8,7733
TXSD_DELTAE_SWEEP_20260115,52501,3316,14400,47.8,7733
TXSD_DELTAE_SWEEP_20260115,52511,3316,14400,47.8,7733
TXSD_DELTAE_SWEEP_20260115,52521,3316,14400,47.8,7733
TXSD_DELTAE_SWEEP_20260115,52531,3316,14400,47.8,7733
TXSD_DELTAE_SWEEP_20260115,52541,3316,14400,47.8,7733
TXSD_DELTAE_SWEEP_20260115,52551,3316,14400,47.8,7733
TXSD_DELTAE_SWEEP_20260115,52561,3316,14500,48.1,7733
TXSD_DELTAE_SWEEP_20260115,52571,3316,14400,47.8,7733
TXSD_DELTAE_SWEEP_20260115,52581,3316,14500,48.1,7733
TXSD_DELTAE_SWEEP_20260115,52591,3316,14400,47.8,7733
TXSD_DELTAE_SWEEP_20260115,52601,3316,14400,47.8,7733
TXSD_DELTAE_SWEEP_20260115,52611,3316,14400,47.8,7733
TXSD_DELTAE_SWEEP_20260115,52621,3316,14300,47.4,7733
TXSD_DELTAE_SWEEP_20260115,52631,3316,14400,47.8,7733
TXSD_DELTAE_SWEEP_20260115,52641,3316,14400,47.8,7733
TXSD_DELTAE_SWEEP_20260115,52651,3316,14400,47.8,7733
TXSD_DELTAE_SWEEP_20260115,52661,3316,14400,47.8,7733
TXSD_DELTAE_SWEEP_20260115,52671,3316,14400,47.8,7733
TXSD_DELTAE_SWEEP_20260115,52681,3316,14400,47.8,7733
TXSD_DELTAE_SWEEP_20260115,52691,3316,14500,48.1,7733
TXSD_DELTAE_SWEEP_20260115,52701,3316,14400,47.8,7733
TXSD_DELTAE_SWEEP_20260115,52711,3316,14400,47.8,7733
TXSD_DELTAE_SWEEP_20260115,52721,3316,14400,47.8,7733
TXSD_DELTAE_SWEEP_20260115,52731,3316,14400,47.8,7733
TXSD_DELTAE_SWEEP_20260115,52741,3316,14400,47.8,7733
TXSD_DELTAE_SWEEP_20260115,52751,3316,14400,47.8,7733
TXSD_DELTAE_SWEEP_20260115,52761,3316,14400,47.8,7733
TXSD_DELTAE_SWEEP_20260115,52771,3316,14400,47.8,7733
TXSD_DELTAE_SWEEP_20260115,52781,3316,14400,47.8,7733
TXSD_DELTAE_SWEEP_20260115,52791,3316,14500,48.1,7733
TXSD_DELTAE_SWEEP_20260115,52801,3316,14500,48.1,7734
TXSD_DELTAE_SWEEP_20260115,52811,3316,14400,47.8,7734
TXSD_DELTAE_SWEEP_20260115,52821,3316,14400,47.8,7734
TXSD_DELTAE_SWEEP_20260115,52831,3316,14400,47.8,7734
TXSD_DELTAE_SWEEP_20260115,52841,3316,14500,48.1,7734
TXSD_DELTAE_SWEEP_20260115,52851,3316,14400,47.8,7734
TXSD_DELTAE_SWEEP_20260115,52861,3316,14500,48.1,7734
TXSD_DELTAE_SWEEP_20260115,52871,3316,14400,47.8,7734
TXSD_DELTAE_SWEEP_20260115,52881,3316,14400,47.8,7734
TXSD_DELTAE_SWEEP_20260115,52891,3316,14400,47.8,7734
TXSD_DELTAE_SWEEP_20260115,52901,3316,14400,47.8,7734
TXSD_DELTAE_SWEEP_20260115,52911,3316,14400,47.8,7734
TXSD_DELTAE_SWEEP_20260115,52921,3316,14400,47.8,7734
TXSD_DELTAE_SWEEP_20260115,52931,3316,14400,47.8,7734
TXSD_DELTAE_SWEEP_20260115,52941,3316,14400,47.8,7734
TXSD_DELTAE_SWEEP_20260115,52951,3316,14500,48.1,7734
TXSD_DELTAE_SWEEP_20260115,52961,3316,14400,47.8,7734
TXSD_DELTAE_SWEEP_20260115,52971,3316,14400,47.8,7734
TXSD_DELTAE_SWEEP_20260115,52981,3316,14400,47.8,7734
TXSD_DELTAE_SWEEP_20260115,52991,3316,14500,48.1,7734
TXSD_DELTAE_SWEEP_20260115,53001,3316,14400,47.8,7734
TXSD_DELTAE_SWEEP_20260115,53011,3316,14500,48.1,7734
TXSD_DELTAE_SWEEP_20260115,53021,3316,14400,47.8,7734
TXSD_DELTAE_SWEEP_20260115,53031,3316,14400,47.8,7734
TXSD_DELTAE_SWEEP_20260115,53041,3316,14400,47.8,7734
TXSD_DELTAE_SWEEP_20260115,53051,3316,14500,48.1,7734
TXSD_DELTAE_SWEEP_20260115,53061,3316,14500,48.1,7734
TXSD_DELTAE_SWEEP_20260115,53071,3316,14400,47.8,7734
TXSD_DELTAE_SWEEP_20260115,53081,3316,14400,47.8,7734
TXSD_DELTAE_SWEEP_20260115,53091,3316,14500,48.1,7734
TXSD_DELTAE_SWEEP_20260115,53101,3316,14500,48.1,7734
TXSD_DELTAE_SWEEP_20260115,53111,3316,14500,48.1,7734
TXSD_DELTAE_SWEEP_20260115,53121,3316,14600,48.4,7734
TXSD_DELTAE_SWEEP_20260115,53131,3316,14400,47.8,7734
TXSD_DELTAE_SWEEP_20260115,53141,3316,14500,48.1,7734
TXSD_DELTAE_SWEEP_20260115,53151,3316,14300,47.4,7734
TXSD_DELTAE_SWEEP_20260115,53161,3316,14400,47.8,7734
TXSD_DELTAE_SWEEP_20260115,53171,3316,14400,47.8,7734
TXSD_DELTAE_SWEEP_20260115,53181,3316,14300,47.4,7734
TXSD_DELTAE_SWEEP_20260115,53191,3316,14400,47.8,7734
TXSD_DELTAE_SWEEP_20260115,53201,3316,14400,47.8,7734
TXSD_DELTAE_SWEEP_20260115,53211,3316,14400,47.8,7734
TXSD_DELTAE_SWEEP_20260115,53221,3316,14400,47.8,7734
TXSD_DELTAE_SWEEP_20260115,53231,3316,14400,47.8,7734
TXSD_DELTAE_SWEEP_20260115,53241,3316,14500,48.1,7734
TXSD_DELTAE_SWEEP_20260115,53251,3316,14400,47.8,7734
TXSD_DELTAE_SWEEP_20260115,53261,3316,14500,48.1,7734
TXSD_DELTAE_SWEEP_20260115,53271,3316,14400,47.8,7734
TXSD_DELTAE_SWEEP_20260115,53281,3316,14400,47.8,7734
TXSD_DELTAE_SWEEP_20260115,53291,3316,14500,48.1,7734
TXSD_DELTAE_SWEEP_20260115,53301,3316,14400,47.8,7734
TXSD_DELTAE_SWEEP_20260115,53311,3316,14400,47.8,7734
TXSD_DELTAE_SWEEP_20260115,53321,3316,14400,47.8,7734
TXSD_DELTAE_SWEEP_20260115,53331,3316,14400,47.8,7734
TXSD_DELTAE_SWEEP_20260115,53341,3316,14400,47.8,7734
TXSD_DELTAE_SWEEP_20260115,53351,3316,14400,47.8,7734
TXSD_DELTAE_SWEEP_20260115,53361,3316,14500,48.1,7734
TXSD_DELTAE_SWEEP_20260115,53371,3316,14400,47.8,7734
TXSD_DELTAE_SWEEP_20260115,53381,3316,14400,47.8,7734
TXSD_DELTAE_SWEEP_20260115,53391,3316,14400,47.8,7734
TXSD_DELTAE_SWEEP_20260115,53401,3316,14500,48.1,7734
TXSD_DELTAE_SWEEP_20260115,53411,3316,14400,47.8,7734
TXSD_DELTAE_SWEEP_20260115,53421,3316,14500,48.1,7734
TXSD_DELTAE_SWEEP_20260115,53431,3316,14400,47.8,7734
TXSD_DELTAE_SWEEP_20260115,53441,3316,14400,47.8,7734
TXSD_DELTAE_SWEEP_20260115,53451,3316,14400,47.8,7734
TXSD_DELTAE_SWEEP_20260115,53461,3316,14400,47.8,7734
TXSD_DELTAE_SWEEP_20260115,53471,3316,14400,47.8,7734
TXSD_DELTAE_SWEEP_20260115,53481,3316,14400,47.8,7734
TXSD_DELTAE_SWEEP_20260115,53491,3316,14500,48.1,7734
TXSD_DELTAE_SWEEP_20260115,53501,3316,14400,47.8,7734
TXSD_DELTAE_SWEEP_20260115,53511,3316,14400,47.8,7734
TXSD_DELTAE_SWEEP_20260115,53521,3316,14400,47.8,7734
TXSD_DELTAE_SWEEP_20260115,53531,3316,14500,48.1,7734
TXSD_DELTAE_SWEEP_20260115,53541,3316,14500,48.1,7734
TXSD_DELTAE_SWEEP_20260115,53551,3316,14500,48.1,7734
TXSD_DELTAE_SWEEP_20260115,53561,3316,14400,47.8,7734
TXSD_DELTAE_SWEEP_20260115,53571,3316,14500,48.1,7734
TXSD_DELTAE_SWEEP_20260115,53581,3316,14400,47.8,7734
TXSD_DELTAE_SWEEP_20260115,53591,3316,14400,47.8,7734
TXSD_DELTAE_SWEEP_20260115,53601,3316,14500,48.1,7734
TXSD_DELTAE_SWEEP_20260115,53611,3316,14400,47.8,7734
TXSD_DELTAE_SWEEP_20260115,53621,3312,14400,47.7,7734
TXSD_DELTAE_SWEEP_20260115,53631,3316,14400,47.8,7734
TXSD_DELTAE_SWEEP_20260115,53641,3316,14500,48.1,7734
TXSD_DELTAE_SWEEP_20260115,53651,3316,14500,48.1,7734
TXSD_DELTAE_SWEEP_20260115,53661,3316,14500,48.1,7734
TXSD_DELTAE_SWEEP_20260115,53671,3316,14400,47.8,7734
TXSD_DELTAE_SWEEP_20260115,53681,3316,14500,48.1,7734
TXSD_DELTAE_SWEEP_20260115,53691,3316,14500,48.1,7734
TXSD_DELTAE_SWEEP_20260115,53701,3316,14500,48.1,7734
TXSD_DELTAE_SWEEP_20260115,53711,3316,14400,47.8,7734
TXSD_DELTAE_SWEEP_20260115,53721,3316,14400,47.8,7734
TXSD_DELTAE_SWEEP_20260115,53731,3316,14400,47.8,7734
TXSD_DELTAE_SWEEP_20260115,53741,3316,14400,47.8,7734
TXSD_DELTAE_SWEEP_20260115,53751,3316,14500,48.1,7734
TXSD_DELTAE_SWEEP_20260115,53761,3316,14400,47.8,7734
TXSD_DELTAE_SWEEP_20260115,53771,3316,14400,47.8,7734
TXSD_DELTAE_SWEEP_20260115,53781,3316,14500,48.1,7734
TXSD_DELTAE_SWEEP_20260115,53791,3316,14500,48.1,7734
TXSD_DELTAE_SWEEP_20260115,53801,3316,14500,48.1,7735
TXSD_DELTAE_SWEEP_20260115,53811,3316,14600,48.4,7735
TXSD_DELTAE_SWEEP_20260115,53821,3316,14400,47.8,7735
TXSD_DELTAE_SWEEP_20260115,53831,3316,14400,47.8,7735
TXSD_DELTAE_SWEEP_20260115,53841,3316,14500,48.1,7735
TXSD_DELTAE_SWEEP_20260115,53851,3316,14500,48.1,7735
TXSD_DELTAE_SWEEP_20260115,53861,3316,14400,47.8,7735
TXSD_DELTAE_SWEEP_20260115,53871,3316,14400,47.8,7735
TXSD_DELTAE_SWEEP_20260115,53881,3316,14400,47.8,7735
TXSD_DELTAE_SWEEP_20260115,53891,3316,14400,47.8,7735
TXSD_DELTAE_SWEEP_20260115,53901,3316,14500,48.1,7735
TXSD_DELTAE_SWEEP_20260115,53911,3316,14400,47.8,7735
TXSD_DELTAE_SWEEP_20260115,53921,3316,14400,47.8,7735
TXSD_DELTAE_SWEEP_20260115,53931,3316,14400,47.8,7735
TXSD_DELTAE_SWEEP_20260115,53941,3316,14400,47.8,7735
TXSD_DELTAE_SWEEP_20260115,53951,3316,14400,47.8,7735
TXSD_DELTAE_SWEEP_20260115,53961,3316,14400,47.8,7735
TXSD_DELTAE_SWEEP_20260115,53971,3316,14400,47.8,7735
TXSD_DELTAE_SWEEP_20260115,53981,3316,14500,48.1,7735
TXSD_DELTAE_SWEEP_20260115,53991,3316,14400,47.8,7735
TXSD_DELTAE_SWEEP_20260115,54001,3316,14500,48.1,7735
TXSD_DELTAE_SWEEP_20260115,54011,3316,14400,47.8,7735
TXSD_DELTAE_SWEEP_20260115,54021,3316,14500,48.1,7735
TXSD_DELTAE_SWEEP_20260115,54031,3316,14400,47.8,7735
TXSD_DELTAE_SWEEP_20260115,54041,3316,14500,48.1,7735
TXSD_DELTAE_SWEEP_20260115,54051,3316,14400,47.8,7735
TXSD_DELTAE_SWEEP_20260115,54061,3316,14500,48.1,7735
TXSD_DELTAE_SWEEP_20260115,54071,3316,14500,48.1,7735
TXSD_DELTAE_SWEEP_20260115,54081,3316,14300,47.4,7735
TXSD_DELTAE_SWEEP_20260115,54091,3316,14500,48.1,7735
TXSD_DELTAE_SWEEP_20260115,54101,3316,14400,47.8,7735
TXSD_DELTAE_SWEEP_20260115,54111,3316,14500,48.1,7735
TXSD_DELTAE_SWEEP_20260115,54121,3316,14400,47.8,7735
TXSD_DELTAE_SWEEP_20260115,54131,3316,14400,47.8,7735
TXSD_DELTAE_SWEEP_20260115,54141,3316,14400,47.8,7735
TXSD_DELTAE_SWEEP_20260115,54151,3316,14300,47.4,7735
TXSD_DELTAE_SWEEP_20260115,54161,3316,14400,47.8,7735
TXSD_DELTAE_SWEEP_20260115,54171,3316,14400,47.8,7735
TXSD_DELTAE_SWEEP_20260115,54181,3316,14500,48.1,7735
TXSD_DELTAE_SWEEP_20260115,54191,3316,14400,47.8,7735
TXSD_DELTAE_SWEEP_20260115,54201,3316,14400,47.8,7735
TXSD_DELTAE_SWEEP_20260115,54211,3316,14400,47.8,7735
TXSD_DELTAE_SWEEP_20260115,54221,3316,14400,47.8,7735
TXSD_DELTAE_SWEEP_20260115,54231,3316,14400,47.8,7735
TXSD_DELTAE_SWEEP_20260115,54241,3316,14500,48.1,7735
TXSD_DELTAE_SWEEP_20260115,54251,3316,14400,47.8,7735
TXSD_DELTAE_SWEEP_20260115,54261,3316,14400,47.8,7735
TXSD_DELTAE_SWEEP_20260115,54271,3316,14400,47.8,7735
TXSD_DELTAE_SWEEP_20260115,54281,3316,14400,47.8,7735
TXSD_DELTAE_SWEEP_20260115,54291,3316,14400,47.8,7735
TXSD_DELTAE_SWEEP_20260115,54301,3316,14500,48.1,7735
TXSD_DELTAE_SWEEP_20260115,54311,3316,14400,47.8,7735
TXSD_DELTAE_SWEEP_20260115,54321,3316,14400,47.8,7735
TXSD_DELTAE_SWEEP_20260115,54331,3316,14400,47.8,7735
TXSD_DELTAE_SWEEP_20260115,54341,3316,14400,47.8,7735
TXSD_DELTAE_SWEEP_20260115,54351,3316,14500,48.1,7735
TXSD_DELTAE_SWEEP_20260115,54361,3316,14400,47.8,7735
TXSD_DELTAE_SWEEP_20260115,54371,3316,14500,48.1,7735
TXSD_DELTAE_SWEEP_20260115,54381,3316,14400,47.8,7735
TXSD_DELTAE_SWEEP_20260115,54391,3316,14500,48.1,7735
TXSD_DELTAE_SWEEP_20260115,54401,3312,14500,48.0,7735
TXSD_DELTAE_SWEEP_20260115,54411,3316,14400,47.8,7735
TXSD_DELTAE_SWEEP_20260115,54421,3316,14400,47.8,7735
TXSD_DELTAE_SWEEP_20260115,54431,3316,14500,48.1,7735
TXSD_DELTAE_SWEEP_20260115,54441,3316,14400,47.8,7735
TXSD_DELTAE_SWEEP_20260115,54451,3316,14500,48.1,7735
TXSD_DELTAE_SWEEP_20260115,54461,3316,14400,47.8,7735
TXSD_DELTAE_SWEEP_20260115,54471,3316,14400,47.8,7735
TXSD_DELTAE_SWEEP_20260115,54481,3316,14400,47.8,7735
TXSD_DELTAE_SWEEP_20260115,54491,3316,14400,47.8,7735
TXSD_DELTAE_SWEEP_20260115,54501,3316,14500,48.1,7735
TXSD_DELTAE_SWEEP_20260115,54511,3316,14300,47.4,7735
TXSD_DELTAE_SWEEP_20260115,54521,3316,14500,48.1,7735
TXSD_DELTAE_SWEEP_20260115,54531,3316,14400,47.8,7735
TXSD_DELTAE_SWEEP_20260115,54541,3316,14500,48.1,7735
TXSD_DELTAE_SWEEP_20260115,54551,3316,14400,47.8,7735
TXSD_DELTAE_SWEEP_20260115,54561,3316,14500,48.1,7735
TXSD_DELTAE_SWEEP_20260115,54571,3316,14400,47.8,7735
TXSD_DELTAE_SWEEP_20260115,54581,3316,14400,47.8,7735
TXSD_DELTAE_SWEEP_20260115,54591,3316,14400,47.8,7735
TXSD_DELTAE_SWEEP_20260115,54601,3316,14400,47.8,7735
TXSD_DELTAE_SWEEP_20260115,54611,3316,14400,47.8,7735
TXSD_DELTAE_SWEEP_20260115,54621,3316,14400,47.8,7735
TXSD_DELTAE_SWEEP_20260115,54631,3316,14400,47.8,7735
TXSD_DELTAE_SWEEP_20260115,54641,3316,14400,47.8,7735
TXSD_DELTAE_SWEEP_20260115,54651,3316,14400,47.8,7735
TXSD_DELTAE_SWEEP_20260115,54661,3316,14300,47.4,7735
TXSD_DELTAE_SWEEP_20260115,54671,3316,14500,48.1,7735
TXSD_DELTAE_SWEEP_20260115,54681,3316,14400,47.8,7735
TXSD_DELTAE_SWEEP_20260115,54691,3316,14400,47.8,7735
TXSD_DELTAE_SWEEP_20260115,54701,3316,14500,48.1,7735
TXSD_DELTAE_SWEEP_20260115,54711,3316,14400,47.8,7735
TXSD_DELTAE_SWEEP_20260115,54721,3316,14400,47.8,7735
TXSD_DELTAE_SWEEP_20260115,54731,3316,14500,48.1,7735
TXSD_DELTAE_SWEEP_20260115,54741,3316,14400,47.8,7735
TXSD_DELTAE_SWEEP_20260115,54751,3316,14400,47.8,7735
TXSD_DELTAE_SWEEP_20260115,54761,3316,14400,47.8,7735
TXSD_DELTAE_SWEEP_20260115,54771,3316,14400,47.8,7735
TXSD_DELTAE_SWEEP_20260115,54781,3316,14400,47.8,7735
TXSD_DELTAE_SWEEP_20260115,54791,3316,14500,48.1,7735
TXSD_DELTAE_SWEEP_20260115,54801,3316,14400,47.8,7736
TXSD_DELTAE_SWEEP_20260115,54811,3316,14400,47.8,7736
TXSD_DELTAE_SWEEP_20260115,54821,3316,14500,48.1,7736
TXSD_DELTAE_SWEEP_20260115,54831,3316,14400,47.8,7736
TXSD_DELTAE_SWEEP_20260115,54841,3316,14500,48.1,7736
TXSD_DELTAE_SWEEP_20260115,54851,3316,14400,47.8,7736
TXSD_DELTAE_SWEEP_20260115,54861,3316,14500,48.1,7736
TXSD_DELTAE_SWEEP_20260115,54871,3316,14400,47.8,7736
TXSD_DELTAE_SWEEP_20260115,54881,3316,14500,48.1,7736
TXSD_DELTAE_SWEEP_20260115,54891,3316,14400,47.8,7736
TXSD_DELTAE_SWEEP_20260115,54901,3316,14500,48.1,7736
TXSD_DELTAE_SWEEP_20260115,54911,3316,14400,47.8,7736
TXSD_DELTAE_SWEEP_20260115,54921,3316,14400,47.8,7736
TXSD_DELTAE_SWEEP_20260115,54931,3316,14400,47.8,7736
TXSD_DELTAE_SWEEP_20260115,54941,3316,14400,47.8,7736
TXSD_DELTAE_SWEEP_20260115,54951,3316,14400,47.8,7736
TXSD_DELTAE_SWEEP_20260115,54961,3316,14400,47.8,7736
TXSD_DELTAE_SWEEP_20260115,54971,3316,14400,47.8,7736
TXSD_DELTAE_SWEEP_20260115,54981,3316,14400,47.8,7736
TXSD_DELTAE_SWEEP_20260115,54991,3316,14500,48.1,7736
TXSD_DELTAE_SWEEP_20260115,55001,3316,14400,47.8,7736
TXSD_DELTAE_SWEEP_20260115,55011,3316,14500,48.1,7736
TXSD_DELTAE_SWEEP_20260115,55021,3316,14400,47.8,7736
TXSD_DELTAE_SWEEP_20260115,55031,3316,14400,47.8,7736
TXSD_DELTAE_SWEEP_20260115,55041,3316,14400,47.8,7736
TXSD_DELTAE_SWEEP_20260115,55051,3316,14400,47.8,7736
TXSD_DELTAE_SWEEP_20260115,55061,3316,14400,47.8,7736
TXSD_DELTAE_SWEEP_20260115,55071,3316,14400,47.8,7736
TXSD_DELTAE_SWEEP_20260115,55081,3316,14400,47.8,7736
TXSD_DELTAE_SWEEP_20260115,55091,3316,14500,48.1,7736
TXSD_DELTAE_SWEEP_20260115,55101,3316,14500,48.1,7736
TXSD_DELTAE_SWEEP_20260115,55111,3316,14500,48.1,7736
TXSD_DELTAE_SWEEP_20260115,55121,3316,14500,48.1,7736
TXSD_DELTAE_SWEEP_20260115,55131,3320,14500,48.1,7736
TXSD_DELTAE_SWEEP_20260115,55141,3316,14500,48.1,7736
TXSD_DELTAE_SWEEP_20260115,55151,3316,14400,47.8,7736
TXSD_DELTAE_SWEEP_20260115,55161,3316,14400,47.8,7736
TXSD_DELTAE_SWEEP_20260115,55171,3316,14400,47.8,7736
TXSD_DELTAE_SWEEP_20260115,55181,3316,14400,47.8,7736
TXSD_DELTAE_SWEEP_20260115,55191,3316,14500,48.1,7736
TXSD_DELTAE_SWEEP_20260115,55201,3316,14500,48.1,7736
TXSD_DELTAE_SWEEP_20260115,55211,3316,14400,47.8,7736
TXSD_DELTAE_SWEEP_20260115,55221,3316,14400,47.8,7736
TXSD_DELTAE_SWEEP_20260115,55231,3316,14400,47.8,7736
TXSD_DELTAE_SWEEP_20260115,55241,3316,14400,47.8,7736
TXSD_DELTAE_SWEEP_20260115,55251,3316,14400,47.8,7736
TXSD_DELTAE_SWEEP_20260115,55261,3316,14400,47.8,7736
TXSD_DELTAE_SWEEP_20260115,55271,3316,14400,47.8,7736
TXSD_DELTAE_SWEEP_20260115,55281,3316,14400,47.8,7736
TXSD_DELTAE_SWEEP_20260115,55291,3316,14500,48.1,7736
TXSD_DELTAE_SWEEP_20260115,55301,3316,14500,48.1,7736
TXSD_DELTAE_SWEEP_20260115,55311,3316,14400,47.8,7736
TXSD_DELTAE_SWEEP_20260115,55321,3316,14500,48.1,7736
TXSD_DELTAE_SWEEP_20260115,55331,3316,14400,47.8,7736
TXSD_DELTAE_SWEEP_20260115,55341,3316,14500,48.1,7736
TXSD_DELTAE_SWEEP_20260115,55351,3316,14400,47.8,7736
TXSD_DELTAE_SWEEP_20260115,55361,3316,14400,47.8,7736
TXSD_DELTAE_SWEEP_20260115,55371,3316,14400,47.8,7736
TXSD_DELTAE_SWEEP_20260115,55381,3316,14500,48.1,7736
TXSD_DELTAE_SWEEP_20260115,55391,3316,14400,47.8,7736
TXSD_DELTAE_SWEEP_20260115,55401,3316,14500,48.1,7736
TXSD_DELTAE_SWEEP_20260115,55411,3316,14400,47.8,7736
TXSD_DELTAE_SWEEP_20260115,55421,3316,14500,48.1,7736
TXSD_DELTAE_SWEEP_20260115,55431,3316,14500,48.1,7736
TXSD_DELTAE_SWEEP_20260115,55441,3316,14500,48.1,7736
TXSD_DELTAE_SWEEP_20260115,55451,3316,14400,47.8,7736
TXSD_DELTAE_SWEEP_20260115,55461,3316,14400,47.8,7736
TXSD_DELTAE_SWEEP_20260115,55471,3316,14500,48.1,7736
TXSD_DELTAE_SWEEP_20260115,55481,3316,14400,47.8,7736
TXSD_DELTAE_SWEEP_20260115,55491,3316,14400,47.8,7736
TXSD_DELTAE_SWEEP_20260115,55501,3316,14400,47.8,7736
TXSD_DELTAE_SWEEP_20260115,55511,3316,14500,48.1,7736
TXSD_DELTAE_SWEEP_20260115,55521,3316,14400,47.8,7736
TXSD_DELTAE_SWEEP_20260115,55531,3316,14500,48.1,7736
TXSD_DELTAE_SWEEP_20260115,55541,3316,14400,47.8,7736
TXSD_DELTAE_SWEEP_20260115,55551,3316,14400,47.8,7736
TXSD_DELTAE_SWEEP_20260115,55561,3316,14400,47.8,7736
TXSD_DELTAE_SWEEP_20260115,55571,3312,14500,48.0,7736
TXSD_DELTAE_SWEEP_20260115,55581,3316,14400,47.8,7736
TXSD_DELTAE_SWEEP_20260115,55591,3316,14500,48.1,7736
TXSD_DELTAE_SWEEP_20260115,55601,3316,14500,48.1,7736
TXSD_DELTAE_SWEEP_20260115,55611,3316,14400,47.8,7736
TXSD_DELTAE_SWEEP_20260115,55621,3316,14400,47.8,7736
TXSD_DELTAE_SWEEP_20260115,55631,3316,14400,47.8,7736
TXSD_DELTAE_SWEEP_20260115,55641,3316,14500,48.1,7736
TXSD_DELTAE_SWEEP_20260115,55651,3316,14400,47.8,7736
TXSD_DELTAE_SWEEP_20260115,55661,3316,14400,47.8,7736
TXSD_DELTAE_SWEEP_20260115,55671,3316,14500,48.1,7736
TXSD_DELTAE_SWEEP_20260115,55681,3316,14400,47.8,7736
TXSD_DELTAE_SWEEP_20260115,55691,3316,14400,47.8,7736
TXSD_DELTAE_SWEEP_20260115,55701,3316,14500,48.1,7736
TXSD_DELTAE_SWEEP_20260115,55711,3316,14400,47.8,7736
TXSD_DELTAE_SWEEP_20260115,55721,3316,14400,47.8,7736
TXSD_DELTAE_SWEEP_20260115,55731,3316,14300,47.4,7736
TXSD_DELTAE_SWEEP_20260115,55741,3316,14500,48.1,7736
TXSD_DELTAE_SWEEP_20260115,55751,3316,14500,48.1,7736
TXSD_DELTAE_SWEEP_20260115,55761,3316,14500,48.1,7736
TXSD_DELTAE_SWEEP_20260115,55771,3316,14400,47.8,7736
TXSD_DELTAE_SWEEP_20260115,55781,3316,14400,47.8,7736
TXSD_DELTAE_SWEEP_20260115,55791,3316,14500,48.1,7736
TXSD_DELTAE_SWEEP_20260115,55801,3316,14400,47.8,7737
TXSD_DELTAE_SWEEP_20260115,55811,3316,14500,48.1,7737
TXSD_DELTAE_SWEEP_20260115,55821,3316,14500,48.1,7737
TXSD_DELTAE_SWEEP_20260115,55831,3316,14500,48.1,7737
TXSD_DELTAE_SWEEP_20260115,55841,3316,14400,47.8,7737
TXSD_DELTAE_SWEEP_20260115,55851,3316,14500,48.1,7737
TXSD_DELTAE_SWEEP_20260115,55861,3316,14500,48.1,7737
TXSD_DELTAE_SWEEP_20260115,55871,3316,14500,48.1,7737
TXSD_DELTAE_SWEEP_20260115,55881,3316,14400,47.8,7737
TXSD_DELTAE_SWEEP_20260115,55891,3316,14400,47.8,7737
TXSD_DELTAE_SWEEP_20260115,55901,3316,14400,47.8,7737
TXSD_DELTAE_SWEEP_20260115,55911,3316,14400,47.8,7737
TXSD_DELTAE_SWEEP_20260115,55921,3316,14500,48.1,7737
TXSD_DELTAE_SWEEP_20260115,55931,3316,14500,48.1,7737
TXSD_DELTAE_SWEEP_20260115,55941,3316,14500,48.1,7737
TXSD_DELTAE_SWEEP_20260115,55951,3316,14500,48.1,7737
TXSD_DELTAE_SWEEP_20260115,55961,3316,14400,47.8,7737
TXSD_DELTAE_SWEEP_20260115,55971,3316,14500,48.1,7737
TXSD_DELTAE_SWEEP_20260115,55981,3316,14500,48.1,7737
TXSD_DELTAE_SWEEP_20260115,55991,3316,14400,47.8,7737
TXSD_DELTAE_SWEEP_20260115,56001,3316,14500,48.1,7737
TXSD_DELTAE_SWEEP_20260115,56011,3316,14400,47.8,7737
TXSD_DELTAE_SWEEP_20260115,56021,3316,14500,48.1,7737
TXSD_DELTAE_SWEEP_20260115,56031,3316,14400,47.8,7737
TXSD_DELTAE_SWEEP_20260115,56041,3316,14400,47.8,7737
TXSD_DELTAE_SWEEP_20260115,56051,3316,14600,48.4,7737
TXSD_DELTAE_SWEEP_20260115,56061,3316,14400,47.8,7737
TXSD_DELTAE_SWEEP_20260115,56071,3316,14500,48.1,7737
TXSD_DELTAE_SWEEP_20260115,56081,3316,14400,47.8,7737
TXSD_DELTAE_SWEEP_20260115,56091,3316,14500,48.1,7737
TXSD_DELTAE_SWEEP_20260115,56101,3316,14400,47.8,7737
TXSD_DELTAE_SWEEP_20260115,56111,3312,14500,48.0,7737
TXSD_DELTAE_SWEEP_20260115,56121,3316,14400,47.8,7737
TXSD_DELTAE_SWEEP_20260115,56131,3316,14500,48.1,7737
TXSD_DELTAE_SWEEP_20260115,56141,3316,14600,48.4,7737
TXSD_DELTAE_SWEEP_20260115,56151,3316,14400,47.8,7737
TXSD_DELTAE_SWEEP_20260115,56161,3316,14400,47.8,7737
TXSD_DELTAE_SWEEP_20260115,56171,3316,14600,48.4,7737
TXSD_DELTAE_SWEEP_20260115,56181,3316,14500,48.1,7737
TXSD_DELTAE_SWEEP_20260115,56191,3316,14500,48.1,7737
TXSD_DELTAE_SWEEP_20260115,56201,3316,14400,47.8,7737
TXSD_DELTAE_SWEEP_20260115,56211,3316,14500,48.1,7737
TXSD_DELTAE_SWEEP_20260115,56221,3316,14400,47.8,7737
TXSD_DELTAE_SWEEP_20260115,56231,3316,14400,47.8,7737
TXSD_DELTAE_SWEEP_20260115,56241,3316,14500,48.1,7737
TXSD_DELTAE_SWEEP_20260115,56251,3316,14300,47.4,7737
TXSD_DELTAE_SWEEP_20260115,56261,3316,14500,48.1,7737
TXSD_DELTAE_SWEEP_20260115,56271,3320,14500,48.1,7737
TXSD_DELTAE_SWEEP_20260115,56281,3316,14500,48.1,7737
TXSD_DELTAE_SWEEP_20260115,56291,3316,14400,47.8,7737
TXSD_DELTAE_SWEEP_20260115,56301,3316,14500,48.1,7737
TXSD_DELTAE_SWEEP_20260115,56311,3316,14400,47.8,7737
TXSD_DELTAE_SWEEP_20260115,56321,3316,14500,48.1,7737
TXSD_DELTAE_SWEEP_20260115,56331,3316,14400,47.8,7737
TXSD_DELTAE_SWEEP_20260115,56341,3316,14400,47.8,7737
TXSD_DELTAE_SWEEP_20260115,56351,3316,14400,47.8,7737
TXSD_DELTAE_SWEEP_20260115,56361,3316,14400,47.8,7737
TXSD_DELTAE_SWEEP_20260115,56371,3316,14600,48.4,7737
TXSD_DELTAE_SWEEP_20260115,56381,3316,14500,48.1,7737
TXSD_DELTAE_SWEEP_20260115,56391,3316,14500,48.1,7737
TXSD_DELTAE_SWEEP_20260115,56401,3316,14400,47.8,7737
TXSD_DELTAE_SWEEP_20260115,56411,3316,14500,48.1,7737
TXSD_DELTAE_SWEEP_20260115,56421,3316,14400,47.8,7737
TXSD_DELTAE_SWEEP_20260115,56431,3316,14500,48.1,7737
TXSD_DELTAE_SWEEP_20260115,56441,3316,14400,47.8,7737
TXSD_DELTAE_SWEEP_20260115,56451,3316,14400,47.8,7737
TXSD_DELTAE_SWEEP_20260115,56461,3316,14400,47.8,7737
TXSD_DELTAE_SWEEP_20260115,56471,3316,14500,48.1,7737
TXSD_DELTAE_SWEEP_20260115,56481,3316,14400,47.8,7737
TXSD_DELTAE_SWEEP_20260115,56491,3316,14400,47.8,7737
TXSD_DELTAE_SWEEP_20260115,56501,3316,14400,47.8,7737
TXSD_DELTAE_SWEEP_20260115,56511,3316,14400,47.8,7737
TXSD_DELTAE_SWEEP_20260115,56521,3316,14500,48.1,7737
TXSD_DELTAE_SWEEP_20260115,56531,3316,14400,47.8,7737
TXSD_DELTAE_SWEEP_20260115,56541,3316,14500,48.1,7737
TXSD_DELTAE_SWEEP_20260115,56551,3316,14400,47.8,7737
TXSD_DELTAE_SWEEP_20260115,56561,3316,14500,48.1,7737
TXSD_DELTAE_SWEEP_20260115,56571,3316,14400,47.8,7737
TXSD_DELTAE_SWEEP_20260115,56581,3316,14500,48.1,7737
TXSD_DELTAE_SWEEP_20260115,56591,3316,14500,48.1,7737
TXSD_DELTAE_SWEEP_20260115,56601,3316,14400,47.8,7737
TXSD_DELTAE_SWEEP_20260115,56611,3316,14400,47.8,7737
TXSD_DELTAE_SWEEP_20260115,56621,3316,14500,48.1,7737
TXSD_DELTAE_SWEEP_20260115,56631,3316,14400,47.8,7737
TXSD_DELTAE_SWEEP_20260115,56641,3316,14500,48.1,7737
TXSD_DELTAE_SWEEP_20260115,56651,3316,14400,47.8,7737
TXSD_DELTAE_SWEEP_20260115,56661,3316,14400,47.8,7737
TXSD_DELTAE_SWEEP_20260115,56671,3316,14500,48.1,7737
TXSD_DELTAE_SWEEP_20260115,56681,3316,14500,48.1,7737
TXSD_DELTAE_SWEEP_20260115,56691,3316,14500,48.1,7737
TXSD_DELTAE_SWEEP_20260115,56701,3316,14400,47.8,7737
TXSD_DELTAE_SWEEP_20260115,56711,3316,14500,48.1,7737
TXSD_DELTAE_SWEEP_20260115,56721,3316,14500,48.1,7737
TXSD_DELTAE_SWEEP_20260115,56731,3316,14500,48.1,7737
TXSD_DELTAE_SWEEP_20260115,56741,3316,14400,47.8,7737
TXSD_DELTAE_SWEEP_20260115,56751,3316,14400,47.8,7737
TXSD_DELTAE_SWEEP_20260115,56761,3316,14400,47.8,7737
TXSD_DELTAE_SWEEP_20260115,56771,3316,14500,48.1,7737
TXSD_DELTAE_SWEEP_20260115,56781,3316,14400,47.8,7737
TXSD_DELTAE_SWEEP_20260115,56791,3316,14400,47.8,7737
TXSD_DELTAE_SWEEP_20260115,56801,3316,14400,47.8,7738
TXSD_DELTAE_SWEEP_20260115,56811,3316,14400,47.8,7738
TXSD_DELTAE_SWEEP_20260115,56821,3316,14400,47.8,7738
TXSD_DELTAE_SWEEP_20260115,56831,3316,14400,47.8,7738
TXSD_DELTAE_SWEEP_20260115,56841,3316,14500,48.1,7738
TXSD_DELTAE_SWEEP_20260115,56851,3316,14400,47.8,7738
TXSD_DELTAE_SWEEP_20260115,56861,3316,14500,48.1,7738
TXSD_DELTAE_SWEEP_20260115,56871,3316,14400,47.8,7738
TXSD_DELTAE_SWEEP_20260115,56881,3316,14500,48.1,7738
TXSD_DELTAE_SWEEP_20260115,56891,3316,14500,48.1,7738
TXSD_DELTAE_SWEEP_20260115,56901,3316,14400,47.8,7738
TXSD_DELTAE_SWEEP_20260115,56911,3316,14500,48.1,7738
TXSD_DELTAE_SWEEP_20260115,56921,3316,14500,48.1,7738
TXSD_DELTAE_SWEEP_20260115,56931,3316,14400,47.8,7738
TXSD_DELTAE_SWEEP_20260115,56941,3316,14400,47.8,7738
TXSD_DELTAE_SWEEP_20260115,56951,3316,14500,48.1,7738
TXSD_DELTAE_SWEEP_20260115,56961,3316,14400,47.8,7738
TXSD_DELTAE_SWEEP_20260115,56971,3316,14500,48.1,7738
TXSD_DELTAE_SWEEP_20260115,56981,3316,14400,47.8,7738
TXSD_DELTAE_SWEEP_20260115,56991,3316,14500,48.1,7738
TXSD_DELTAE_SWEEP_20260115,57001,3316,14500,48.1,7738
TXSD_DELTAE_SWEEP_20260115,57011,3316,14500,48.1,7738
TXSD_DELTAE_SWEEP_20260115,57021,3316,14400,47.8,7738
TXSD_DELTAE_SWEEP_20260115,57031,3312,14500,48.0,7738
TXSD_DELTAE_SWEEP_20260115,57041,3316,14500,48.1,7738
TXSD_DELTAE_SWEEP_20260115,57051,3316,14400,47.8,7738
TXSD_DELTAE_SWEEP_20260115,57061,3316,14500,48.1,7738
TXSD_DELTAE_SWEEP_20260115,57071,3316,14400,47.8,7738
TXSD_DELTAE_SWEEP_20260115,57081,3316,14500,48.1,7738
TXSD_DELTAE_SWEEP_20260115,57091,3316,14400,47.8,7738
TXSD_DELTAE_SWEEP_20260115,57101,3316,14400,47.8,7738
TXSD_DELTAE_SWEEP_20260115,57111,3316,14400,47.8,7738
TXSD_DELTAE_SWEEP_20260115,57121,3316,14500,48.1,7738
TXSD_DELTAE_SWEEP_20260115,57131,3316,14400,47.8,7738
TXSD_DELTAE_SWEEP_20260115,57141,3316,14500,48.1,7738
TXSD_DELTAE_SWEEP_20260115,57151,3316,14500,48.1,7738
TXSD_DELTAE_SWEEP_20260115,57161,3316,14400,47.8,7738
TXSD_DELTAE_SWEEP_20260115,57171,3316,14400,47.8,7738
TXSD_DELTAE_SWEEP_20260115,57181,3316,14300,47.4,7738
TXSD_DELTAE_SWEEP_20260115,57191,3316,14400,47.8,7738
TXSD_DELTAE_SWEEP_20260115,57201,3316,14400,47.8,7738
TXSD_DELTAE_SWEEP_20260115,57211,3316,14400,47.8,7738
TXSD_DELTAE_SWEEP_20260115,57221,3316,14400,47.8,7738
TXSD_DELTAE_SWEEP_20260115,57231,3316,14400,47.8,7738
TXSD_DELTAE_SWEEP_20260115,57241,3316,14400,47.8,7738
TXSD_DELTAE_SWEEP_20260115,57251,3316,14500,48.1,7738
TXSD_DELTAE_SWEEP_20260115,57261,3316,14400,47.8,7738
TXSD_DELTAE_SWEEP_20260115,57271,3316,14500,48.1,7738
TXSD_DELTAE_SWEEP_20260115,57281,3316,14400,47.8,7738
TXSD_DELTAE_SWEEP_20260115,57291,3316,14500,48.1,7738
TXSD_DELTAE_SWEEP_20260115,57301,3316,14500,48.1,7738
TXSD_DELTAE_SWEEP_20260115,57311,3316,14400,47.8,7738
TXSD_DELTAE_SWEEP_20260115,57321,3316,14500,48.1,7738
TXSD_DELTAE_SWEEP_20260115,57331,3316,14500,48.1,7738
TXSD_DELTAE_SWEEP_20260115,57341,3316,14500,48.1,7738
TXSD_DELTAE_SWEEP_20260115,57351,3316,14400,47.8,7738
TXSD_DELTAE_SWEEP_20260115,57361,3316,14500,48.1,7738
TXSD_DELTAE_SWEEP_20260115,57371,3316,14500,48.1,7738
TXSD_DELTAE_SWEEP_20260115,57381,3316,14400,47.8,7738
TXSD_DELTAE_SWEEP_20260115,57391,3316,14400,47.8,7738
TXSD_DELTAE_SWEEP_20260115,57401,3316,14500,48.1,7738
TXSD_DELTAE_SWEEP_20260115,57411,3316,14400,47.8,7738
TXSD_DELTAE_SWEEP_20260115,57421,3316,14500,48.1,7738
TXSD_DELTAE_SWEEP_20260115,57431,3316,14500,48.1,7738
TXSD_DELTAE_SWEEP_20260115,57441,3316,14500,48.1,7738
TXSD_DELTAE_SWEEP_20260115,57451,3316,14500,48.1,7738
TXSD_DELTAE_SWEEP_20260115,57461,3316,14500,48.1,7738
TXSD_DELTAE_SWEEP_20260115,57471,3316,14500,48.1,7738
TXSD_DELTAE_SWEEP_20260115,57481,3316,14400,47.8,7738
TXSD_DELTAE_SWEEP_20260115,57491,3316,14400,47.8,7738
TXSD_DELTAE_SWEEP_20260115,57501,3316,14400,47.8,7738
TXSD_DELTAE_SWEEP_20260115,57511,3316,14400,47.8,7738
TXSD_DELTAE_SWEEP_20260115,57521,3316,14500,48.1,7738
TXSD_DELTAE_SWEEP_20260115,57531,3316,14500,48.1,7738
TXSD_DELTAE_SWEEP_20260115,57541,3316,14400,47.8,7738
TXSD_DELTAE_SWEEP_20260115,57551,3316,14500,48.1,7738
TXSD_DELTAE_SWEEP_20260115,57561,3316,14500,48.1,7738
TXSD_DELTAE_SWEEP_20260115,57571,3316,14500,48.1,7738
TXSD_DELTAE_SWEEP_20260115,57581,3316,14500,48.1,7738
TXSD_DELTAE_SWEEP_20260115,57591,3316,14500,48.1,7738
TXSD_DELTAE_SWEEP_20260115,57601,3316,14500,48.1,7738
TXSD_DELTAE_SWEEP_20260115,57611,3316,14400,47.8,7738
TXSD_DELTAE_SWEEP_20260115,57621,3316,14500,48.1,7738
TXSD_DELTAE_SWEEP_20260115,57631,3316,14400,47.8,7738
TXSD_DELTAE_SWEEP_20260115,57641,3316,14500,48.1,7738
TXSD_DELTAE_SWEEP_20260115,57651,3316,14400,47.8,7738
TXSD_DELTAE_SWEEP_20260115,57661,3316,14500,48.1,7738
TXSD_DELTAE_SWEEP_20260115,57671,3316,14400,47.8,7738
TXSD_DELTAE_SWEEP_20260115,57681,3316,14500,48.1,7738
TXSD_DELTAE_SWEEP_20260115,57691,3316,14500,48.1,7738
TXSD_DELTAE_SWEEP_20260115,57701,3316,14400,47.8,7738
TXSD_DELTAE_SWEEP_20260115,57711,3316,14400,47.8,7738
TXSD_DELTAE_SWEEP_20260115,57721,3316,14500,48.1,7738
TXSD_DELTAE_SWEEP_20260115,57731,3316,14400,47.8,7738
TXSD_DELTAE_SWEEP_20260115,57741,3316,14500,48.1,7738
TXSD_DELTAE_SWEEP_20260115,57751,3316,14400,47.8,7738
TXSD_DELTAE_SWEEP_20260115,57761,3316,14400,47.8,7738
TXSD_DELTAE_SWEEP_20260115,57771,3316,14500,48.1,7738
TXSD_DELTAE_SWEEP_20260115,57781,3316,14400,47.8,7738
TXSD_DELTAE_SWEEP_20260115,57791,3316,14500,48.1,7738
TXSD_DELTAE_SWEEP_20260115,57801,3316,14400,47.8,7739
TXSD_DELTAE_SWEEP_20260115,57811,3316,14400,47.8,7739
TXSD_DELTAE_SWEEP_20260115,57821,3316,14400,47.8,7739
TXSD_DELTAE_SWEEP_20260115,57831,3316,14500,48.1,7739
TXSD_DELTAE_SWEEP_20260115,57841,3316,14400,47.8,7739
TXSD_DELTAE_SWEEP_20260115,57851,3312,14500,48.0,7739
TXSD_DELTAE_SWEEP_20260115,57861,3316,14400,47.8,7739
TXSD_DELTAE_SWEEP_20260115,57871,3316,14500,48.1,7739
TXSD_DELTAE_SWEEP_20260115,57881,3316,14500,48.1,7739
TXSD_DELTAE_SWEEP_20260115,57891,3316,14500,48.1,7739
TXSD_DELTAE_SWEEP_20260115,57901,3316,14500,48.1,7739
TXSD_DELTAE_SWEEP_20260115,57911,3316,14500,48.1,7739
TXSD_DELTAE_SWEEP_20260115,57921,3316,14400,47.8,7739
TXSD_DELTAE_SWEEP_20260115,57931,3316,14500,48.1,7739
TXSD_DELTAE_SWEEP_20260115,57941,3316,14500,48.1,7739
TXSD_DELTAE_SWEEP_20260115,57951,3316,14500,48.1,7739
TXSD_DELTAE_SWEEP_20260115,57961,3316,14500,48.1,7739
TXSD_DELTAE_SWEEP_20260115,57971,3316,14500,48.1,7739
TXSD_DELTAE_SWEEP_20260115,57981,3316,14400,47.8,7739
TXSD_DELTAE_SWEEP_20260115,57991,3316,14500,48.1,7739
TXSD_DELTAE_SWEEP_20260115,58001,3316,14500,48.1,7739
TXSD_DELTAE_SWEEP_20260115,58011,3316,14400,47.8,7739
TXSD_DELTAE_SWEEP_20260115,58021,3316,14500,48.1,7739
TXSD_DELTAE_SWEEP_20260115,58031,3316,14400,47.8,7739
TXSD_DELTAE_SWEEP_20260115,58041,3316,14500,48.1,7739
TXSD_DELTAE_SWEEP_20260115,58051,3316,14400,47.8,7739
TXSD_DELTAE_SWEEP_20260115,58061,3316,14400,47.8,7739
TXSD_DELTAE_SWEEP_20260115,58071,3312,14500,48.0,7739
TXSD_DELTAE_SWEEP_20260115,58081,3316,14500,48.1,7739
TXSD_DELTAE_SWEEP_20260115,58091,3316,14400,47.8,7739
TXSD_DELTAE_SWEEP_20260115,58101,3316,14500,48.1,7739
TXSD_DELTAE_SWEEP_20260115,58111,3316,14400,47.8,7739
TXSD_DELTAE_SWEEP_20260115,58121,3316,14500,48.1,7739
TXSD_DELTAE_SWEEP_20260115,58131,3316,14500,48.1,7739
TXSD_DELTAE_SWEEP_20260115,58141,3316,14400,47.8,7739
TXSD_DELTAE_SWEEP_20260115,58151,3316,14600,48.4,7739
TXSD_DELTAE_SWEEP_20260115,58161,3316,14500,48.1,7739
TXSD_DELTAE_SWEEP_20260115,58171,3316,14500,48.1,7739
TXSD_DELTAE_SWEEP_20260115,58181,3316,14400,47.8,7739
TXSD_DELTAE_SWEEP_20260115,58191,3316,14500,48.1,7739
TXSD_DELTAE_SWEEP_20260115,58201,3316,14500,48.1,7739
TXSD_DELTAE_SWEEP_20260115,58211,3316,14400,47.8,7739
TXSD_DELTAE_SWEEP_20260115,58221,3316,14500,48.1,7739
TXSD_DELTAE_SWEEP_20260115,58231,3316,14400,47.8,7739
TXSD_DELTAE_SWEEP_20260115,58241,3316,14500,48.1,7739
TXSD_DELTAE_SWEEP_20260115,58251,3316,14300,47.4,7739
TXSD_DELTAE_SWEEP_20260115,58261,3316,14500,48.1,7739
TXSD_DELTAE_SWEEP_20260115,58271,3316,14500,48.1,7739
TXSD_DELTAE_SWEEP_20260115,58281,3316,14600,48.4,7739
TXSD_DELTAE_SWEEP_20260115,58291,3316,14500,48.1,7739
TXSD_DELTAE_SWEEP_20260115,58301,3316,14400,47.8,7739
TXSD_DELTAE_SWEEP_20260115,58311,3316,14400,47.8,7739
TXSD_DELTAE_SWEEP_20260115,58321,3316,14500,48.1,7739
TXSD_DELTAE_SWEEP_20260115,58331,3316,14400,47.8,7739
TXSD_DELTAE_SWEEP_20260115,58341,3316,14500,48.1,7739
TXSD_DELTAE_SWEEP_20260115,58351,3316,14400,47.8,7739
TXSD_DELTAE_SWEEP_20260115,58361,3316,14400,47.8,7739
TXSD_DELTAE_SWEEP_20260115,58371,3316,14400,47.8,7739
TXSD_DELTAE_SWEEP_20260115,58381,3316,14400,47.8,7739
TXSD_DELTAE_SWEEP_20260115,58391,3316,14400,47.8,7739
TXSD_DELTAE_SWEEP_20260115,58401,3316,14400,47.8,7739
TXSD_DELTAE_SWEEP_20260115,58411,3316,14400,47.8,7739
TXSD_DELTAE_SWEEP_20260115,58421,3316,14500,48.1,7739
TXSD_DELTAE_SWEEP_20260115,58431,3316,14600,48.4,7739
TXSD_DELTAE_SWEEP_20260115,58441,3316,14400,47.8,7739
TXSD_DELTAE_SWEEP_20260115,58451,3316,14500,48.1,7739
TXSD_DELTAE_SWEEP_20260115,58461,3316,14400,47.8,7739
TXSD_DELTAE_SWEEP_20260115,58471,3316,14500,48.1,7739
TXSD_DELTAE_SWEEP_20260115,58481,3316,14500,48.1,7739
TXSD_DELTAE_SWEEP_20260115,58491,3316,14500,48.1,7739
TXSD_DELTAE_SWEEP_20260115,58501,3316,14400,47.8,7739
TXSD_DELTAE_SWEEP_20260115,58511,3316,14400,47.8,7739
TXSD_DELTAE_SWEEP_20260115,58521,3316,14500,48.1,7739
TXSD_DELTAE_SWEEP_20260115,58531,3316,14400,47.8,7739
TXSD_DELTAE_SWEEP_20260115,58541,3316,14500,48.1,7739
TXSD_DELTAE_SWEEP_20260115,58551,3316,14400,47.8,7739
TXSD_DELTAE_SWEEP_20260115,58561,3316,14500,48.1,7739
TXSD_DELTAE_SWEEP_20260115,58571,3316,14400,47.8,7739
TXSD_DELTAE_SWEEP_20260115,58581,3316,14500,48.1,7739
TXSD_DELTAE_SWEEP_20260115,58591,3316,14400,47.8,7739
TXSD_DELTAE_SWEEP_20260115,58601,3316,14400,47.8,7739
TXSD_DELTAE_SWEEP_20260115,58611,3316,14400,47.8,7739
TXSD_DELTAE_SWEEP_20260115,58621,3316,14500,48.1,7739
TXSD_DELTAE_SWEEP_20260115,58631,3316,14500,48.1,7739
TXSD_DELTAE_SWEEP_20260115,58641,3316,14400,47.8,7739
TXSD_DELTAE_SWEEP_20260115,58651,3316,14500,48.1,7739
TXSD_DELTAE_SWEEP_20260115,58661,3316,14400,47.8,7739
TXSD_DELTAE_SWEEP_20260115,58671,3316,14500,48.1,7739
TXSD_DELTAE_SWEEP_20260115,58681,3316,14500,48.1,7739
TXSD_DELTAE_SWEEP_20260115,58691,3316,14500,48.1,7739
TXSD_DELTAE_SWEEP_20260115,58701,3316,14400,47.8,7739
TXSD_DELTAE_SWEEP_20260115,58711,3316,14500,48.1,7739
TXSD_DELTAE_SWEEP_20260115,58721,3316,14500,48.1,7739
TXSD_DELTAE_SWEEP_20260115,58731,3316,14500,48.1,7739
TXSD_DELTAE_SWEEP_20260115,58741,3316,14400,47.8,7739
TXSD_DELTAE_SWEEP_20260115,58751,3316,14500,48.1,7739
TXSD_DELTAE_SWEEP_20260115,58761,3316,14400,47.8,7739
TXSD_DELTAE_SWEEP_20260115,58771,3316,14400,47.8,7739
TXSD_DELTAE_SWEEP_20260115,58781,3316,14400,47.8,7739
TXSD_DELTAE_SWEEP_20260115,58791,3316,14400,47.8,7739
TXSD_DELTAE_SWEEP_20260115,58801,3316,14400,47.8,7740
TXSD_DELTAE_SWEEP_20260115,58811,3316,14500,48.1,7740
TXSD_DELTAE_SWEEP_20260115,58821,3316,14400,47.8,7740
TXSD_DELTAE_SWEEP_20260115,58831,3316,14400,47.8,7740
TXSD_DELTAE_SWEEP_20260115,58841,3316,14500,48.1,7740
TXSD_DELTAE_SWEEP_20260115,58851,3316,14400,47.8,7740
TXSD_DELTAE_SWEEP_20260115,58861,3316,14500,48.1,7740
TXSD_DELTAE_SWEEP_20260115,58871,3316,14400,47.8,7740
TXSD_DELTAE_SWEEP_20260115,58881,3316,14500,48.1,7740
TXSD_DELTAE_SWEEP_20260115,58891,3316,14400,47.8,7740
# summary, ms_total=58896, adv_count=60, E_total_mJ=2817.867, E_per_adv_uJ=46964.5
# diag, samples=5889, rate_hz=99.99, mean_v=3.316, mean_i_mA=14.429, mean_p_mW=47.8, parse_drop=0
